3396.8781
2807.9151
2181.1759
1740.3359
1520.2597
1307.2251
1191.7536
984.43455
920.93173
854.67015
733.8721
704.24377
683.18873
667.47618
623.60664
592.98604
541.51473
536.18382
528.79347
502.45003
502.45003
479.08437
479.08437
449.63002
437.0217
428.05093
422.26421
419.8261
419.8261
419.8261
419.8261
375.45058
375.45058
375.45058
375.45058
375.45058
375.45058
375.45058
375.45058
375.45058
375.45058
375.45058
375.45058
375.45058
375.45058
375.45058
285.53862
285.53862
285.53862
285.53862
285.53862
285.53862
285.53862
257.38214
257.38214
257.38214
257.38214
257.38214
257.38214
257.38214
257.38214
257.38214
257.38214
257.38214
257.38214
257.38214
252.04386
252.04386
252.04386
252.04386
241.85913
241.85913
241.85913
241.85913
241.85913
241.85913
241.85913
241.85913
241.85913
241.85913
241.85913
241.85913
241.85913
241.85913
241.85913
241.85913
241.85913
241.85913
241.85913
241.85913
241.85913
241.85913
241.85913
241.85913
241.85913
241.85913
241.85913
241.85913
241.85913
241.85913
