0.487516   -0.478371   0.499064
-0.326216   -0.32924   0.483738
-0.48471   -0.340352   -0.319405
-0.348448   0.495944   -0.345584
-0.174407   0.499846   0.472133
-0.00527373   -0.321611   0.493531
-0.165214   -0.333482   -0.321381
0.00381863   -0.486747   -0.357594
0.17992   -0.492001   0.491081
0.315131   -0.317389   0.469877
0.162484   -0.330517   -0.33502
0.32523   -0.484899   -0.33753
0.49919   -0.185596   0.495353
-0.323118   -0.0164193   0.490016
0.497103   -0.00734871   -0.313437
-0.313927   -0.161735   -0.339472
-0.161419   -0.166933   0.48046
-0.0244709   0.00676306   -0.496584
-0.175349   0.0131269   -0.330893
-0.00208335   -0.17186   -0.335599
0.164683   -0.161909   0.493473
0.329731   0.00894252   0.481135
0.154814   0.0145872   -0.333912
0.335846   -0.171965   -0.349095
-0.489325   0.142063   0.499
-0.351373   0.334206   0.479262
-0.499907   0.33954   -0.352224
-0.332285   0.158864   -0.336962
-0.186034   0.175057   -0.499837
0.0139604   0.350464   0.486766
-0.162774   0.331878   -0.341047
-0.0126902   0.18038   -0.327811
0.144766   0.166456   -0.488259
0.33931   0.324603   0.49256
0.159285   0.339118   -0.341977
0.338403   0.160734   -0.331683
-0.495339   0.491712   -0.159694
-0.321818   -0.351058   -0.162902
-0.49847   -0.331265   0.000305401
-0.329056   0.480717   -0.00514862
-0.162233   0.497129   -0.164784
0.0143673   -0.355583   -0.163288
-0.162694   -0.339246   -0.000200609
0.00147822   0.496632   -0.0040379
0.167633   0.49359   -0.186415
0.336713   -0.350507   -0.166626
0.190668   -0.344931   -0.00346101
0.324018   0.487476   -0.0117807
-0.474966   -0.174363   -0.167259
-0.328075   -0.0163394   -0.16351
0.488816   -0.00142156   3.52851e-05
-0.337447   -0.188801   0.013447
-0.162353   -0.174579   -0.154587
-0.013334   -0.0135325   -0.177491
-0.170746   -0.0161496   -0.00253916
-0.00169167   -0.174484   -0.006941
0.17284   -0.15694   -0.179595
0.325878   -0.0047917   -0.151564
0.156861   -0.0083991   0.0116749
0.331294   -0.169425   0.0179502
-0.484529   0.159943   -0.166197
-0.33503   0.333831   -0.178191
-0.488251   0.31405   0.0119931
-0.334015   0.150875   0.00517694
-0.178953   0.175147   -0.16765
0.00607835   0.320274   -0.167537
-0.163761   0.324834   0.00116666
0.00274087   0.15956   -0.00453384
0.176451   0.165936   -0.169634
0.34564   0.33793   -0.182773
0.167967   0.332991   -0.00265775
0.341262   0.168776   -0.00431578
0.482389   0.497161   0.142666
-0.336648   -0.371129   0.15236
-0.488588   -0.347148   0.301079
-0.340857   0.488158   0.323925
-0.167964   -0.495525   0.167429
0.00760158   -0.325129   0.174232
-0.174065   -0.331958   0.324858
0.0140561   -0.487531   0.334167
0.176833   0.476059   0.158651
0.325982   -0.352347   0.169412
0.168842   -0.323156   0.325111
0.333073   0.494715   0.333441
0.490147   -0.171085   0.167904
-0.32011   -0.0118685   0.16782
-0.493103   -0.00438796   0.326471
-0.329601   -0.174635   0.307443
-0.156011   -0.169914   0.155117
-0.00377041   -0.000161351   0.163683
-0.171265   0.00818146   0.322689
0.00900071   -0.15798   0.334707
0.154965   -0.173283   0.160246
0.343544   0.0046932   0.155067
0.153786   -0.00333965   0.317158
0.329984   -0.157346   0.324199
-0.498571   0.172478   0.183639
-0.344036   0.325754   0.169477
0.499441   0.344039   0.336491
-0.325903   0.164755   0.328611
-0.165235   0.162567   0.158562
-0.0143062   0.348686   0.163178
-0.168413   0.339508   0.32375
-0.00290011   0.1731   0.328721
0.172604   0.161064   0.176838
0.338549   0.332713   0.161089
0.17961   0.334739   0.329978
0.347099   0.178658   0.318363
