 3913.63
 2807.67
 2299.95
 1934.86
 1676.25
 1310.07
 1190.32
 1095.81
 1030.33
 975.802
 927.329
 889.144
 860.636
 830.544
 800.871
 772.827
 751.703
 735.797
 721.505
 712.412
 703.546
 695.975
 690.65
 686.172
 678.941
 673.94
 668.513
 662.801
 656.146
 648.875
 642.414
 635.619
 627.805
 620.84
 614.725
 607.124
 600.155
 593.088
 587.325
 581.377
 574.935
 568.918
 561.496
 554.023
 547.233
 535.708
 522.545
 506.079
 487.426
 468.02
 458.692
 453.378
 449.816
 446.62
 442.976
 439.316
 434.849
 429.767
 424.283
 418.934
 413.869
 408.695
 404.18
 400.096
 396.812
 393.612
 391.27
 389.037
 387.372
 386.146
 385.313
 384.572
 384.023
 383.603
 383.141
 382.913
 382.504
 382.238
 381.836
 381.478
 381.271
 381.02
 380.884
 380.534
 380.453
 380.22
 380.002
 379.812
 379.722
 379.568
 379.462
 379.361
 379.189
 379.033
 378.88
 378.703
 378.366
 378.393
 378.295
 378.209
