 3913.63
 2804.17
 2313.55
 1922.79
 1612.54
 1399.5
 1325.75
 1295.13
 1246.5
 1159.81
 1069.69
 987.023
 915.915
 865.955
 812.7
 753.978
 701.023
 670.37
 652.114
 640.94
 633.468
 626.004
 617.41
 609.047
 599.936
 590.867
 582.536
 574.031
 566.22
 555.872
 546.208
 539.657
 535.809
 533.629
 532.332
 530.436
 527.961
 526.317
 524.277
 522.299
 520.251
 518.025
 515.982
 513.326
 510.459
 507.404
 504.291
 501.344
 498.407
 495.437
 492.508
 489.489
 486.861
 484.005
 481.244
 479.564
 477.432
 475.72
 474.29
 472.888
 471.872
 470.728
 469.645
 468.74
 468.094
 467.049
 466.127
 465.506
 464.778
 464.158
 463.815
 463.389
 462.801
 462.369
 462.023
 461.091
 460.205
 459.058
 457.804
 455.896
 453.618
 450.255
 446.332
 442.367
 440.618
 439.741
 439.106
 438.633
 438.31
 438.059
 437.992
 437.882
 437.881
 437.778
 437.715
 437.674
 437.652
 437.611
 437.555
 437.506
