 3913.63
 2797.88
 2263.51
 1813.67
 1545.16
 1402.43
 1287.99
 1190.15
 1086.43
 1002.03
 923.355
 840.602
 766.959
 708.043
 662.553
 630.194
 609.087
 594.11
 583.131
 574.221
 565.705
 555.846
 542.863
 527.14
 508.501
 492.542
 480.69
 472.762
 465.976
 459.978
 453.946
 448.347
 444.102
 440.803
 437.642
 434.265
 431.024
 428.201
 425.723
 423.196
 420.473
 418.478
 415.938
 413.714
 411.049
 408.468
 406.642
 405.15
 403.689
 402.537
 401.243
 400.465
 399.894
 399.392
 398.963
 398.719
 398.399
 398.232
 397.98
 397.669
 397.461
 397.173
 397.079
 396.915
 396.772
 396.626
 396.47
 396.306
 396.187
 396.107
 395.973
 395.841
 395.644
 395.574
 395.486
 395.363
 395.188
 395.026
 394.91
 394.81
 394.739
 394.695
 394.502
 394.329
 394.257
 394.171
 394.059
 393.997
 394.069
 393.957
 393.821
 393.742
 393.721
 393.624
 393.531
 393.47
 393.436
 393.443
 393.332
 393.296
