 3913.63
 2801.07
 2253.3
 1898.76
 1607.18
 1486.23
 1406.49
 1317.25
 1233.57
 1164.98
 1097.25
 1036.74
 993.192
 961.873
 930.283
 874.28
 798.213
 742.414
 709.366
 686.629
 665.367
 646.972
 630.605
 615.959
 602.164
 588.532
 576.085
 564.064
 552.098
 539.829
 527.881
 514.875
 503.083
 492.911
 485.511
 479.853
 475.831
 472.851
 470.874
 469.394
 467.775
 466.762
 465.787
 464.959
 464.075
 463.076
 462.365
 461.462
 460.404
 459.427
 458.725
 458.001
 457.097
 456.103
 455.099
 454.121
 453.228
 452.011
 451.133
 449.902
 448.843
 448.085
 446.684
 445.914
 445.074
 444.345
 443.215
 442.081
 441.326
 440.463
 439.623
 439.022
 438.15
 437.69
 437.025
 436.469
 435.908
 435.188
 434.713
 434.339
 434.161
 433.786
 433.297
 432.81
 432.723
 432.662
 432.597
 432.548
 432.53
 432.473
 432.435
 432.422
 432.354
 432.353
 432.359
 432.334
 432.344
 432.267
 432.246
 432.198
