 6 13 24 9 22 29 25 2 7 26 5 10 14 4 17 1 18 23 28 27 3 21 31 15 11 30 20 8 16 19 12
 19 9 3 31 13 21 24 16 2 18 25 4 7 23 6 28 11 27 10 14 26 17 29 20 15 22 1 5 30 8 12
 19 14 26 17 29 9 3 31 13 21 24 16 2 18 25 4 7 23 6 28 11 27 10 20 15 22 1 5 30 8 12
 19 16 2 18 25 4 7 23 12 6 28 11 27 10 8 17 26 9 3 31 13 21 24 5 22 20 15 30 29 14 1
 6 16 25 2 12 19 9 3 31 13 21 24 29 5 1 22 14 26 17 18 4 7 23 28 11 27 10 20 15 30 8
 19 18 25 4 7 23 28 11 27 10 29 20 15 30 9 3 31 13 21 24 5 1 22 14 26 16 2 6 12 8 17
 19 18 25 4 7 6 28 14 1 9 3 31 13 21 24 29 5 22 26 17 16 2 23 11 27 10 20 15 30 8 12
 19 17 26 14 22 9 3 31 13 21 24 29 30 5 1 18 25 4 7 23 28 11 27 10 20 15 16 2 6 8 12
 6 16 25 19 18 4 7 17 26 14 1 22 9 3 31 13 21 24 5 29 30 15 11 20 10 27 28 8 2 23 12
 19 18 25 4 12 6 7 17 26 14 1 22 9 3 31 13 21 24 5 29 30 15 11 20 10 27 28 8 16 2 23
 4 14 1 19 18 25 12 6 16 2 17 26 22 9 3 31 13 21 24 5 29 30 15 11 20 10 27 28 8 23 7
 4 14 1 19 18 12 6 17 26 22 9 3 31 13 21 24 5 29 30 15 11 20 10 27 28 8 16 2 23 7 25
 19 4 18 12 25 6 17 26 14 1 22 9 3 31 13 21 24 5 29 30 15 11 20 10 27 28 8 16 2 23 7
 4 14 1 19 18 25 7 23 28 17 22 5 13 21 24 9 3 26 31 29 30 15 11 27 10 20 8 16 2 6 12
 4 14 1 19 18 12 6 16 2 25 7 23 28 17 26 22 5 13 21 24 9 3 29 30 31 20 15 10 11 27 8
 19 4 18 12 25 6 7 17 26 14 1 22 5 9 3 31 13 21 24 29 30 15 11 20 10 27 28 8 16 2 23
 25 18 19 4 12 6 7 17 26 14 1 22 9 3 31 5 13 21 24 29 30 15 11 20 10 27 16 23 2 8 28
 19 4 18 12 25 6 7 17 26 14 1 22 9 3 31 5 13 21 24 29 30 15 11 20 10 27 16 2 23 8 28
 19 4 18 12 25 6 7 17 26 14 1 22 5 9 3 31 13 21 24 29 30 15 11 20 10 27 16 23 2 8 28
 19 4 18 12 25 6 7 17 26 14 1 22 9 5 24 21 13 29 3 31 30 15 20 10 27 11 16 2 23 8 28
 19 4 18 12 25 6 7 17 26 14 1 22 9 5 24 21 13 29 3 31 30 15 20 10 27 11 16 2 23 8 28
 19 4 18 12 25 6 7 17 26 14 1 22 9 5 24 21 13 29 3 31 30 15 20 10 27 11 16 2 23 8 28
 19 4 18 12 25 6 7 17 26 14 1 22 9 5 13 21 24 29 3 31 30 15 20 10 27 11 16 23 2 8 28
 19 4 18 12 25 6 7 17 26 14 1 22 9 5 13 21 24 29 3 31 30 15 20 10 27 11 16 23 2 8 28
 19 4 18 12 25 6 7 17 26 14 1 22 9 5 13 21 24 29 3 31 30 15 20 10 27 11 16 23 2 8 28
 19 4 18 12 25 6 7 17 26 14 1 22 9 5 13 21 24 29 3 31 30 15 10 20 27 11 16 8 2 23 28
 19 4 18 12 25 6 7 17 26 14 1 22 5 9 13 21 24 29 3 31 30 15 10 20 27 11 16 2 23 8 28
 19 4 18 12 25 6 7 17 26 14 1 22 5 9 13 21 24 29 3 31 30 15 10 20 27 11 16 2 23 8 28
 19 4 18 12 25 6 7 17 26 14 1 22 5 9 13 21 24 29 3 31 30 15 20 10 27 11 16 8 23 2 28
 19 4 18 12 25 6 7 17 26 14 1 22 5 9 13 21 24 29 3 31 30 15 10 20 27 11 16 8 2 23 28
 19 4 18 12 25 6 7 17 26 14 1 22 5 9 13 21 24 29 3 31 30 15 10 20 27 11 16 8 23 2 28
 19 4 18 12 25 6 7 17 26 14 1 5 22 9 13 21 24 29 3 31 30 20 15 10 27 11 16 2 23 8 28
 19 4 18 12 25 6 7 17 26 14 1 5 22 9 13 21 24 29 3 31 30 20 15 10 27 11 16 2 23 8 28
 19 4 18 12 25 6 7 17 26 14 1 5 22 9 13 21 24 29 3 31 30 20 15 10 27 11 16 2 23 8 28
 19 4 18 12 25 6 7 17 26 14 1 5 22 9 13 21 24 29 3 31 30 20 15 10 27 11 16 2 23 8 28
 19 4 18 12 25 6 7 17 26 14 1 5 22 9 13 21 24 29 3 31 30 20 15 10 27 11 16 2 23 8 28
 19 4 18 12 25 6 7 17 26 14 1 5 22 9 13 21 24 29 3 31 30 20 15 10 27 11 16 2 23 8 28
 19 4 18 12 25 6 7 17 26 14 1 5 22 9 13 21 24 29 3 31 30 20 15 10 27 11 16 2 23 8 28
 19 4 18 12 25 6 7 17 26 14 1 5 22 9 13 21 24 29 3 31 30 20 15 10 27 11 16 2 23 8 28
 19 4 18 12 25 6 7 17 26 14 1 5 22 9 13 21 24 29 3 31 30 20 15 10 27 11 16 2 23 8 28
 19 4 18 12 25 6 7 17 26 14 1 5 22 9 13 21 24 29 3 31 30 20 15 10 27 11 16 2 23 8 28
 19 4 18 12 25 6 7 17 26 14 1 5 22 9 13 21 24 29 3 31 30 20 15 10 27 11 16 2 23 8 28
 18 4 19 12 25 6 7 17 26 14 1 5 22 9 13 21 24 29 3 31 30 20 15 10 27 11 16 2 23 8 28
 19 4 18 12 25 6 7 17 26 14 1 5 22 9 13 21 24 29 3 31 30 20 15 10 27 11 16 8 23 2 28
 19 4 18 12 25 6 7 17 26 14 1 5 22 9 13 21 24 29 3 31 30 20 15 10 27 11 16 8 23 2 28
 18 4 19 12 25 6 7 17 26 14 1 5 22 9 13 21 24 29 3 31 30 20 15 10 27 11 16 8 2 23 28
 18 4 19 12 25 6 7 17 26 14 1 5 22 9 13 21 24 29 3 31 30 20 15 10 27 11 16 8 2 23 28
 19 4 18 12 25 6 7 17 26 14 1 5 9 13 21 24 29 3 22 31 30 20 10 15 27 11 16 8 2 23 28
 18 4 19 12 25 6 7 17 26 14 1 5 22 9 13 21 24 29 3 31 30 20 15 10 27 11 16 8 23 2 28
 4 19 1 14 5 9 13 21 24 29 3 31 22 30 20 15 10 27 11 16 8 28 2 23 6 7 25 12 18 26 17
 4 19 1 14 5 9 13 21 24 29 3 31 22 30 20 15 10 27 11 16 8 28 2 23 6 7 25 12 18 26 17
 4 19 1 14 5 9 13 21 24 29 3 31 22 30 20 15 10 27 11 16 8 28 2 23 6 7 25 12 18 26 17
 4 19 1 14 5 9 13 21 24 29 3 31 22 30 20 15 10 27 11 16 8 28 2 23 6 7 25 12 18 26 17
 4 19 1 14 5 9 13 21 24 29 3 31 22 30 20 15 10 27 11 16 8 28 2 23 6 7 25 12 18 26 17
 4 19 1 14 5 9 13 21 24 29 3 31 22 30 20 15 10 27 11 16 8 28 2 23 6 7 25 12 18 26 17
 4 19 1 14 5 9 13 21 24 29 3 31 22 30 20 15 10 27 11 16 8 28 2 23 6 7 25 12 18 26 17
 4 19 1 14 5 9 13 21 24 29 3 31 22 30 20 15 10 27 11 16 8 28 2 23 6 7 25 12 18 26 17
 4 19 1 14 5 9 13 21 24 29 3 31 22 30 20 15 10 27 11 16 8 28 2 23 6 7 25 12 18 26 17
 4 19 1 14 5 9 13 21 24 29 3 31 22 30 20 15 10 27 11 16 8 28 2 23 6 7 25 12 18 26 17
 18 4 19 1 14 5 9 13 21 24 29 3 31 22 30 20 15 10 27 11 16 8 28 2 23 6 12 25 7 26 17
 18 4 19 1 14 5 9 13 21 24 29 3 31 22 30 20 15 10 27 11 16 8 28 2 23 6 12 25 7 26 17
 18 4 19 1 14 5 9 13 21 24 29 3 31 22 30 20 15 10 27 11 16 8 28 2 23 6 12 25 7 26 17
 18 4 19 1 14 5 9 13 21 24 29 3 31 22 30 20 15 10 27 11 16 8 28 2 23 6 12 25 7 26 17
 18 4 19 1 14 5 9 13 21 24 29 3 31 22 30 20 15 10 27 11 16 8 28 2 23 6 12 25 7 26 17
 18 4 19 1 14 5 9 13 21 24 29 3 31 22 30 20 15 10 27 11 16 8 28 2 23 6 12 25 7 26 17
 18 4 19 1 14 5 9 13 21 24 29 3 31 22 30 20 15 10 27 11 16 8 28 2 23 6 12 25 7 26 17
 18 4 19 1 14 5 9 13 21 24 29 3 31 22 30 20 15 10 27 11 16 8 28 2 23 6 12 25 7 26 17
 18 4 19 1 14 5 9 13 21 24 29 3 31 22 30 20 15 10 27 11 16 8 28 2 23 6 12 25 7 26 17
 18 4 19 1 14 5 9 13 21 24 29 3 31 22 30 20 15 10 27 11 16 8 28 2 23 6 12 25 7 26 17
 18 4 19 1 14 5 9 13 21 24 29 3 31 22 30 20 15 10 27 11 16 8 28 2 23 6 12 25 7 26 17
 18 4 19 1 14 5 9 13 21 24 29 3 31 22 30 20 15 10 27 11 16 8 28 2 23 6 12 25 7 17 26
 18 4 19 1 14 5 9 13 21 24 29 3 31 22 30 20 15 10 27 11 16 8 28 2 23 6 12 25 7 17 26
 18 4 19 1 14 5 9 13 21 24 29 3 31 22 30 20 15 10 27 11 16 8 28 2 23 6 12 25 7 17 26
 18 4 19 1 14 5 9 13 21 24 29 3 31 22 30 20 15 10 27 11 16 8 28 2 23 6 12 25 7 17 26
 18 4 19 1 14 5 9 13 21 24 29 3 31 22 30 20 15 10 27 11 16 8 28 2 23 6 12 25 7 17 26
 18 4 19 1 14 5 9 13 21 24 29 3 31 22 30 20 15 10 27 11 16 8 28 2 23 6 12 25 7 17 26
 18 4 19 1 14 5 9 13 21 24 29 3 31 22 30 20 15 10 27 11 16 8 28 2 23 6 12 25 7 17 26
 18 4 19 1 14 5 9 13 21 24 29 3 31 22 30 20 15 10 27 11 16 8 28 2 23 6 12 25 7 17 26
 18 4 19 1 14 5 9 13 21 24 29 3 31 22 30 20 15 10 27 11 16 8 28 2 23 6 12 25 7 17 26
 18 4 19 1 14 5 9 13 21 24 29 3 31 22 30 20 15 10 27 11 16 8 28 2 23 6 12 25 7 17 26
 18 4 19 1 14 5 9 13 21 24 29 3 31 22 30 20 15 10 27 11 16 8 28 2 23 6 12 25 7 17 26
 18 4 19 1 14 5 9 13 21 24 29 3 31 22 30 20 15 10 27 11 16 8 28 2 23 6 12 25 7 17 26
 18 4 19 1 14 5 9 13 21 24 29 3 31 22 30 20 15 10 27 11 16 8 28 2 23 6 12 25 7 17 26
 18 4 19 1 14 5 9 13 21 24 29 3 31 22 30 20 15 10 27 11 16 8 28 2 23 6 12 25 7 17 26
 18 4 19 1 14 5 9 13 21 24 29 3 31 22 30 20 15 10 27 11 16 8 28 2 23 6 12 25 7 17 26
 18 4 19 1 14 5 9 13 21 24 29 3 31 22 30 20 15 10 27 11 16 8 28 2 23 6 12 25 7 17 26
 18 4 19 1 14 5 9 13 21 24 29 3 31 22 30 20 15 10 27 11 16 8 28 2 23 6 12 25 7 17 26
 18 4 19 1 14 5 9 13 21 24 29 3 31 22 30 20 15 10 27 11 16 8 28 2 23 6 12 25 7 17 26
 18 4 19 1 14 5 9 13 21 24 29 3 31 22 30 20 15 10 27 11 16 8 28 2 23 6 12 25 7 17 26
 18 4 19 1 14 5 9 13 21 24 29 3 31 22 30 20 15 10 27 11 16 8 28 2 23 6 12 25 7 17 26
 18 4 19 1 14 5 9 13 21 24 29 3 31 22 30 20 15 10 27 11 16 8 28 2 23 6 12 25 7 17 26
 18 4 19 1 14 5 9 13 21 24 29 3 31 22 30 20 15 10 27 11 16 8 28 2 23 6 12 25 7 17 26
 18 4 19 1 14 5 9 13 21 24 29 3 31 22 30 20 15 10 27 11 16 8 28 2 23 6 12 25 7 17 26
 18 4 19 1 14 5 9 13 21 24 29 3 31 22 30 20 15 10 27 11 16 8 28 2 23 6 12 25 7 17 26
 18 4 19 1 14 5 9 13 21 24 29 3 31 22 30 20 15 10 27 11 16 8 28 2 23 6 12 25 7 17 26
 18 4 19 1 14 5 9 13 21 24 29 3 31 22 30 20 15 10 27 11 16 8 28 2 23 6 12 25 7 17 26
 18 4 19 1 14 5 9 13 21 24 29 3 31 22 30 20 15 10 27 11 16 8 28 2 23 6 12 25 7 17 26
 18 4 19 1 14 5 9 13 21 24 29 3 31 22 30 20 15 10 27 11 16 8 28 2 23 6 12 25 7 17 26
 18 4 19 1 14 5 9 13 21 24 29 3 31 22 30 20 15 10 27 11 16 8 28 2 23 6 12 25 7 17 26
 18 4 19 1 14 5 9 13 21 24 29 3 31 22 30 20 15 10 27 11 16 8 28 2 23 6 12 25 7 17 26
