2483.74
2483.74
2483.74
2483.74
2483.74
2483.74
2483.74
2483.74
2483.74
786.322
786.322
786.322
786.322
786.322
786.322
786.322
786.322
786.322
786.322
470.26
470.26
470.26
470.26
470.26
470.26
470.26
470.26
470.26
470.26
398.332
398.332
398.332
398.332
398.332
398.332
398.332
398.332
398.332
398.332
391.573
391.573
391.573
391.573
391.573
391.573
391.573
391.573
391.573
391.573
387.708
387.708
387.708
387.708
387.708
387.708
387.708
387.708
387.708
387.708
375.56
375.56
375.56
375.56
375.56
375.56
375.56
375.56
375.56
375.56
375.56
375.56
375.56
375.56
375.56
375.56
375.56
375.56
375.56
375.56
375.56
375.56
375.56
375.56
375.56
375.56
375.56
375.56
375.56
375.56
375.56
375.56
375.56
375.56
375.56
375.56
375.56
375.56
375.56
375.56
375.56
