2483.74
1909.82
1627.69
1272.15
1049.33
969.26
865.398
822.129
786.322
728.463
726.992
699.995
673.469
664.932
661.172
646.48
646.48
638.163
622.316
470.26
470.26
470.26
470.26
470.26
470.26
470.26
470.26
470.26
470.26
398.332
398.332
398.332
398.332
398.332
398.332
398.332
398.332
398.332
398.332
391.573
391.573
391.573
391.573
391.573
391.573
391.573
391.573
391.573
391.573
387.708
387.708
379.329
379.329
376.511
376.511
375.56
375.56
375.56
375.56
375.56
375.56
375.56
375.56
375.56
375.56
375.56
375.56
375.56
375.56
375.56
375.56
375.56
375.56
375.56
375.56
375.56
375.56
375.56
375.56
375.56
375.56
375.56
375.56
375.56
375.56
375.56
375.56
375.56
375.56
375.56
375.56
375.56
375.56
375.56
375.56
375.56
375.56
375.56
375.56
375.56
