2483.74
1977.94
1651.27
1314.88
1201.77
1120.63
1079.35
997.391
929.191
833.343
783.805
733.153
629.506
621.235
609.861
585.962
536.372
536.372
536.372
536.372
536.372
536.372
532.383
528.314
504.653
504.653
504.653
504.653
496.672
458.274
458.274
458.274
458.274
458.274
447.421
447.421
447.421
447.421
447.421
440.391
440.391
440.391
440.391
440.391
440.391
440.391
440.391
440.391
428.444
428.444
428.444
428.444
428.444
428.444
428.444
417.828
417.828
417.828
417.828
417.828
417.828
417.828
417.828
417.828
417.828
417.828
417.828
417.828
417.828
411.854
411.854
411.854
411.854
411.854
411.854
411.854
411.854
411.854
411.854
398.419
398.419
398.419
398.419
398.419
398.419
398.419
398.419
398.419
398.419
398.419
398.419
398.419
398.419
398.419
398.419
398.419
398.419
398.419
398.419
398.419
