2483.74
1934.96
1497.1
1222.45
1093.86
1005.41
922.438
857.58
805.878
701.795
636.519
583.199
542.84
541.888
493.664
493.664
493.664
481.269
470.26
454.88
448.854
431.458
430.965
426.932
419.93
419.93
400.107
400.107
398.332
395.308
395.308
395.308
394.357
394.357
391.573
391.573
391.573
391.573
391.573
387.708
387.708
387.708
387.708
387.708
387.708
387.708
387.708
387.708
387.708
387.708
387.708
387.708
387.708
387.708
387.708
387.708
387.708
387.708
387.708
375.56
375.56
375.56
375.56
375.56
375.56
375.56
375.56
375.56
375.56
375.56
375.56
375.56
375.56
375.56
375.56
375.56
375.56
375.56
375.56
375.56
375.56
375.56
375.56
375.56
375.56
375.56
375.56
375.56
375.56
375.56
375.56
375.56
375.56
375.56
375.56
375.56
375.56
375.56
375.56
375.56
