2483.74
1977.94
1559.51
1328.07
1199.66
1098.65
1028.82
932.336
852.898
793.338
777.081
715.942
677.447
676.063
644.365
607.176
594.262
566.965
562.536
524.524
524.524
524.524
477.639
477.639
477.639
465.295
462.891
462.891
458.274
456.37
454.223
440.391
440.391
440.391
440.391
440.391
440.391
440.391
440.391
440.391
440.391
440.391
438.06
431.723
431.723
431.539
431.539
430.687
429.392
428.444
428.444
428.444
428.444
428.444
428.444
428.444
428.444
428.444
428.444
417.828
417.828
417.828
417.828
417.828
417.828
417.828
417.828
417.828
417.828
417.828
398.419
398.419
398.419
398.419
398.419
398.419
398.419
398.419
398.419
398.419
398.419
398.419
398.419
398.419
398.419
398.419
398.419
398.419
398.419
398.419
398.419
398.419
398.419
398.419
398.419
398.419
398.419
398.419
398.419
398.419
