2040.9205
1854.0527
1355.4977
1274.6542
1120.0201
1071.4299
1013.0129
981.90205
884.9598
818.85725
760.18921
735.75617
721.82596
641.93875
578.52428
578.52428
569.85629
535.40517
535.40517
530.16179
523.50724
500.6619
500.6619
500.6619
493.88686
481.55281
481.55281
478.4071
478.4071
478.4071
478.4071
478.4071
468.45332
468.45332
468.45332
468.45332
458.73222
444.98739
444.98739
444.98739
444.98739
444.98739
444.98739
444.98739
444.98739
444.98739
444.98739
431.87684
429.56024
429.56024
429.56024
422.95111
422.95111
421.22236
418.90576
412.29662
412.29662
412.29662
412.29662
409.98002
409.98002
409.98002
409.98002
409.47894
408.31853
408.31853
407.16234
407.16234
407.16234
400.59286
400.59286
398.27625
398.27625
398.27625
397.80884
397.80884
397.80884
397.80884
397.80884
397.80884
397.77518
397.77518
397.77518
397.77518
395.45857
395.45857
395.45857
395.45857
395.45857
395.45857
395.45857
395.45857
393.83075
393.83075
393.83075
393.83075
393.83075
393.83075
393.83075
393.83075
