           1     1.46517     1.46517           0
           2     1.35139     1.40828   0.0568873
           3     1.40217     1.40624    0.032907
           4     1.47849      1.4243    0.029456
           5     1.47242     1.43393   0.0247634
           6     1.32512     1.41579   0.0271604
           7     1.31296      1.4011   0.0272532
           8     1.36784     1.39694   0.0239653
           9     1.39416     1.39664   0.0211377
          10     1.27155     1.38413   0.0226696
          11     1.52967     1.39736   0.0244038
          12     1.45303       1.402   0.0227555
          13     1.55693     1.41392   0.0240869
          14     1.50837     1.42066   0.0232983
          15     1.33292     1.41481   0.0224645
          16     1.40779     1.41437   0.0210182
          17     1.46292     1.41723   0.0199486
          18     1.35333     1.41368   0.0191398
          19     1.35111     1.41039   0.0184015
          20     1.37105     1.40842   0.0175676
          21     1.43301     1.40959   0.0167511
          22     1.29061     1.40418   0.0168623
          23     1.23105     1.39665   0.0177842
          24     1.52401     1.40196   0.0178348
          25     1.38073     1.40111   0.0171276
          26     1.34295     1.39887    0.016607
          27     1.46029     1.40115   0.0161412
          28     1.42499       1.402   0.0155773
          29     1.28608       1.398    0.015553
          30     1.50734     1.40165   0.0154613
          31     1.44444     1.40303   0.0150178
          32     1.17197     1.39581    0.016235
          33      1.4144     1.39637   0.0157454
          34     1.38377       1.396   0.0152798
          35     1.39937      1.3961   0.0148371
          36     1.35445     1.39494   0.0144654
          37     1.26474     1.39142   0.0145024
          38     1.45713     1.39315   0.0142212
          39     1.31523     1.39115   0.0139951
          40     1.40773     1.39157    0.013647
          41     1.28116     1.38887   0.0135796
          42     1.37808     1.38862   0.0132549
          43      1.5102     1.39144   0.0132482
          44     1.37646      1.3911   0.0129481
          45      1.3486     1.39016   0.0126923
          46     1.39248     1.39021   0.0124134
          47     1.42505     1.39095    0.012169
          48     1.27367     1.38851   0.0121608
          49     1.34729     1.38767   0.0119397
          50     1.51927      1.3903   0.0119909
          51     1.32637     1.38905   0.0118201
          52     1.42704     1.38978   0.0116136
          53     1.43487     1.39063   0.0114241
          54     1.46329     1.39197    0.011291
          55     1.49416     1.39383   0.0112384
          56     1.25362     1.39133   0.0113164
          57     1.39497     1.39139   0.0111163
          58     1.40689     1.39166   0.0109262
          59     1.36155     1.39115   0.0107515
          60     1.48771     1.39276   0.0106926
          61     1.37077      1.3924   0.0105221
          62     1.53225     1.39465   0.0105939
          63     1.41569     1.39499   0.0104297
          64      1.3537     1.39434   0.0102857
          65     1.38962     1.39427   0.0101265
          66     1.42919      1.3948  0.00998591
          67     1.43725     1.39543  0.00985612
          68     1.32889     1.39445  0.00975927
          69     1.49317     1.39588  0.00972264
          70     1.36059     1.39538  0.00959599
          71      1.4612     1.39631  0.00950518
          72     1.32863     1.39537  0.00941925
          73     1.49592     1.39674  0.00939089
          74     1.52699      1.3985  0.00942886
          75     1.46012     1.39932   0.0093385
          76     1.46553      1.4002   0.0092559
          77     1.54265     1.40205  0.00932036
          78     1.36674     1.40159  0.00921122
          79     1.38868     1.40143  0.00909535
          80     1.40924     1.40153  0.00898147
          81     1.31807      1.4005  0.00892954
          82     1.46046     1.40123  0.00885023
          83     1.48226      1.4022  0.00879729
          84     1.36279     1.40174  0.00870459
          85     1.54455     1.40342  0.00876413
          86     1.32829     1.40254  0.00870557
          87     1.40513     1.40257  0.00860497
          88      1.4365     1.40296  0.00851536
          89     1.46009      1.4036  0.00844358
          90      1.4759      1.4044  0.00838779
          91     1.50701     1.40553  0.00837139
          92     1.46591     1.40619  0.00830587
          93     1.40802     1.40621   0.0082161
          94     1.42841     1.40644  0.00813165
          95     1.36742     1.40603  0.00805608
          96     1.35201     1.40547  0.00799156
          97     1.44568     1.40588   0.0079196
          98     1.43874     1.40622  0.00784554
          99     1.39432      1.4061  0.00776681
         100     1.38177     1.40586   0.0076926
