0 0 0 0 
1 0.0256496 0 0 
2 0.0512993 0 0 
3 0.0769489 0 0 
4 0.102599 0 0 
5 0.128248 0 0 
6 0.153898 0 0 
7 0.179547 0 0 
8 0.205197 0 0 
9 0.230847 0 0 
10 0.256496 0 0 
11 0.282146 0 0 
12 0.307796 0 0 
13 0.333445 0 0 
14 0.359095 0 0 
15 0.384745 0 0 
16 0.410394 0 0 
17 0.436044 0 0 
18 0.461694 0 0 
19 0.487343 0 0 
20 0.512993 0 0 
21 0.538642 0 0 
22 0.564292 0 0 
23 0.589942 0 0 
24 0.615591 0 0 
25 0.641241 0 0 
26 0.666891 0 0 
27 0.69254 0 0 
28 0.71819 0 0 
29 0.74384 0 0 
30 0.769489 0 0 
31 0.795139 0 0 
32 0.820788 0 0 
33 0.846438 1.36166e-05 6.02897e-06 
34 0.872088 0.0013875 5.39891e-05 
35 0.897737 0.0248515 0.000254208 
36 0.923387 0.165971 0.000673986 
37 0.949037 0.565156 0.00160253 
38 0.974686 1.20111 0.00216012 
39 1.00034 1.86756 0.00268835 
40 1.02599 2.33962 0.00239392 
41 1.05164 2.55134 0.00196205 
42 1.07728 2.54978 0.00190236 
43 1.10293 2.40767 0.00211396 
44 1.12858 2.19562 0.00208159 
45 1.15423 1.97256 0.00218336 
46 1.17988 1.75502 0.00185891 
47 1.20553 1.55608 0.00196849 
48 1.23118 1.38842 0.0018292 
49 1.25683 1.24366 0.00165044 
50 1.28248 1.12459 0.00149281 
51 1.30813 1.02324 0.00132763 
52 1.33378 0.940784 0.001337 
53 1.35943 0.872644 0.00124291 
54 1.38508 0.819121 0.00106157 
55 1.41073 0.773327 0.00123431 
56 1.43638 0.737414 0.00100351 
57 1.46203 0.71007 0.000995127 
58 1.48768 0.691326 0.00113193 
59 1.51333 0.678364 0.00102373 
60 1.53898 0.670941 0.000908342 
61 1.56463 0.670116 0.00103965 
62 1.59028 0.675911 0.00100988 
63 1.61593 0.687293 0.00107016 
64 1.64158 0.702125 0.00104386 
65 1.66723 0.723166 0.000964007 
66 1.69288 0.74994 0.000978587 
67 1.71853 0.781569 0.00107556 
68 1.74418 0.814872 0.00110813 
69 1.76983 0.854291 0.00123205 
70 1.79547 0.893957 0.00111472 
71 1.82112 0.937194 0.00112382 
72 1.84677 0.97811 0.00115481 
73 1.87242 1.01831 0.000983595 
74 1.89807 1.05889 0.00122407 
75 1.92372 1.09545 0.00111803 
76 1.94937 1.13206 0.0010174 
77 1.97502 1.15986 0.000966657 
78 2.00067 1.18739 0.00105474 
79 2.02632 1.20494 0.00100099 
80 2.05197 1.21396 0.000955536 
81 2.07762 1.21444 0.00090227 
82 2.10327 1.20819 0.000895375 
83 2.12892 1.19359 0.00102604 
84 2.15457 1.17357 0.000904047 
85 2.18022 1.14961 0.000916841 
86 2.20587 1.12261 0.000900021 
87 2.23152 1.09396 0.00104444 
88 2.25717 1.06792 0.00101662 
89 2.28282 1.03835 0.000913455 
90 2.30847 1.01286 0.000872162 
91 2.33412 0.987013 0.00101841 
92 2.35977 0.965877 0.00090816 
93 2.38542 0.947674 0.000992931 
94 2.41107 0.931859 0.000958812 
95 2.43672 0.918145 0.000910768 
96 2.46237 0.908752 0.00089934 
97 2.48802 0.894902 0.000839364 
98 2.51366 0.886362 0.000751624 
99 2.53931 0.885669 0.000814928 
