           1    -5.45726    -5.45726           0
           2    -5.47252    -5.46489  0.00763242
           3     -5.4632    -5.46433  0.00444233
           4    -5.43954    -5.45813  0.00694721
           5    -5.43895     -5.4543  0.00660869
           6    -5.47732    -5.45813  0.00662121
           7    -5.47705    -5.46084   0.0062146
           8    -5.46206    -5.46099  0.00538417
           9    -5.46252    -5.46116  0.00475143
          10    -5.48585    -5.46363  0.00491526
          11     -5.4357    -5.46109  0.00512009
          12    -5.46744    -5.46162  0.00470386
          13    -5.43778    -5.45978  0.00469951
          14    -5.45235    -5.45925  0.00438317
          15    -5.49101    -5.46137  0.00459703
          16    -5.45917    -5.46123  0.00430234
          17    -5.45001    -5.46057  0.00409488
          18    -5.46869    -5.46102  0.00388695
          19    -5.47624    -5.46182  0.00376292
          20    -5.47268    -5.46237  0.00361082
          21    -5.46199    -5.46235  0.00343463
          22    -5.48346    -5.46331  0.00341247
          23    -5.49262    -5.46458  0.00350094
          24     -5.4406    -5.46358  0.00349767
          25    -5.46951    -5.46382  0.00336321
          26    -5.48057    -5.46447  0.00329484
          27    -5.44241    -5.46365  0.00327399
          28    -5.46813    -5.46381  0.00315896
          29     -5.4827    -5.46446  0.00311693
          30    -5.44065    -5.46367  0.00311411
          31    -5.46512    -5.46371  0.00301235
          32    -5.50003    -5.46485  0.00312971
          33    -5.45975    -5.46469  0.00303732
          34    -5.46786    -5.46479   0.0029481
          35    -5.46441    -5.46478  0.00286265
          36    -5.46893    -5.46489  0.00278438
          37    -5.49356    -5.46567  0.00281678
          38    -5.45109    -5.46528  0.00276834
          39    -5.47831    -5.46562  0.00271703
          40    -5.45601    -5.46538   0.0026591
          41    -5.47475    -5.46561   0.0026035
          42    -5.46701    -5.46564  0.00254098
          43     -5.4398    -5.46504  0.00255289
          44     -5.4675    -5.46509  0.00249482
          45    -5.47452     -5.4653  0.00244772
          46    -5.46683    -5.46534  0.00239415
          47    -5.45352    -5.46509  0.00235611
          48    -5.48112    -5.46542  0.00233057
          49    -5.47078    -5.46553  0.00228513
          50    -5.44103    -5.46504  0.00229196
          51    -5.47831     -5.4653   0.0022616
          52    -5.46573    -5.46531  0.00221769
          53    -5.46039    -5.46521  0.00217743
          54     -5.4532    -5.46499  0.00214828
          55    -5.45107    -5.46474  0.00212399
          56    -5.49406    -5.46526  0.00215046
          57    -5.47236    -5.46539  0.00211606
          58    -5.47212     -5.4655  0.00208249
          59    -5.47373    -5.46564  0.00205164
          60    -5.44853    -5.46536  0.00203721
          61    -5.46852    -5.46541   0.0020042
          62    -5.43789    -5.46497  0.00202095
          63    -5.45479     -5.4648  0.00199516
          64    -5.46958    -5.46488  0.00196515
          65    -5.46543    -5.46489   0.0019347
          66     -5.4615    -5.46484  0.00190585
          67    -5.45643    -5.46471  0.00188138
          68    -5.48106    -5.46495  0.00186903
          69    -5.44779     -5.4647  0.00185845
          70    -5.46506    -5.46471  0.00183171
          71    -5.45602    -5.46458  0.00180987
          72    -5.47647    -5.46475  0.00179218
          73    -5.44266    -5.46445  0.00179317
          74    -5.44091    -5.46413  0.00179714
          75     -5.4515    -5.46396  0.00178099
          76    -5.44349    -5.46369  0.00177793
          77     -5.4352    -5.46332  0.00179326
          78    -5.47097    -5.46342  0.00177284
          79    -5.46485    -5.46344  0.00175035
          80    -5.45813    -5.46337   0.0017296
          81    -5.47189    -5.46348  0.00171135
          82     -5.4544    -5.46337  0.00169397
          83     -5.4445    -5.46314   0.0016888
          84    -5.47218    -5.46325  0.00167205
          85    -5.43616    -5.46293  0.00168272
          86    -5.47926    -5.46312  0.00167384
          87    -5.48009    -5.46331  0.00166596
          88     -5.4559    -5.46323  0.00164907
          89    -5.45535    -5.46314  0.00163284
          90    -5.44364    -5.46292  0.00162906
          91    -5.44463    -5.46272  0.00162356
          92    -5.44722    -5.46255  0.00161463
          93    -5.45914    -5.46252   0.0015976
          94    -5.46493    -5.46254  0.00158072
          95    -5.46956    -5.46262  0.00156573
          96    -5.47543    -5.46275  0.00155507
          97    -5.45246    -5.46264  0.00154261
          98    -5.45584    -5.46257  0.00152837
          99    -5.46383    -5.46259   0.0015129
         100    -5.46339     -5.4626  0.00149772
