667.3983
471.71156
471.71156
471.71156
471.71156
471.71156
471.71156
471.71156
471.71156
471.71156
471.71156
471.71156
471.71156
471.71156
471.71156
471.71156
471.71156
471.71156
471.71156
471.71156
471.71156
471.71156
471.71156
471.71156
471.71156
471.71156
471.71156
471.71156
471.71156
471.71156
471.71156
471.71156
471.71156
471.71156
471.71156
471.71156
471.71156
471.71156
471.71156
471.71156
471.71156
471.71156
471.71156
471.71156
471.71156
471.71156
471.71156
471.71156
471.71156
471.71156
471.71156
471.71156
471.71156
471.71156
471.71156
471.71156
471.71156
471.71156
471.71156
471.71156
471.71156
471.71156
471.71156
471.71156
471.71156
471.71156
471.71156
471.71156
471.71156
471.71156
471.71156
471.71156
471.71156
471.71156
471.71156
471.71156
471.71156
471.71156
471.71156
471.71156
471.71156
471.71156
471.71156
471.71156
471.71156
471.71156
471.71156
471.71156
471.71156
471.71156
471.71156
471.71156
471.71156
471.71156
471.71156
471.71156
471.71156
471.71156
471.71156
471.71156
