0 0 0 0 
1 0.0256496 0 0 
2 0.0512993 0 0 
3 0.0769489 0 0 
4 0.102599 0 0 
5 0.128248 0 0 
6 0.153898 0 0 
7 0.179547 0 0 
8 0.205197 0 0 
9 0.230847 0 0 
10 0.256496 0 0 
11 0.282146 0 0 
12 0.307796 0 0 
13 0.333445 0 0 
14 0.359095 0 0 
15 0.384745 0 0 
16 0.410394 0 0 
17 0.436044 0 0 
18 0.461694 0 0 
19 0.487343 0 0 
20 0.512993 0 0 
21 0.538642 0 0 
22 0.564292 0 0 
23 0.589942 0 0 
24 0.615591 0 0 
25 0.641241 0 0 
26 0.666891 0 0 
27 0.69254 0 0 
28 0.71819 0 0 
29 0.74384 0 0 
30 0.769489 0 0 
31 0.795139 0 0 
32 0.820788 0 0 
33 0.846438 2.43154e-05 1.55794e-05 
34 0.872088 0.00117841 0.000136715 
35 0.897737 0.0240305 0.00048209 
36 0.923387 0.163396 0.00159658 
37 0.949037 0.556983 0.00426729 
38 0.974686 1.19582 0.00654494 
39 1.00034 1.86434 0.00807661 
40 1.02599 2.3258 0.00705845 
41 1.05164 2.5453 0.00567541 
42 1.07728 2.54981 0.0055089 
43 1.10293 2.40148 0.00589532 
44 1.12858 2.20253 0.00576635 
45 1.15423 1.97392 0.00656948 
46 1.17988 1.76478 0.00479029 
47 1.20553 1.56393 0.00492597 
48 1.23118 1.39479 0.00483401 
49 1.25683 1.25071 0.00365849 
50 1.28248 1.1245 0.00427888 
51 1.30813 1.02511 0.00366153 
52 1.33378 0.94305 0.00240305 
53 1.35943 0.876325 0.00265022 
54 1.38508 0.817486 0.00197326 
55 1.41073 0.773281 0.00208574 
56 1.43638 0.735235 0.00225131 
57 1.46203 0.707801 0.00280595 
58 1.48768 0.688163 0.00298103 
59 1.51333 0.678831 0.00350712 
60 1.53898 0.668428 0.00251138 
61 1.56463 0.668799 0.00306226 
62 1.59028 0.674112 0.00215048 
63 1.61593 0.683312 0.00232238 
64 1.64158 0.701866 0.0026306 
65 1.66723 0.722682 0.00286998 
66 1.69288 0.752084 0.00205977 
67 1.71853 0.782351 0.00194514 
68 1.74418 0.817293 0.00243714 
69 1.76983 0.855602 0.00263756 
70 1.79547 0.896202 0.00232381 
71 1.82112 0.937017 0.0019218 
72 1.84677 0.982348 0.00226727 
73 1.87242 1.01724 0.00169438 
74 1.89807 1.0594 0.00236536 
75 1.92372 1.09659 0.002241 
76 1.94937 1.13021 0.00253865 
77 1.97502 1.16166 0.00174286 
78 2.00067 1.18674 0.00304306 
79 2.02632 1.20557 0.00309576 
80 2.05197 1.20883 0.00194834 
81 2.07762 1.21394 0.00266919 
82 2.10327 1.20503 0.00253004 
83 2.12892 1.19103 0.00210582 
84 2.15457 1.17373 0.00200644 
85 2.18022 1.14715 0.00191079 
86 2.20587 1.1214 0.00222964 
87 2.23152 1.09299 0.0025086 
88 2.25717 1.06432 0.00232964 
89 2.28282 1.03979 0.00187302 
90 2.30847 1.01499 0.00222086 
91 2.33412 0.989121 0.00215088 
92 2.35977 0.965903 0.00232532 
93 2.38542 0.947308 0.00159976 
94 2.41107 0.932363 0.0020354 
95 2.43672 0.919069 0.00181248 
96 2.46237 0.909829 0.00195842 
97 2.48802 0.896287 0.00213072 
98 2.51366 0.885665 0.00177829 
99 2.53931 0.888622 0.00190485 
0 0 0 0 
1 0.0256496 0 0 
2 0.0512993 0 0 
3 0.0769489 0 0 
4 0.102599 0 0 
5 0.128248 0 0 
6 0.153898 0 0 
7 0.179547 0 0 
8 0.205197 0 0 
9 0.230847 0 0 
10 0.256496 0 0 
11 0.282146 0 0 
12 0.307796 0 0 
13 0.333445 0 0 
14 0.359095 0 0 
15 0.384745 0 0 
16 0.410394 0 0 
17 0.436044 0 0 
18 0.461694 0 0 
19 0.487343 0 0 
20 0.512993 0 0 
21 0.538642 0 0 
22 0.564292 0 0 
23 0.589942 0 0 
24 0.615591 0 0 
25 0.641241 0 0 
26 0.666891 0 0 
27 0.69254 0 0 
28 0.71819 0 0 
29 0.74384 0 0 
30 0.769489 0 0 
31 0.795139 0 0 
32 0.820788 0 0 
33 0.846438 5.83569e-06 2.7019e-06 
34 0.872088 0.00123527 5.18018e-05 
35 0.897737 0.024273 0.000243076 
36 0.923387 0.16512 0.000614122 
37 0.949037 0.563572 0.0017837 
38 0.974686 1.20089 0.0022218 
39 1.00034 1.86469 0.00255807 
40 1.02599 2.33854 0.00261823 
41 1.05164 2.55343 0.00197881 
42 1.07728 2.5514 0.00217497 
43 1.10293 2.40682 0.00216621 
44 1.12858 2.19985 0.00238048 
45 1.15423 1.97247 0.00213349 
46 1.17988 1.75385 0.00209164 
47 1.20553 1.55712 0.00193477 
48 1.23118 1.38835 0.00187513 
49 1.25683 1.24593 0.00163314 
50 1.28248 1.12349 0.00158173 
51 1.30813 1.02124 0.0013292 
52 1.33378 0.939514 0.0011856 
53 1.35943 0.87188 0.00129214 
54 1.38508 0.816997 0.00120431 
55 1.41073 0.772859 0.0011949 
56 1.43638 0.737354 0.00117838 
57 1.46203 0.710792 0.00110874 
58 1.48768 0.690334 0.00113052 
59 1.51333 0.678527 0.00120078 
60 1.53898 0.672647 0.00117573 
61 1.56463 0.670488 0.00125479 
62 1.59028 0.67657 0.000992965 
63 1.61593 0.687521 0.00109788 
64 1.64158 0.703011 0.00103579 
65 1.66723 0.723084 0.00101312 
66 1.69288 0.750011 0.00111187 
67 1.71853 0.78075 0.00102611 
68 1.74418 0.816787 0.000904489 
69 1.76983 0.853438 0.00110106 
70 1.79547 0.893174 0.0010584 
71 1.82112 0.937624 0.00104045 
72 1.84677 0.97771 0.00115287 
73 1.87242 1.01915 0.00101316 
74 1.89807 1.05845 0.00109743 
75 1.92372 1.09584 0.00109302 
76 1.94937 1.13129 0.00114537 
77 1.97502 1.16275 0.00102064 
78 2.00067 1.18505 0.00100991 
79 2.02632 1.20366 0.000871068 
80 2.05197 1.21248 0.000878282 
81 2.07762 1.21566 0.00094848 
82 2.10327 1.2083 0.000933067 
83 2.12892 1.19403 0.000984665 
84 2.15457 1.17514 0.00101668 
85 2.18022 1.15141 0.00089464 
86 2.20587 1.12367 0.00100513 
87 2.23152 1.09629 0.0010047 
88 2.25717 1.065 0.000966189 
89 2.28282 1.03727 0.000920455 
90 2.30847 1.01064 0.00087544 
91 2.33412 0.986398 0.000895327 
92 2.35977 0.964887 0.000898049 
93 2.38542 0.94694 0.000829049 
94 2.41107 0.930819 0.000894816 
95 2.43672 0.917614 0.00081295 
96 2.46237 0.90894 0.000877919 
97 2.48802 0.895324 0.000867092 
98 2.51366 0.886369 0.000768187 
99 2.53931 0.886333 0.000824479 
0 0 0 0 
1 0.064633 0 0 
2 0.129266 0 0 
3 0.193899 0 0 
4 0.258532 0 0 
5 0.323165 0 0 
6 0.387798 0 0 
7 0.452431 0 0 
8 0.517064 0 0 
9 0.581697 0 0 
10 0.64633 0 0 
11 0.710963 0 0 
12 0.775596 0 0 
13 0.84023 0.0011375 0.000300599 
14 0.904863 0.15855 0.00624038 
15 0.969496 1.1137 0.0376266 
16 1.03413 2.15916 0.0737179 
17 1.09876 2.3823 0.078235 
18 1.16339 2.1805 0.0704651 
19 1.22803 1.92792 0.064109 
20 1.29266 1.69911 0.0559871 
21 1.35729 1.5228 0.0457707 
22 1.42193 1.38655 0.0402464 
23 1.48656 1.29263 0.0370464 
24 1.55119 1.24152 0.0331585 
25 1.61583 1.18868 0.030539 
26 1.68046 1.16183 0.0303956 
27 1.74509 1.13966 0.0279943 
28 1.80973 1.11752 0.0277589 
29 1.87436 1.10909 0.0265243 
30 1.93899 1.1059 0.0260806 
31 2.00362 1.09308 0.0272851 
32 2.06826 1.09176 0.0266942 
33 2.13289 1.08733 0.0262336 
34 2.19752 1.08534 0.0275633 
35 2.26216 1.07466 0.0247499 
36 2.32679 1.07275 0.0248191 
37 2.39142 1.06716 0.0227324 
38 2.45606 1.05811 0.0212545 
39 2.52069 1.06138 0.0205142 
40 2.58532 1.05536 0.0187915 
41 2.64995 1.05025 0.0182858 
42 2.71459 1.04721 0.0182384 
43 2.77922 1.04254 0.016495 
44 2.84385 1.04202 0.0167608 
45 2.90849 1.03741 0.0148062 
46 2.97312 1.0342 0.0147281 
47 3.03775 1.03139 0.0139332 
48 3.10239 1.0307 0.0133078 
49 3.16702 1.02731 0.0131998 
50 3.23165 1.02543 0.0123122 
51 3.29629 1.02198 0.0116879 
52 3.36092 1.0198 0.0113469 
53 3.42555 1.02005 0.0108966 
54 3.49018 1.01633 0.0104301 
55 3.55482 1.01348 0.0106408 
56 3.61945 1.00953 0.010165 
57 3.68408 1.00809 0.00942574 
58 3.74872 1.00527 0.0104697 
59 3.81335 1.00171 0.00999882 
60 3.87798 1.00545 0.00964824 
61 3.94262 1.00218 0.00861829 
62 4.00725 1.00476 0.00910964 
63 4.07188 1.00632 0.00926191 
64 4.13651 1.00332 0.00773308 
65 4.20115 1.00194 0.00778932 
66 4.26578 0.998568 0.0074845 
67 4.33041 0.996659 0.0071416 
68 4.39505 0.999626 0.00695957 
69 4.45968 0.999467 0.00739167 
70 4.52431 0.99947 0.00685954 
71 4.58895 0.996973 0.00605314 
72 4.65358 0.998371 0.0057264 
73 4.71821 0.998752 0.00574412 
74 4.78285 0.995969 0.00584371 
75 4.84748 0.993262 0.00534278 
76 4.91211 0.993171 0.0049105 
77 4.97674 0.995364 0.00471125 
78 5.04138 0.991887 0.00460987 
79 5.10601 0.988237 0.00538083 
80 5.17064 0.989968 0.00525112 
81 5.23528 0.988076 0.00514766 
82 5.29991 0.985732 0.00495756 
83 5.36454 0.983849 0.00454847 
84 5.42918 0.98431 0.00413821 
85 5.49381 0.984185 0.00431093 
86 5.55844 0.983329 0.00393445 
87 5.62307 0.983094 0.0044029 
88 5.68771 0.982047 0.00404354 
89 5.75234 0.980655 0.00404027 
90 5.81697 0.981099 0.00446401 
91 5.88161 0.980491 0.00445361 
92 5.94624 0.978977 0.00439342 
93 6.01087 0.979608 0.00466683 
94 6.07551 0.976569 0.00474038 
95 6.14014 0.974706 0.00476914 
96 6.20477 0.974639 0.00520152 
97 6.2694 0.974096 0.00509659 
98 6.33404 0.97188 0.00497799 
99 6.39867 0.97219 0.00486926 
0 0 0 0 
1 0.064633 0 0 
2 0.129266 0 0 
3 0.193899 0 0 
4 0.258532 0 0 
5 0.323165 0 0 
6 0.387798 0 0 
7 0.452431 0 0 
8 0.517064 0 0 
9 0.581697 0 0 
10 0.64633 0 0 
11 0.710963 0 0 
12 0.775596 0 0 
13 0.84023 0.000718419 0.000259146 
14 0.904863 0.147184 0.00583828 
15 0.969496 1.06908 0.0389992 
16 1.03413 2.05498 0.064367 
17 1.09876 2.29939 0.0687767 
18 1.16339 2.1094 0.0597521 
19 1.22803 1.84446 0.0501132 
20 1.29266 1.6245 0.0428928 
21 1.35729 1.46199 0.0369931 
22 1.42193 1.33521 0.034952 
23 1.48656 1.24769 0.0292945 
24 1.55119 1.18969 0.0292218 
25 1.61583 1.14504 0.0259182 
26 1.68046 1.11566 0.0242247 
27 1.74509 1.09358 0.0219647 
28 1.80973 1.07671 0.0216455 
29 1.87436 1.06293 0.0219089 
30 1.93899 1.06065 0.0196119 
31 2.00362 1.0434 0.0198937 
32 2.06826 1.0382 0.0205688 
33 2.13289 1.03408 0.0185565 
34 2.19752 1.03857 0.0167742 
35 2.26216 1.0386 0.0155368 
36 2.32679 1.02642 0.0155326 
37 2.39142 1.02188 0.0135493 
38 2.45606 1.0216 0.012349 
39 2.52069 1.01241 0.0129155 
40 2.58532 1.00821 0.0126694 
41 2.64995 1.00437 0.0122689 
42 2.71459 1.00089 0.0104796 
43 2.77922 0.991668 0.00970871 
44 2.84385 0.990378 0.00822455 
45 2.90849 0.984739 0.00884384 
46 2.97312 0.984404 0.00762751 
47 3.03775 0.983589 0.00773626 
48 3.10239 0.980106 0.00729417 
49 3.16702 0.983841 0.008407 
50 3.23165 0.980315 0.00886488 
51 3.29629 0.976588 0.00818937 
52 3.36092 0.97926 0.00809936 
53 3.42555 0.980516 0.00747876 
54 3.49018 0.979717 0.00817643 
55 3.55482 0.979553 0.0074464 
56 3.61945 0.98151 0.00643735 
57 3.68408 0.980606 0.00634066 
58 3.74872 0.9819 0.00621107 
59 3.81335 0.98327 0.00719575 
60 3.87798 0.98614 0.00662923 
61 3.94262 0.984975 0.00677818 
62 4.00725 0.982316 0.00702895 
63 4.07188 0.979798 0.00679936 
64 4.13651 0.980915 0.00646701 
65 4.20115 0.982148 0.0059161 
66 4.26578 0.978886 0.00576938 
67 4.33041 0.981044 0.0052799 
68 4.39505 0.979868 0.00492406 
69 4.45968 0.980635 0.0047368 
70 4.52431 0.980466 0.0042797 
71 4.58895 0.984565 0.00504623 
72 4.65358 0.987644 0.00446332 
73 4.71821 0.98949 0.00491925 
74 4.78285 0.991373 0.0047093 
75 4.84748 0.989877 0.00416588 
76 4.91211 0.987677 0.00443289 
77 4.97674 0.982559 0.00439853 
78 5.04138 0.983121 0.00448316 
79 5.10601 0.982461 0.00416422 
80 5.17064 0.982702 0.00381453 
81 5.23528 0.979941 0.00342013 
82 5.29991 0.978762 0.00429615 
83 5.36454 0.978983 0.00358651 
84 5.42918 0.978864 0.00377501 
85 5.49381 0.978479 0.00365808 
86 5.55844 0.979158 0.00374984 
87 5.62307 0.980331 0.00364954 
88 5.68771 0.980102 0.00380483 
89 5.75234 0.982518 0.00409946 
90 5.81697 0.980979 0.00353676 
91 5.88161 0.97898 0.00364673 
92 5.94624 0.979065 0.00399089 
93 6.01087 0.980737 0.00400626 
94 6.07551 0.982138 0.00453596 
95 6.14014 0.983067 0.00443603 
96 6.20477 0.982982 0.00456831 
97 6.2694 0.985048 0.00491894 
98 6.33404 0.987843 0.00507121 
99 6.39867 0.989039 0.00475152 
0 0 0 0 
1 0.064633 0 0 
2 0.129266 0 0 
3 0.193899 0 0 
4 0.258532 0 0 
5 0.323165 0 0 
6 0.387798 0 0 
7 0.452431 0 0 
8 0.517064 0 0 
9 0.581697 0 0 
10 0.64633 0 0 
11 0.710963 0 0 
12 0.775596 0 0 
13 0.84023 0.000688485 0.000185673 
14 0.904863 0.145679 0.00243049 
15 0.969496 1.07464 0.00933451 
16 1.03413 2.0432 0.0124336 
17 1.09876 2.26219 0.0162065 
18 1.16339 2.09222 0.0115648 
19 1.22803 1.81919 0.0116703 
20 1.29266 1.61309 0.01033 
21 1.35729 1.45225 0.00619697 
22 1.42193 1.33806 0.00616342 
23 1.48656 1.25434 0.00461166 
24 1.55119 1.19175 0.00498539 
25 1.61583 1.14128 0.005004 
26 1.68046 1.10883 0.00449684 
27 1.74509 1.09259 0.00436226 
28 1.80973 1.08264 0.00379615 
29 1.87436 1.05832 0.00338197 
30 1.93899 1.05849 0.00281254 
31 2.00362 1.06092 0.00360771 
32 2.06826 1.05848 0.00284878 
33 2.13289 1.05124 0.00352975 
34 2.19752 1.05442 0.0037606 
35 2.26216 1.0434 0.0035777 
36 2.32679 1.04153 0.00346911 
37 2.39142 1.03493 0.00393609 
38 2.45606 1.02104 0.00312627 
39 2.52069 1.02638 0.00243449 
40 2.58532 1.01882 0.00337805 
41 2.64995 1.0151 0.00327618 
42 2.71459 1.01302 0.00291349 
43 2.77922 1.00407 0.00299997 
44 2.84385 1.00446 0.00258529 
45 2.90849 1.00513 0.0023594 
46 2.97312 1.0018 0.00210716 
47 3.03775 1.00006 0.00147869 
48 3.10239 0.992213 0.00165026 
49 3.16702 0.997313 0.00246335 
50 3.23165 0.995002 0.00205389 
51 3.29629 0.998365 0.00251661 
52 3.36092 0.999414 0.00199371 
53 3.42555 0.992605 0.00207652 
54 3.49018 0.991076 0.00232254 
55 3.55482 0.994777 0.00241829 
56 3.61945 0.99025 0.00221966 
57 3.68408 0.990621 0.00177521 
58 3.74872 0.989581 0.00187412 
59 3.81335 0.989912 0.00158881 
60 3.87798 0.988869 0.00140766 
61 3.94262 0.985061 0.00153198 
62 4.00725 0.984129 0.00212849 
63 4.07188 0.988851 0.00157323 
64 4.13651 0.988217 0.00163969 
65 4.20115 0.989244 0.00185895 
66 4.26578 0.98824 0.00148249 
67 4.33041 0.987636 0.00201497 
68 4.39505 0.987063 0.00137378 
69 4.45968 0.986589 0.00182962 
70 4.52431 0.987277 0.00141333 
71 4.58895 0.984883 0.00110027 
72 4.65358 0.983994 0.00153119 
73 4.71821 0.9885 0.00126059 
74 4.78285 0.98796 0.00120722 
75 4.84748 0.987063 0.00143475 
76 4.91211 0.988614 0.00121789 
77 4.97674 0.985982 0.00136443 
78 5.04138 0.985285 0.000856292 
79 5.10601 0.985412 0.00137503 
80 5.17064 0.986903 0.00118714 
81 5.23528 0.984527 0.00114347 
82 5.29991 0.982317 0.00118281 
83 5.36454 0.985207 0.00111339 
84 5.42918 0.985705 0.00112616 
85 5.49381 0.985526 0.00133143 
86 5.55844 0.986062 0.00108976 
87 5.62307 0.985417 0.00111983 
88 5.68771 0.986244 0.0010251 
89 5.75234 0.987137 0.00116457 
90 5.81697 0.98495 0.00132145 
91 5.88161 0.984961 0.000931585 
92 5.94624 0.983561 0.00103063 
93 6.01087 0.983587 0.000770573 
94 6.07551 0.98537 0.00131193 
95 6.14014 0.986085 0.00124752 
96 6.20477 0.985242 0.000911389 
97 6.2694 0.98474 0.000821237 
98 6.33404 0.984704 0.000946175 
99 6.39867 0.9855 0.00083861 
0 0 0 0 
1 0.064633 0 0 
2 0.129266 0 0 
3 0.193899 0 0 
4 0.258532 0 0 
5 0.323165 0 0 
6 0.387798 0 0 
7 0.452431 0 0 
8 0.517064 0 0 
9 0.581697 0 0 
10 0.64633 0 0 
11 0.710963 0 0 
12 0.775596 0 0 
13 0.84023 0.000945918 8.68533e-05 
14 0.904863 0.147584 0.00108128 
15 0.969496 1.06532 0.00317742 
16 1.03413 2.04697 0.00549295 
17 1.09876 2.26545 0.00559945 
18 1.16339 2.08649 0.00561268 
19 1.22803 1.8321 0.00357375 
20 1.29266 1.60781 0.00374577 
21 1.35729 1.44958 0.00322918 
22 1.42193 1.33327 0.00264937 
23 1.48656 1.25306 0.00241827 
24 1.55119 1.19108 0.00208313 
25 1.61583 1.14415 0.00183674 
26 1.68046 1.10797 0.00201165 
27 1.74509 1.09397 0.00201251 
28 1.80973 1.07448 0.0017705 
29 1.87436 1.06473 0.00146819 
30 1.93899 1.05715 0.00185464 
31 2.00362 1.05623 0.00159409 
32 2.06826 1.0546 0.0014429 
33 2.13289 1.05277 0.00161175 
34 2.19752 1.04978 0.00142387 
35 2.26216 1.04086 0.00140193 
36 2.32679 1.03613 0.00136471 
37 2.39142 1.03147 0.00136291 
38 2.45606 1.02697 0.00114411 
39 2.52069 1.01938 0.00126607 
40 2.58532 1.01855 0.00116286 
41 2.64995 1.01411 0.00113143 
42 2.71459 1.0112 0.00107592 
43 2.77922 1.00837 0.00114583 
44 2.84385 1.00677 0.00107301 
45 2.90849 1.00403 0.00109663 
46 2.97312 1.00135 0.00109531 
47 3.03775 0.999732 0.00100486 
48 3.10239 0.998443 0.0010534 
49 3.16702 0.997517 0.000940919 
50 3.23165 0.995807 0.000912941 
51 3.29629 0.995867 0.000830276 
52 3.36092 0.995499 0.000886139 
53 3.42555 0.993763 0.000919463 
54 3.49018 0.99417 0.000869266 
55 3.55482 0.992024 0.000839143 
56 3.61945 0.991678 0.000845115 
57 3.68408 0.992205 0.000925658 
58 3.74872 0.991625 0.000841924 
59 3.81335 0.991521 0.00071981 
60 3.87798 0.989277 0.000772674 
61 3.94262 0.989407 0.000772842 
62 4.00725 0.98932 0.000769381 
63 4.07188 0.989468 0.000691578 
64 4.13651 0.988989 0.000773732 
65 4.20115 0.988159 0.000743504 
66 4.26578 0.987977 0.00065146 
67 4.33041 0.98888 0.000697224 
68 4.39505 0.987938 0.000667176 
69 4.45968 0.986754 0.000658422 
70 4.52431 0.988025 0.000715924 
71 4.58895 0.98784 0.000727071 
72 4.65358 0.985741 0.000593218 
73 4.71821 0.987057 0.000562831 
74 4.78285 0.987019 0.000570133 
75 4.84748 0.986153 0.000612739 
76 4.91211 0.986162 0.000665871 
77 4.97674 0.98649 0.000567887 
78 5.04138 0.986951 0.000514418 
79 5.10601 0.986812 0.000586694 
80 5.17064 0.986632 0.000527775 
81 5.23528 0.986188 0.000496018 
82 5.29991 0.985885 0.000522227 
83 5.36454 0.986276 0.000557776 
84 5.42918 0.98641 0.000586825 
85 5.49381 0.986016 0.000510056 
86 5.55844 0.985434 0.000491656 
87 5.62307 0.985581 0.000495044 
88 5.68771 0.986421 0.000556147 
89 5.75234 0.986089 0.000476311 
90 5.81697 0.986306 0.00051914 
91 5.88161 0.985853 0.000487254 
92 5.94624 0.986629 0.000489642 
93 6.01087 0.985511 0.00052046 
94 6.07551 0.98586 0.000437034 
95 6.14014 0.985237 0.000493153 
96 6.20477 0.985271 0.000508997 
97 6.2694 0.984885 0.000500845 
98 6.33404 0.985897 0.000477921 
99 6.39867 0.986161 0.000470742 
