           1     1.03391     1.03391           0
           2     1.28329      1.1586    0.124686
           3     1.53302     1.28341    0.144081
           4     1.37391     1.30603    0.104363
           5     1.38843     1.32251   0.0825018
           6     1.35499     1.32793   0.0675796
           7     1.27408     1.32023    0.057631
           8     1.36302     1.32558   0.0501956
           9     1.26917     1.31931   0.0447099
          10     1.31954     1.31934   0.0399897
          11     1.36009     1.32304   0.0363613
          12     1.35574     1.32577   0.0333048
          13     1.47536     1.33727   0.0327257
          14     1.49001     1.34818   0.0322024
          15     1.36748     1.34947   0.0300064
          16     1.49202     1.35838   0.0294486
          17     1.47734     1.36538   0.0285335
          18     1.39253     1.36689   0.0269439
          19     1.27175     1.36188   0.0259737
          20     1.47048     1.36731    0.025232
           1     1.49105     1.49105           0
           2     1.21622     1.35363    0.137411
           3     1.46228     1.38985   0.0872091
           4     1.39376     1.39083   0.0616739
           5     1.36468      1.3856   0.0480578
           6     1.47583     1.40064   0.0420224
           7     1.56189     1.42367   0.0423326
           8     1.37524     1.41762   0.0371576
           9      1.3243     1.40725   0.0343713
          10     1.43941     1.41047   0.0309103
          11     1.46492     1.41542   0.0283943
          12     1.33239      1.4085   0.0268279
          13      1.2658     1.39752   0.0270092
          14     1.32868      1.3926   0.0254846
          15     1.40917     1.39371   0.0237506
          16      1.3071     1.38829   0.0228666
          17     1.44847     1.39183   0.0217691
          18     1.50637      1.3982   0.0214879
          19     1.43979     1.40039   0.0204431
          20     1.40278     1.40051   0.0193944
          21      1.3762     1.39935    0.018484
          22     1.28472     1.39414   0.0183778
          23     1.39512     1.39418   0.0175607
          24     1.36706     1.39305    0.016851
          25     1.40438      1.3935   0.0161693
          26     1.40794     1.39406   0.0155448
          27     1.40254     1.39437   0.0149613
          28     1.50997      1.3985   0.0149966
          29     1.49572     1.40185   0.0148535
          30     1.38823      1.4014    0.014357
          31     1.37435     1.40053   0.0139135
          32     1.19825     1.39421    0.014881
          33     1.32714     1.39217   0.0145655
          34     1.44126     1.39362   0.0142042
          35     1.44821     1.39518   0.0138803
          36     1.53747     1.39913   0.0140564
          37     1.51738     1.40233   0.0140398
          38     1.36454     1.40133   0.0137015
          39     1.26491     1.39783   0.0137963
          40     1.44362     1.39898   0.0134956
          41     1.39667     1.39892   0.0131624
          42     1.29691     1.39649   0.0130728
          43     1.46859     1.39817   0.0128748
          44     1.43625     1.39904   0.0126086
          45     1.37684     1.39854   0.0123351
          46     1.40249     1.39863   0.0120642
          47     1.59845     1.40288    0.012547
          48     1.38676     1.40254   0.0122874
          49     1.44862     1.40348   0.0120707
          50     1.49869     1.40539   0.0119792
          51     1.42255     1.40573   0.0117468
          52     1.38379      1.4053   0.0115264
          53     1.34434     1.40415   0.0113651
          54     1.46176     1.40522   0.0112036
          55      1.4348     1.40576   0.0110111
          56     1.35764      1.4049   0.0108468
          57     1.41779     1.40512   0.0106572
          58     1.36346     1.40441   0.0104965
          59     1.47146     1.40554   0.0103794
          60     1.33328     1.40434   0.0102758
          61     1.43448     1.40483    0.010118
          62     1.30229     1.40318     0.01009
          63     1.49598     1.40465   0.0100372
          64     1.45426     1.40543   0.0099095
          65     1.36187     1.40476  0.00977883
          66     1.34143      1.4038  0.00967722
          67     1.40166     1.40377  0.00953174
          68       1.405     1.40378  0.00939054
          69     1.41728     1.40398  0.00925551
          70     1.32553     1.40286  0.00919092
          71     1.46231      1.4037  0.00909915
          72     1.39967     1.40364  0.00897206
          73     1.18574     1.40065  0.00933823
          74     1.48744     1.40183  0.00928553
          75      1.3509     1.40115  0.00918602
          76     1.42003      1.4014  0.00906775
          77     1.29547     1.40002  0.00905432
          78     1.32567     1.39907  0.00898818
          79     1.27963     1.39756  0.00900156
          80     1.37299     1.39725  0.00889363
          81     1.37417     1.39696  0.00878777
          82     1.45872     1.39772  0.00871256
          83     1.29963     1.39654   0.0086877
          84     1.40768     1.39667  0.00858468
          85     1.38758     1.39656  0.00848376
          86     1.44033     1.39707  0.00839996
          87     1.31628     1.39614  0.00835461
          88      1.3081     1.39514   0.0083195
          89     1.40971      1.3953  0.00822712
          90      1.4366     1.39576  0.00814813
          91     1.44007     1.39625  0.00807279
          92     1.47226     1.39708  0.00802719
          93     1.56886     1.39892  0.00815243
          94     1.45512     1.39952  0.00808736
          95     1.33576     1.39885  0.00802988
          96     1.34857     1.39833  0.00796303
          97     1.48391     1.39921  0.00792975
          98     1.33249     1.39853  0.00787789
          99     1.33389     1.39788   0.0078252
         100     1.51593     1.39906  0.00783599
           1   0.0508669   0.0508669           0
           2   0.0493879   0.0501274  0.00073949
           3   0.0497541    0.050003 0.000444707
           4   0.0486364   0.0496613 0.000464329
           5   0.0498305   0.0496952 0.000361255
           6    0.049744   0.0497033 0.000295076
           7   0.0500684   0.0497555 0.000254782
           8   0.0467988   0.0493859  0.00043044
           9   0.0501628   0.0494722 0.000389304
          10   0.0493624   0.0494612 0.000348377
          11   0.0503613    0.049543 0.000325568
          12   0.0480465   0.0494183 0.000322306
          13   0.0497235   0.0494418 0.000297406
          14   0.0488617   0.0494004 0.000278445
          15   0.0473019   0.0492605 0.000294559
          16   0.0491172   0.0492515 0.000275681
          17   0.0471905   0.0491303 0.000285931
          18   0.0461906    0.048967 0.000315189
          19   0.0471693   0.0488724 0.000312792
          20    0.047181   0.0487878 0.000308556
           1   0.0475489   0.0475489           0
           2   0.0473169   0.0474329 0.000116003
           3   0.0498591   0.0482416 0.000811474
           4   0.0491239   0.0484622 0.000614733
           5   0.0496309    0.048696 0.000530444
           6   0.0480643   0.0485907 0.000445715
           7    0.051422   0.0489952 0.000552721
           8   0.0492315   0.0490247 0.000479581
           9   0.0494032   0.0490668 0.000425036
          10   0.0486811   0.0490282 0.000382115
          11   0.0488226   0.0490095 0.000346141
          12    0.050156    0.049105 0.000330111
          13   0.0492331   0.0491149 0.000303817
          14   0.0491781   0.0491194 0.000281316
          15   0.0482017   0.0490582 0.000268942
          16   0.0498943   0.0491105 0.000256942
          17   0.0477457   0.0490302 0.000254356
          18    0.048986   0.0490277 0.000239822
          19   0.0488101   0.0490163 0.000227138
          20   0.0495351   0.0490422 0.000217038
           1   0.0503937   0.0503937           0
           2   0.0492087   0.0498012 0.000592497
           3   0.0496085    0.049737 0.000348055
           1   0.0488162   0.0488162           0
           2     0.04836   0.0485881 0.000228101
           3   0.0488339     0.04867 0.000155101
           4    0.048712   0.0486805 0.000110175
           5   0.0485814   0.0486607 8.76133e-05
           1   0.0492538   0.0492538           0
           2   0.0493293   0.0492915 3.77632e-05
           1   0.0489316   0.0489316           0
           2   0.0492679   0.0490998  0.00016814
           1   0.0493362   0.0493362           0
           2   0.0493732   0.0493547 1.85128e-05
           1   0.0487282   0.0487282           0
           2   0.0492428   0.0489855 0.000257295
           3   0.0490091   0.0489933 0.000148758
           1   0.0486926   0.0486926           0
           2   0.0491975   0.0489451 0.000252416
           1   0.0487282   0.0487282           0
           2   0.0492428   0.0489855 0.000257295
           3   0.0490091   0.0489933 0.000148758
           4   0.0490652   0.0490113  0.00010671
           5   0.0486966   0.0489484 0.000103891
           6   0.0487474   0.0489149 9.11969e-05
           7   0.0492443   0.0489619  9.0306e-05
           8   0.0488103    0.048943 8.04718e-05
           9   0.0492176   0.0489735 7.72521e-05
          10   0.0493844   0.0490146 8.03922e-05
          11   0.0492156   0.0490329 7.49789e-05
          12   0.0497179   0.0490899 8.91278e-05
          13   0.0483878   0.0490359 9.81759e-05
          14   0.0486131   0.0490057  9.5779e-05
          15   0.0489898   0.0490047 8.91717e-05
          16   0.0493774    0.049028 8.66039e-05
          17   0.0490016   0.0490264  8.1365e-05
          18   0.0494834   0.0490518  8.0804e-05
          19   0.0489931   0.0490487 7.64952e-05
          20   0.0493122   0.0490619 7.37555e-05
           1   0.0492076   0.0492076           0
           2   0.0497216   0.0494646 0.000257012
           3   0.0493525   0.0494272 0.000153021
           4   0.0490127   0.0493236 0.000149832
           5   0.0492908    0.049317 0.000116245
           6   0.0484462   0.0491719 0.000173421
           7   0.0493499   0.0491973 0.000148758
           8   0.0491017   0.0491854 0.000129382
           9   0.0488551   0.0491487 0.000119858
          10    0.048936   0.0491274 0.000109294
          11   0.0481389   0.0490376 0.000133598
          12   0.0483216   0.0489779 0.000135768
          13   0.0489252   0.0489738 0.000124955
          14   0.0487329   0.0489566 0.000116959
          15    0.049339   0.0489821 0.000111827
          16   0.0490883   0.0489887 0.000104815
          17   0.0491772   0.0489998 9.90786e-05
          18   0.0488642   0.0489923 9.37155e-05
          19   0.0487065   0.0489773 8.99135e-05
          20   0.0493562   0.0489962 8.73789e-05
          21   0.0491686   0.0490044 8.35186e-05
          22   0.0490684   0.0490073  7.9685e-05
          23   0.0491548   0.0490137  7.6411e-05
          24    0.049572    0.049037  7.6767e-05
          25   0.0487303   0.0490247 7.46477e-05
          26   0.0491346    0.049029 7.18435e-05
          27   0.0494221   0.0490435 7.06484e-05
          28   0.0491535   0.0490474 6.81916e-05
          29   0.0489347   0.0490436  6.5913e-05
          30   0.0491081   0.0490457 6.37143e-05
          31   0.0494228   0.0490579 6.28136e-05
          32   0.0487329   0.0490477 6.16612e-05
          33   0.0488258    0.049041 6.01405e-05
          34    0.049009     0.04904 5.83524e-05
          35   0.0490214   0.0490395 5.66632e-05
          36   0.0490886   0.0490409 5.50836e-05
          37   0.0491152   0.0490429 5.36118e-05
          38   0.0491035   0.0490445 5.22063e-05
          39   0.0490739   0.0490452 5.08556e-05
          40   0.0494243   0.0490547 5.04657e-05
          41   0.0489765   0.0490528 4.92563e-05
          42   0.0490708   0.0490532 4.80712e-05
          43    0.049459   0.0490627 4.78792e-05
          44   0.0491453   0.0490645 4.68161e-05
          45    0.049492    0.049074 4.67392e-05
          46   0.0491871   0.0490765 4.57779e-05
          47   0.0488779   0.0490723 4.49921e-05
          48   0.0495493   0.0490822 4.51522e-05
          49   0.0484551   0.0490694 4.60358e-05
          50   0.0491565   0.0490712 4.51393e-05
          51   0.0482588   0.0490552 4.70249e-05
          52   0.0499223   0.0490719 4.90338e-05
          53   0.0492048   0.0490744  4.8165e-05
          54   0.0493636   0.0490798 4.75672e-05
          55   0.0493461   0.0490846 4.69448e-05
          56   0.0486959   0.0490777 4.66185e-05
          57   0.0495248   0.0490855 4.64602e-05
          58   0.0486189   0.0490775 4.63555e-05
          59   0.0488028   0.0490728 4.58003e-05
          60   0.0489345   0.0490705 4.50895e-05
          61   0.0488666   0.0490672   4.447e-05
          62    0.049909   0.0490807 4.58056e-05
          63   0.0489815   0.0490792 4.51002e-05
          64   0.0489605   0.0490773 4.44286e-05
          65   0.0493148    0.049081 4.38921e-05
          66   0.0497498   0.0490911 4.43942e-05
          67   0.0487895   0.0490866 4.39577e-05
          68   0.0489227   0.0490842 4.33735e-05
          69   0.0486925   0.0490785 4.31155e-05
          70    0.049264   0.0490812 4.25776e-05
          71   0.0490976   0.0490814 4.19743e-05
          72   0.0492086   0.0490832 4.14249e-05
          73   0.0493238   0.0490865 4.09863e-05
          74   0.0487179   0.0490815 4.07342e-05
          75    0.048845   0.0490783  4.0311e-05
          76   0.0490839   0.0490784 3.97771e-05
          77   0.0494516   0.0490832 3.95552e-05
          78    0.049156   0.0490842 3.90559e-05
          79   0.0488842   0.0490816 3.86414e-05
          80   0.0488666    0.049079 3.82499e-05
          81   0.0489228    0.049077 3.78238e-05
          82   0.0489358   0.0490753 3.73994e-05
          83    0.048454   0.0490678 3.76969e-05
          84   0.0488308    0.049065 3.73521e-05
          85   0.0486717   0.0490604  3.7199e-05
          86    0.049074   0.0490605 3.67642e-05
          87    0.049051   0.0490604 3.63393e-05
          88   0.0486748    0.049056 3.61903e-05
          89   0.0489194   0.0490545 3.58143e-05
          90   0.0487206   0.0490508  3.5608e-05
          91   0.0490526   0.0490508 3.52145e-05
          92   0.0491853   0.0490523 3.48603e-05
          93   0.0487805   0.0490494  3.4607e-05
          94   0.0489065   0.0490478 3.42706e-05
          95   0.0489541   0.0490468 3.39223e-05
          96   0.0490139   0.0490465 3.35688e-05
          97    0.048331   0.0490391   3.403e-05
          98   0.0492805   0.0490416 3.37709e-05
          99   0.0492452   0.0490436 3.34913e-05
         100   0.0489064   0.0490423  3.3183e-05
