           1    -5.52923    -5.52923           0
           2     -5.4896    -5.50941   0.0198158
           3     -5.4274    -5.48208   0.0296338
           4    -5.46727    -5.47837   0.0212787
           5    -5.45579    -5.47386   0.0170903
           6    -5.47401    -5.47388   0.0139542
           7    -5.48446    -5.47539   0.0118898
           8    -5.47198    -5.47497   0.0103057
           9    -5.48376    -5.47594   0.0091411
          10    -5.47562    -5.47591  0.00817611
          11    -5.47155    -5.47551   0.0074062
          12    -5.47091    -5.47513   0.0067718
          13    -5.44168    -5.47256  0.00673956
          14    -5.44854    -5.47084  0.00647108
          15     -5.4785    -5.47135  0.00604586
          16    -5.44672    -5.46981  0.00586116
          17    -5.45456    -5.46892  0.00557822
          18    -5.45484    -5.46813  0.00531704
          19    -5.48784    -5.46917  0.00513527
          20     -5.4481    -5.46812  0.00498433
           1    -5.44501    -5.44501           0
           2    -5.50129    -5.47315     0.02814
           3    -5.45502    -5.46711    0.017335
           4    -5.47473    -5.46901    0.012405
           5    -5.46924    -5.46906    0.009609
           6    -5.44469      -5.465  0.00883447
           7    -5.43964    -5.46138  0.00829886
           8     -5.4784     -5.4635  0.00749547
           9    -5.47302    -5.46456  0.00669436
          10    -5.45788    -5.46389  0.00602482
          11    -5.45087    -5.46271  0.00557675
          12    -5.47804    -5.46399  0.00524867
          13    -5.49455    -5.46634  0.00537003
          14    -5.47778    -5.46715  0.00503846
          15    -5.45727     -5.4665  0.00473663
          16    -5.47988    -5.46733  0.00450896
          17    -5.44533    -5.46604  0.00442868
          18    -5.43953    -5.46456  0.00442752
          19    -5.45024    -5.46381  0.00425531
          20    -5.46012    -5.46363  0.00404116
          21    -5.46877    -5.46387  0.00385171
          22     -5.4831    -5.46475  0.00377499
          23    -5.47454    -5.46517  0.00363218
          24    -5.47591    -5.46562  0.00350622
          25    -5.46182    -5.46547  0.00336647
          26    -5.46753    -5.46555  0.00323538
          27    -5.47402    -5.46586  0.00312901
          28    -5.43671    -5.46482  0.00318982
          29    -5.44363    -5.46409   0.0031634
          30     -5.4614      -5.464  0.00305745
          31    -5.46669    -5.46409  0.00295845
          32    -5.49523    -5.46506  0.00302532
          33    -5.47411    -5.46533  0.00294502
          34    -5.46104    -5.46521  0.00285988
          35     -5.4494    -5.46476  0.00281347
          36    -5.43554    -5.46394  0.00285213
          37    -5.44258    -5.46337   0.0028334
          38    -5.48164    -5.46385  0.00279944
          39    -5.49278    -5.46459  0.00282581
          40    -5.45194    -5.46427  0.00277235
          41    -5.45889    -5.46414  0.00270707
          42    -5.48593    -5.46466  0.00269228
          43    -5.44304    -5.46416  0.00267656
          44    -5.45251    -5.46389  0.00262839
          45    -5.46614    -5.46394   0.0025698
          46    -5.45767    -5.46381    0.002517
          47    -5.43262    -5.46314  0.00255069
          48    -5.46373    -5.46315  0.00249702
          49    -5.45486    -5.46299  0.00245137
          50    -5.45107    -5.46275  0.00241363
          51    -5.45686    -5.46263  0.00236864
          52      -5.463    -5.46264  0.00232266
          53    -5.47213    -5.46282  0.00228543
          54    -5.43822    -5.46236   0.0022885
          55    -5.45783    -5.46228  0.00224802
          56    -5.47574    -5.46252  0.00222056
          57    -5.45518    -5.46239  0.00218505
          58     -5.4716    -5.46255  0.00215291
          59    -5.45695    -5.46246  0.00211824
          60    -5.46921    -5.46257  0.00208567
          61    -5.45672    -5.46247  0.00205344
          62    -5.49073    -5.46293  0.00207083
          63    -5.45527    -5.46281  0.00204132
          64    -5.45224    -5.46264  0.00201594
          65    -5.46834    -5.46273  0.00198662
          66    -5.47846    -5.46297  0.00197076
          67    -5.46953    -5.46307  0.00194359
          68    -5.46749    -5.46313   0.0019159
          69    -5.46695    -5.46319  0.00188874
          70    -5.47638    -5.46337  0.00187107
          71    -5.45195    -5.46321  0.00185153
          72    -5.46129    -5.46319  0.00182583
          73    -5.50082     -5.4637  0.00187299
          74    -5.44107     -5.4634  0.00187265
          75    -5.46572    -5.46343  0.00184777
          76    -5.46471    -5.46344  0.00182338
          77     -5.4689    -5.46352  0.00180094
          78    -5.47493    -5.46366  0.00178371
          79    -5.47807    -5.46384   0.0017704
          80    -5.46864     -5.4639  0.00174916
          81     -5.4695    -5.46397  0.00172881
          82    -5.45713    -5.46389  0.00170964
          83     -5.4806    -5.46409  0.00170087
          84    -5.45403    -5.46397  0.00168476
          85    -5.47514     -5.4641     0.00167
          86    -5.45897    -5.46404  0.00165155
          87    -5.48326    -5.46426  0.00164733
          88    -5.48366    -5.46448  0.00164335
          89     -5.4567     -5.4644  0.00162713
          90    -5.45224    -5.46426  0.00161461
          91    -5.45739    -5.46419  0.00159855
          92    -5.44479    -5.46398  0.00159507
          93     -5.4253    -5.46356  0.00163172
          94    -5.45867    -5.46351  0.00161511
          95    -5.48053    -5.46369  0.00160803
          96    -5.47856    -5.46384  0.00159872
          97     -5.4517    -5.46372   0.0015871
          98     -5.4687    -5.46377  0.00157164
          99    -5.47995    -5.46393  0.00156425
         100    -5.44238    -5.46371  0.00156346
           1   -0.321912   -0.321912           0
           2   -0.418969    -0.37044   0.0485287
           3    -0.39222     -0.3777   0.0289433
           4   -0.391158   -0.381065   0.0207407
           5    -0.36188   -0.377228   0.0165175
           6   -0.377298    -0.37724   0.0134865
           7   -0.418184   -0.383089   0.0128114
           8   -0.428777     -0.3888   0.0124785
           9   -0.397189   -0.389732   0.0110444
          10   -0.463243   -0.397083   0.0123135
          11   -0.513576   -0.407673   0.0153691
          12   -0.438633   -0.410253   0.0142652
          13   -0.390369   -0.408724   0.0132109
          14   -0.406123   -0.408538   0.0122324
          15   -0.480772   -0.413353   0.0123641
          16   -0.451959   -0.415766   0.0118145
          17    -0.48404   -0.419782   0.0118021
          18   -0.493661   -0.423887     0.01186
          19   -0.505186   -0.428166   0.0120068
          20   -0.520384   -0.432777   0.0122885
           1   -0.527595   -0.527595           0
           2     -0.4392   -0.483397   0.0441976
           3   -0.437304   -0.468033   0.0297861
           4   -0.476381    -0.47012   0.0211651
           5   -0.397189   -0.455534   0.0219438
           6   -0.360035   -0.439617   0.0239656
           7   -0.389617   -0.432474   0.0214773
           8   -0.388412   -0.426967   0.0193982
           9   -0.434446   -0.427798   0.0171278
          10   -0.409266   -0.425944   0.0154312
          11   -0.368423   -0.420715   0.0149054
          12   -0.381849   -0.417476   0.0139869
          13   -0.395805   -0.415809   0.0129736
          14    -0.49197   -0.421249   0.0131858
          15   -0.441937   -0.422629   0.0123525
          16   -0.359231   -0.418666   0.0122152
          17   -0.372451   -0.415948   0.0117919
          18   -0.429673    -0.41671   0.0111436
          19   -0.416075   -0.416677   0.0105408
          20   -0.404714   -0.416079   0.0100178
           1   -0.402856   -0.402856           0
           2   -0.474615   -0.438735   0.0358794
           3   -0.493288    -0.45692   0.0275641
           1   -0.413232   -0.413232           0
           2   -0.420122   -0.416677  0.00344505
           3   -0.408618   -0.413991  0.00334249
           4   -0.455416   -0.424347   0.0106227
           5   -0.435752   -0.426628  0.00853863
           1    -0.40959    -0.40959           0
           2   -0.417002   -0.413296  0.00370588
           1   -0.418841   -0.418841           0
           2    -0.41536   -0.417101   0.0017402
           1   -0.408758   -0.408758           0
           2   -0.413513   -0.411135  0.00237741
           1   -0.410717   -0.410717           0
           2    -0.40835   -0.409534  0.00118348
           3   -0.412705   -0.410591  0.00125883
           1   -0.409004   -0.409004           0
           2   -0.413327   -0.411165  0.00216167
           1   -0.410717   -0.410717           0
           2    -0.40835   -0.409534  0.00118348
           3   -0.412705   -0.410591  0.00125883
           4   -0.416581   -0.412088  0.00174203
           5   -0.422565   -0.414184  0.00249218
           6   -0.420013   -0.415155  0.00225489
           7   -0.412864   -0.414828  0.00193364
           8   -0.417434   -0.415154  0.00170596
           9   -0.408335   -0.414396  0.00168448
          10   -0.422504   -0.415207  0.00171096
          11   -0.416295   -0.415306  0.00155078
          12   -0.406968   -0.414611  0.00157698
          13   -0.414588   -0.414609  0.00145061
          14   -0.410447   -0.414312  0.00137552
          15   -0.415983   -0.414423  0.00128537
          16   -0.422994   -0.414959  0.00131629
          17   -0.414555   -0.414935  0.00123666
          18    -0.41417   -0.414893  0.00116671
          19   -0.410998   -0.414688  0.00112248
          20   -0.405412   -0.414224  0.00116148
           1   -0.414735   -0.414735           0
           2   -0.409705    -0.41222  0.00251489
           3   -0.421454   -0.415298  0.00340343
           4   -0.415239   -0.415283  0.00240663
           5   -0.417075   -0.415642   0.0018983
           6   -0.418852   -0.416177   0.0016397
           7    -0.40939   -0.415207  0.00169127
           8   -0.415122   -0.415196  0.00146472
           9   -0.415461   -0.415226   0.0012921
          10   -0.418645   -0.415568  0.00120521
          11   -0.424299   -0.416362  0.00134853
          12   -0.411685   -0.415972  0.00129123
          13   -0.418608   -0.416175  0.00120495
          14   -0.410401   -0.415762  0.00118935
          15   -0.419083   -0.415984  0.00112914
          16   -0.417027   -0.416049  0.00105822
          17   -0.408099   -0.415581  0.00109852
          18   -0.415337   -0.415568  0.00103579
          19   -0.408259   -0.415183  0.00105256
          20   -0.408436   -0.414846  0.00105399
          21   -0.413018   -0.414759  0.00100631
          22   -0.408948   -0.414495 0.000995173
          23   -0.416425   -0.414578 0.000954618
          24   -0.411939   -0.414468 0.000920568
          25   -0.417878   -0.414605 0.000893446
          26   -0.414236   -0.414591 0.000858512
          27   -0.414353   -0.414582  0.00082615
          28   -0.414398   -0.414575 0.000796125
          29   -0.415802   -0.414618 0.000769346
          30   -0.406633   -0.414351 0.000789477
          31     -0.4163   -0.414414 0.000766169
          32   -0.413873   -0.414397 0.000742032
          33   -0.416591   -0.414464  0.00072226
          34   -0.416033    -0.41451 0.000702214
          35   -0.409458   -0.414366 0.000696967
          36   -0.409595   -0.414233 0.000690174
          37   -0.414156   -0.414231 0.000671264
          38   -0.414275   -0.414232 0.000653362
          39   -0.415473   -0.414264 0.000637184
          40   -0.402853   -0.413979 0.000683437
          41   -0.417561   -0.414066 0.000672263
          42   -0.415089    -0.41409 0.000656513
          43   -0.416046   -0.414136 0.000642674
          44   -0.414778   -0.414151 0.000628068
          45   -0.406682   -0.413985 0.000635989
          46   -0.412732   -0.413957 0.000622606
          47   -0.414011   -0.413959 0.000609216
          48   -0.408436   -0.413843 0.000607386
          49   -0.417675   -0.413922 0.000599978
          50   -0.416173   -0.413967 0.000589578
          51   -0.412186   -0.413932 0.000578957
          52   -0.411705   -0.413889 0.000569327
          53   -0.411845    -0.41385 0.000559811
          54   -0.411777   -0.413812 0.000550687
          55    -0.41661   -0.413863 0.000542971
          56   -0.422177   -0.414011  0.00055347
          57    -0.41652   -0.414055 0.000545452
          58   -0.417159   -0.414109 0.000538629
          59   -0.410343   -0.414045 0.000533255
          60   -0.417412   -0.414101 0.000527287
          61   -0.404536   -0.413944  0.00054176
          62   -0.413439   -0.413936 0.000533013
          63   -0.412068   -0.413906 0.000525322
          64   -0.415138   -0.413926 0.000517407
          65   -0.413217   -0.413915 0.000509501
          66   -0.411354   -0.413876  0.00050322
          67   -0.414463   -0.413885 0.000495729
          68   -0.412792   -0.413869 0.000488649
          69   -0.409493   -0.413805 0.000485674
          70   -0.414789   -0.413819 0.000478891
          71    -0.41877   -0.413889 0.000477219
          72   -0.411355   -0.413854 0.000471858
          73   -0.412339   -0.413833 0.000465812
          74   -0.419235   -0.413906 0.000465237
          75   -0.411393   -0.413873 0.000460214
          76   -0.417337   -0.413918   0.0004564
          77   -0.417608   -0.413966 0.000452975
          78   -0.411819   -0.413939 0.000447977
          79   -0.409132   -0.413878 0.000446435
          80   -0.409297    -0.41382 0.000444523
          81   -0.419569   -0.413891 0.000444699
          82   -0.412124    -0.41387 0.000439771
          83   -0.415217   -0.413886 0.000434744
          84   -0.417816   -0.413933 0.000432078
          85   -0.417783   -0.413978  0.00042936
          86   -0.419333    -0.41404 0.000428881
          87   -0.412626   -0.414024 0.000424235
          88   -0.418689   -0.414077 0.000422723
          89   -0.415681   -0.414095 0.000418335
          90   -0.417277   -0.414131 0.000415169
          91   -0.412107   -0.414108 0.000411183
          92   -0.408482   -0.414047 0.000411261
          93   -0.418158   -0.414091 0.000409209
          94   -0.411923   -0.414068  0.00040549
          95    -0.41072   -0.414033 0.000402744
          96   -0.409142   -0.413982  0.00040177
          97   -0.415255   -0.413995 0.000397823
          98   -0.415867   -0.414014 0.000394205
          99   -0.413713   -0.414011 0.000390215
         100     -0.4226   -0.414097 0.000395725
