834.712
845.81
827.238
834.807
817.107
866.205
851.728
868.915
859.141
866.007
879.444
845.316
834.752
803.834
838.243
878.545
856.281
873.653
863.663
925.627
896.142
906.524
895.96
825.638
807.459
816.552
824.584
764.741
779.79
779.687
813.096
787.627
749.947
748.083
728.135
779.949
767.241
757.857
740.887
740.612
734.023
795.395
839.221
819.058
830.905
801.202
830.928
803.708
785.154
785.331
809.709
784.791
773.656
861.817
853.421
846.222
768.468
777.409
755.425
768.441
756.919
784.798
797.359
793.56
880.322
875.299
874.779
875.924
885.669
891.114
856.97
878.022
873.043
832.817
837.591
851.816
857.519
805.964
786.394
727.198
739.021
734.892
733.117
763.113
766.196
758.787
783.339
786.41
806.983
813.822
823.186
810.275
800.828
820.928
837.086
851.558
870.939
884.688
887.295
875.39
889.36
887.002
886.379
861.121
851.627
832.553
846.392
877.824
855.012
843.681
840.392
790.542
789.245
815.936
804.891
780.29
755.378
777.601
811.911
810.598
840.572
836.895
891.045
891.996
871.149
852.08
806.823
838.388
881.566
798.911
781.717
775.636
747.849
716.224
749.388
771.135
773.208
804.11
830.887
848.439
828.84
830.768
846.628
825.708
863.701
906.077
903.043
896.491
893.121
884.262
920.314
941.43
937.56
924.638
893.886
869.013
920.245
861.918
915.34
869.324
797.036
791.881
795.521
750.512
800.788
797.667
793.685
821.806
792.925
813.353
808.627
827.244
815.267
846.115
804.024
827.567
822.842
823.736
844.329
829.581
837.374
797.13
821.562
914.323
873.923
867.926
896.622
882.186
888.56
928.765
971.852
967.567
921.701
822.833
875.181
829.545
898.848
826.885
781.146
800.745
803.436
821.193
818.268
800.707
779.225
792.552
844.363
854.722
839.11
858.437
820.512
876.286
846.59
894.236
937.579
898.006
824.784
817.707
801.4
789.73
750.212
728.357
790.717
788.144
776.955
743.486
722.626
761.487
796.629
795.781
815.789
822.691
865.317
868.568
871.254
827.733
861.751
897.601
911.755
897.137
906.988
834.866
809.093
786.213
833.404
843.684
846.854
800.289
880.558
867.942
911.387
888.016
850.94
816.4
763.467
758.045
787.769
780.797
770.572
775.478
761.557
744.635
769.723
806.148
832.642
838.953
855.771
858.757
833.087
828.14
852.245
844.035
811.088
789.088
808.655
826.768
830.18
820.831
860.263
866.871
851.472
835.746
841.191
804.844
756.636
804.492
764.685
800.12
847.976
848.784
829.567
791.867
819.834
807.916
837.12
864.982
833.23
837.032
836.451
818.861
783.091
778.318
747.107
855.905
838.582
834.652
824.381
878.818
924.011
921.659
898.014
937.022
904.248
895.795
906.618
870.012
876.69
841.114
862.119
830.544
878.613
852.742
870.624
879.863
870.683
891.095
915.765
868.456
879.46
890.444
855.482
834.841
847.918
877.638
882.942
904.985
888.575
880.326
914.658
908.123
890.575
889.614
875.229
904.089
887.131
856.945
890.873
894.798
838.561
819.645
788.072
806.318
822.861
862.479
895.731
880.938
865.789
881.528
886.974
872.091
890.384
936.672
900.287
897.617
853.145
866.893
896.91
822.301
826.132
854.339
858.978
841.582
829.835
806.927
860.15
832.296
811.086
812.947
780.377
807.681
824.599
817.88
800.178
818.323
805.865
793.211
836.445
859.911
812.679
821.038
822.267
874.796
933.101
945.302
946.956
924.608
866.657
812.888
785.926
805.661
832.63
868.426
865.64
858.663
836.67
810.545
798.577
807.125
814.453
802.899
821.574
818.772
809.225
839.422
843.099
851.251
892.077
893.687
896.325
876.428
831.443
767.817
793.78
814.326
778.282
797.728
839.448
821.304
819.198
830.547
812.903
818.837
815.933
829.505
800.844
795.86
799.678
838.856
843.821
798.686
805.489
777.662
772.007
783.141
813.381
815.322
844.469
807.135
856.93
812.079
829.822
804.183
800.596
829.662
843.37
875.048
852.715
873.24
813.541
845.201
855.182
861.998
857.407
829.451
834.947
808.746
810.087
800.226
837.527
802.612
842.695
834.767
862.609
880.798
886.669
899.47
879.413
832.59
800.749
845.057
829.328
819.978
805.928
872.982
880.472
858.93
842.041
838.798
844.955
845.203
809.063
857.705
886.654
852.386
841.256
861.911
785.082
800.615
814.822
820.352
840.54
799.51
756.729
764.516
752.857
770.349
787.251
743.779
772.019
808.548
811.31
833.664
838.66
828.337
864.271
808.205
837.836
786.677
795.188
752.651
811.54
812.997
828.109
840.027
840.002
834.459
828.472
816.716
795.59
791.948
812.817
808.235
822.988
818.096
841.191
887.821
839.004
842.839
810.744
799.092
828.274
813.611
814.409
865.379
833.375
835.144
814.813
831.491
859.904
826.322
843.072
887.883
931.443
946.599
976.124
990.411
920.547
867.742
874.427
902.191
905.049
874.294
866.827
864.382
857.412
844.411
860.405
864.296
888.77
868.411
884.424
874.6
868.069
898.753
881.968
889.309
820.611
795.012
817.501
797.58
809.383
818.511
809.118
808.63
834.278
882.779
893.443
907.85
878.684
873.805
917.501
903.587
875.021
870.993
878.578
859.525
864.299
862.12
851.469
837.022
858.766
869.043
903.036
909.143
881.283
866.307
865.799
840.22
851.008
877.119
864.299
885.402
841.474
860.994
892.064
876.324
896.134
914.87
877.161
886.479
885.348
849.786
850.448
851.746
808.416
791.875
805.857
844.15
872.292
863.002
835.355
872.474
856.178
816.241
803.808
763.724
737.71
713.649
769.453
790.183
815.403
824.065
795.004
799.539
803.713
818.456
826.372
784.083
811.555
778.772
759.051
750.295
780.564
810.697
799.303
832.307
875.447
812.641
810.004
837.648
823.695
797.837
787.083
772.62
800.098
824.221
859.733
817.175
828.976
770.308
817.378
817.795
823.413
802.504
793.517
769.459
794.875
757.817
780.652
791.745
811.002
741.009
756.555
760.818
759.752
777.328
782.184
791.727
797.58
793.56
784.578
795.768
778.91
841.867
822.249
790.859
813.878
819.361
789.905
774.056
790.183
813.06
838.323
822.036
800.907
840.817
839.294
838.102
857.04
837.401
852.39
846.768
860.894
836.925
807.706
810.212
837.697
814.399
776.84
815.166
861.018
846.628
855.683
879.953
872.057
865.587
865.737
788.82
792.668
864.52
855.637
829.261
819.76
800.545
796.781
807.257
808.123
798.469
849.72
893.211
905.446
836.407
873.635
854.944
826.151
861.302
856.808
856.694
886.49
907.724
907.728
918.632
915.403
871.174
841.648
810.247
833.737
817.281
835.052
809.196
822.393
808.18
791.308
785.971
777.461
785.675
821.652
801.822
809.893
815.704
792.034
792.418
760.143
739.491
732.184
710.979
718.573
837.608
859.081
865.145
862.151
832.129
829.389
858.323
869.058
823.119
847.833
851.556
792.489
780.167
762.95
747.403
771.274
774.326
784.527
811.95
803.067
820.372
833.994
844.39
871.457
848.094
851.421
849.369
854.027
836.047
821.32
819.673
835.854
815.22
831.877
841.778
837.918
813.683
786.737
777.483
774.237
781.76
787.847
794.902
796.604
822.236
849.694
826.388
841.682
818.996
804.515
830.247
847.689
876.879
874.716
920.433
924.77
956.861
949.547
925.623
923.783
918.448
891.683
879.101
876.283
856.36
832.103
867.384
835.809
889.739
835.796
901.386
875.259
890.908
858.476
832.229
900.383
893.288
915.258
854.354
849.636
877.902
767.433
798.868
771.81
740.383
754.479
776.904
751.407
773.542
811.989
822.528
790.258
731.278
765.773
785.982
776.014
781.994
795.694
776.812
759.019
814.693
816.357
839.651
831.48
859.343
857.079
869.292
842.08
863.468
859.519
823.162
830.552
833.314
856.647
866.701
913.615
881.857
859.453
878.749
845.03
786.411
794.919
800.793
842.108
817.896
753.916
779.99
775.721
755.653
766.014
743.237
770.638
816.333
793.771
843.548
804.253
760.094
753.668
782.41
809.547
880.981
860.143
878.832
876.981
891.322
837.936
871.105
854.714
847.291
827.578
829.394
779.883
809.724
804.234
793.417
798.907
796.83
764.279
779.976
794.688
839.85
866.78
862.171
886.523
885.947
837.877
822.2
833.566
823.153
885.596
831.369
804.814
829.306
821.015
792.684
836.865
880.599
922.191
875.207
827.298
846.109
860.333
885.069
871.796
865.316
863.042
875.223
871.767
805.989
823.748
878.319
855.105
823.505
803.462
819.985
861.755
871.07
835.251
841.106
824.76
799.183
848.035
840.33
806.75
807.231
834.964
819.946
826.325
866.761
898.244
901.332
905.341
860.344
890.193
900.157
879.612
856.611
827.685
791.783
826.614
865.572
820.377
818.934
813.559
816.437
793.356
776.744
791.527
785.179
764.075
780.442
807.185
811.524
807.56
811.869
823.665
847.605
803.372
813.276
805.38
780.862
820.206
810.677
810.427
865.643
829.676
807.3
839.026
842.125
875.576
861.549
849.744
819.848
859.747
881.39
906
903.07
904.004
879.375
879.579
916.816
911.686
914.293
903.866
891.189
880.699
862.514
842.304
877.747
866.04
858.231
843.499
865.842
813.365
814.033
798.168
875.297
841.996
846.622
833.594
806.26
791.058
797.47
766.478
799.214
807.848
820.812
821.342
837.225
865.056
869.562
878.636
905.487
894.3
905.306
871.599
885.958
903.196
902.103
885.977
885.861
914.184
906.131
899.93
899.93
872.959
865.001
841.079
864.107
882.657
880.117
905.025
915.498
965.582
912.55
881.235
905.446
896.826
844.934
873.199
929.384
940.22
897.318
893.008
846.262
907.103
884.027
907.393
887.67
904.103
913.9
916.293
899.483
953.8
923.942
934.788
906.471
950.725
947.976
913.643
887.244
899.834
889.308
885.747
907.221
922.259
903.56
883.696
895.309
875.073
833.976
837.975
829.907
806.541
876.465
859.223
830.105
821.334
818.666
814.074
803.931
810.409
785.84
774.789
784.114
792.732
793.583
752.814
770.497
777.311
762.388
783.78
783.457
812.246
836.148
816.173
858.619
852.275
796.677
815.955
877.384
868.167
865.608
860.274
828.424
819.871
813.135
835.209
820.295
831.13
814.237
834.702
879.202
824.818
797.434
808.802
801.797
768.687
739.054
735.772
744.036
789.98
809.244
822.023
769.602
800.314
869.232
824.519
836.579
867.026
861.86
853.737
881.756
874.244
826.982
883.536
882.744
839.977
805.678
812.728
837.564
845.15
892.406
886.381
881.613
858.976
875.152
865.224
861.497
882.171
872.609
915.543
861.569
849.237
807.982
841.282
849.189
836.389
853.506
892.79
863.64
815.862
776.424
792.437
816.379
869.157
861.996
861.546
887.33
933.767
912.218
974.299
910.702
911.153
909.177
952.149
950.155
888.358
877.75
868.369
840.593
859.482
904.599
891.493
859.396
888.409
878.944
862.395
839.966
811.838
822.161
819.017
797.687
746.673
753.538
820.215
829.505
833.079
887.692
922.995
891.977
913.11
916.719
919.352
884.644
892.555
905.769
901.067
868.376
859.998
819.806
842.081
843.022
830.753
854.084
855.059
820.487
825.611
846.895
843.697
817.439
826.788
870.327
896.003
876.978
859.86
864.45
834.013
864.304
887.145
832.445
832.349
855.431
885.108
882.275
916.674
905.606
888.012
889.321
879.967
911.596
863.618
822.207
834.485
802.584
823.012
823.075
836.617
833.762
841.273
849.062
882.097
877.046
864
846.461
842.93
863.739
867.165
878.465
870.646
895.939
868.427
867.224
876.548
841.382
851.431
842.042
842.007
894.717
917.138
894.861
884.376
856.564
886.911
877.384
877.072
912.237
890.559
867.472
801.977
791.966
808.847
804.052
798.547
773.823
809.205
802.624
801.827
778.096
829.736
872.717
822.629
819.538
842.841
836.875
831.502
832.671
848.497
874.485
841.674
849.109
836.948
894.958
884.796
833.6
852.046
833.365
853.6
826.788
844.847
842.7
791.129
825.56
836.005
815.692
839.945
851.738
866.117
848.075
800.926
824.846
827.834
830.197
848.88
859.994
875.434
899.72
848.439
857.636
831.559
854.073
855.228
862.713
869.188
847.09
818.367
813.905
815.331
850.204
857.117
855.904
845.845
830.077
834.364
840.283
800.993
875.805
880.78
846.888
858.567
842.786
836.842
845.855
838.166
829.559
879.598
903.673
894.295
902.532
865.321
849.075
840.52
849.269
868.304
846.499
859.914
902.303
871.605
875.828
859.164
886.833
822.631
822.924
831.807
796.718
776.924
757.367
777.904
800.458
810.905
836.795
841.664
842.425
859.584
883.551
902.892
894.948
921.361
887.665
815.852
832.921
831.046
815.526
843.121
818.595
782.658
790.6
817.328
805.096
825.741
819.212
788.832
820.983
840.81
824.641
799.49
787.615
800.773
788.549
822.607
818.405
832.511
821.097
835.925
900.063
900.475
889.259
869.353
827.315
785.907
800.219
820.712
815.294
811.99
831.943
818.19
800.79
810.61
829.675
809.217
823.325
844.508
841.638
836.184
874.11
877.218
843.699
899.022
893.87
884.134
917.321
928.857
887.979
897.94
899.903
888.586
851.108
880.71
863.594
855.292
854.857
892.422
870.904
881.927
873.604
837.255
805.49
842.942
869.522
843.15
837.679
887.14
887.097
876.09
859.16
857.337
878.215
904.979
905.987
909.033
900.402
882.324
837.852
815.037
819.961
887.75
904.663
906.662
879.499
851.821
830.749
792.759
800.305
847.182
880.871
885.965
881.083
892.127
855.79
870.516
853.466
817.641
831.536
814.356
825.112
779.305
779.324
804.019
809.834
790.506
765.201
808.303
816.336
813.468
812.747
816.16
813.691
844.993
861.899
873.731
891.619
886.662
880.293
856.828
850.588
886.665
883.147
845.778
832.409
870.423
861.777
881.593
923.64
935.744
893.288
857.301
870.805
863.253
921.985
913.847
901.121
908.486
929.664
863.069
836.196
835.533
814.963
851.162
832.304
848.885
864.056
834.941
896.178
901.091
883.843
844.419
839.459
841.891
828.429
829.187
765.618
802.984
832.135
847.936
876.412
852.154
891.482
863.811
829.655
784.211
786.412
826.781
815.808
822.271
842.254
879.158
814.261
812.603
822.202
843.516
861.46
844.664
843.425
884.304
872.31
864.035
891.144
875.549
868.763
881.007
865.913
872.82
878.182
856.347
838.505
880.121
863.899
879.877
919.985
950.121
984.58
967.447
948.9
894.613
928.478
908.007
889.302
858.436
864.902
893.03
897.989
905.47
899.695
880.898
842.583
849.408
851.492
847.194
857.235
838.311
864.832
858.653
879.054
918.205
864.341
861.67
884.521
865.545
892.231
886.428
854.487
826.141
796.396
789.701
830.697
842.862
840.275
828.932
870.034
871.317
865.731
823.232
813.315
880.135
912.208
856.606
878.09
859.681
866.028
865.695
916.336
930.824
902.844
940.373
1006.27
962.426
960.878
962.629
942.829
901.704
899.716
897.925
911.549
904.772
877.2
850.014
902.062
843.188
873.121
853.491
849.864
869.45
841.486
831.754
855.454
867.094
854.127
854.452
884.894
879.057
879.819
863.6
829.874
822.178
859.61
860.741
859.005
881.767
886.053
886.154
918.609
979.197
951.114
928.109
909.201
898.638
899.109
898.998
854.888
852.5
878.971
891.764
851.35
814.006
793.561
840.978
849.586
833.665
833.183
824.994
850.347
840.408
901.746
894.978
880.326
871.945
874.277
841.665
820.99
815.117
816.316
862.7
814.848
818.907
789.878
791.036
840.178
812.361
826.981
839.636
862.375
844.342
831.718
818.08
863.315
900.704
881.765
872.439
860.206
859.08
879.208
847.966
902.656
886.899
871.817
885.365
951.774
932.66
948.534
896.391
901.048
879.872
844.608
893.798
938.787
933.569
939.932
936.153
913.665
924.047
927.63
889.487
877.089
915.965
945.062
931.552
903.849
864.783
842.802
866.192
854.971
865.951
880.731
843.355
843.232
876.037
879.059
936.135
940.283
941.908
929.503
919.722
983.214
943.668
883.006
894.06
854.82
824.559
883.86
871.737
892.762
875.139
898.786
879.996
919.287
897.528
897.329
885.761
843.901
815.387
822.153
843.655
870.2
897.795
890.665
889.601
904.99
886.536
853.929
898.557
894.126
880.182
861.508
878.067
901.657
869.853
870.918
831.818
843.987
804.616
796.845
797.097
796.885
832.151
835.922
845.059
837.433
814.575
786.827
782.65
763.401
791.936
821.025
861.618
873.48
862.128
882.406
917.007
864.119
842.162
836.595
799.082
789.014
763.306
817.807
865.659
869.762
843.552
820.652
836.237
834.477
843.952
863.838
833.228
867.359
871.843
826.623
795.629
824.609
822.065
824.771
802.685
766.214
791.07
834.271
801.332
845.657
889.451
892.337
896.832
838.486
830.482
793.037
817.347
792.405
807.497
776.524
838.36
850.833
840.761
829.608
844.637
864.125
871.566
796.677
780.846
797.18
792.729
810.875
787.157
762.136
763.607
770.997
796.884
787.663
807.883
877.97
872.674
888.08
860.622
815.207
831.524
860.889
861.332
865.669
847.65
788.071
773.043
796.385
827.136
806.904
813.62
784.632
754.197
779.742
798.325
763.023
793.003
776.723
740.563
774.213
812.362
797.737
830.413
826.709
838.75
857.265
832.512
823.611
824.889
849.465
859.3
842.581
801.937
798.39
805.389
828.047
857.75
819.588
824.264
819.569
784.021
767.581
764.922
796.349
818.465
779.827
809.51
837.437
826.113
832.617
807.272
794.01
801.31
818.397
854.637
817.111
806.01
822.174
829.118
763.228
793.045
778.521
796.259
818.315
850.709
843.025
829.047
841.713
812.776
905.326
869.508
924.353
949.654
903.177
903.868
938.307
897.83
874.846
895.312
858.662
876.35
876.438
886.244
852.351
860.349
868.828
859.437
847.839
855.48
858.942
878.378
946.672
897.973
911.325
931.679
893.576
856.995
828.327
871.49
915.624
910.592
881.379
836.168
893.937
848.357
852.336
837.099
843.008
885.444
895.574
929.375
957.982
913.163
948.065
913.753
867.228
872.681
845.165
787.976
807.392
838.174
846.587
824.926
839.385
846.95
870.863
868.861
845.413
812.189
818.519
842.061
848.894
827.921
825.185
832.728
804.567
779.787
758.457
779.35
809.211
762.443
753.444
767.129
740.77
758.578
743.724
803.433
812.421
785.495
797.501
803.27
753.491
781.879
819.21
783.532
784.73
792.664
831.893
809.739
764.29
760.57
758.405
757.688
753.411
792.04
781.785
758.89
783.34
834.749
871.862
900.791
895.408
904.301
887.058
863.865
829.882
818.991
809.093
793.432
842.91
812.852
852.247
824.595
828.091
846.036
843.964
832.202
868.48
859.157
887.576
835.129
814.485
828.535
858.13
868.346
805.777
842.164
802.895
782.962
756.498
757.444
815.048
832.601
824.121
838.467
808.509
795.175
830.968
848.057
842.911
863.241
870.827
862.554
872.173
847.015
860.308
863.188
868.449
844.468
884.901
828.129
842.809
804.88
794.987
786.571
850.657
826.255
814.327
849.332
872.937
907.616
919.415
888.017
880.707
844.153
918.44
871.313
897.205
889.742
852.531
897.405
882.572
912.293
862.958
861.621
841.201
853.058
806.896
814.2
838.916
858.559
888.886
856.661
857.117
827.884
847.399
799.331
802.711
818.942
826.297
861.7
885.891
809.353
844.067
834.141
865.074
876.931
888.629
874.825
823.218
826.379
855.93
802.695
812.199
789.792
834.071
796.975
797.734
789.184
752.331
736.698
714.926
697.071
708.914
721.767
739.65
763.767
796.48
801.476
763.599
778.688
840.878
863.709
876.971
856.543
867.57
868.068
824.408
852.018
830.729
799.01
822.902
814.397
841.688
823.926
833.26
851.169
868.825
865.602
843.249
844.827
853.496
860.901
837.49
869.098
880.946
871.828
840.409
863.075
874.099
890.995
903.112
944.055
980.627
967.834
976.936
950.872
908.595
912.641
895.506
913.615
935.05
898.576
926.787
931.053
868.594
839.458
861.118
847.837
896.959
918.313
925.276
886.029
844.003
860.732
864.874
874.136
869.455
869.669
836.718
845.795
868.197
881.54
897.676
870.201
882.091
863.645
835.343
827.509
786.334
778.225
804.158
838.8
802.781
788.53
798.386
797.666
854.238
879.058
903.023
879.521
864.023
875.519
857.173
845.9
824.288
800.373
783.754
794.339
763.345
778.676
761.466
780.369
844.851
778.224
791.835
772.303
835.68
815.031
808.996
790.99
792.492
762.008
776.377
782.76
786.676
831.127
882.141
841.307
821.318
828.975
840.453
866.482
837.224
807.572
815.707
793.167
782.216
753.518
727.726
729.195
732.176
732.645
728.018
758.157
787.921
768.495
808.579
821.719
904.567
882.78
876.119
860.324
853.433
859.346
837.347
845.93
857.789
830.899
813.865
778.366
794.38
804.868
826.213
819.865
829.861
873.158
868.739
857.051
844.01
874.967
897.913
883.855
912.101
971.557
977.427
992.755
902.572
872.489
869.978
885.039
908.136
916.35
858.293
855.924
898.544
918.097
913.705
883.242
918.529
921.452
879.981
882.856
890.615
871.186
862.992
926.897
886.253
861.191
845.496
908.04
919.755
934.349
907.142
920.003
881.679
873.017
855.811
882.308
864.621
872.253
883.962
878.51
917.809
904.623
881.718
878.812
893.729
819.643
856.704
850.524
810.464
779.354
799.78
807.686
796.015
834.42
854.479
847.877
873.423
867.118
893.373
883.451
847.757
855.341
819.111
791.705
813.617
807.303
806.802
811.782
822.622
863.729
868.713
851.813
856.451
870.376
854.175
834.453
807.418
799.706
807.869
786.824
814.86
854.539
843.561
879.377
887.749
854.64
840.748
857.831
857.246
871.891
884.18
857.707
886.854
857.806
849.575
857.583
897.657
869.931
866.114
814.603
826.958
859.123
841.497
848.054
853.484
830.758
827.912
852.551
874.759
865.478
859.25
881.019
844.107
857.743
864.808
900.626
870.611
865.322
895.013
861.595
834.54
858.659
827.123
800.792
843.376
853.545
825.277
829.638
839.325
823.15
884.352
874.201
868.984
874.245
881.638
883.588
852.228
846.135
810.529
824.473
811.62
859.684
860.692
914.432
854.735
838.992
829.914
841.519
885.269
867.976
869.538
838.925
841.035
880.309
856.425
842.378
821.228
861.366
878.809
903.623
894.98
876.111
862.033
843.519
819.968
831.581
838.769
875.01
838.294
858.406
861.279
844.818
797.565
822.649
875.511
853.515
863
861.739
854.958
841.129
870.349
822.315
855.909
830.221
845.589
826.886
808.771
784.278
829.489
873.431
892.157
881.851
846.928
826.816
874.67
847.935
835.261
837.037
804.743
811.417
809.09
793.31
823.595
783.433
811.568
822.393
847.577
840.237
841.534
830.708
833.921
815.648
801.141
804.075
830.236
763.04
782.2
818.243
828.447
866.176
836.869
841.232
813.816
802.719
809.177
812.945
762.738
763.979
783.193
822.634
830.992
818.673
837.26
794.767
782.419
761.577
764.843
780.162
790.124
817.708
810.653
824.016
843.123
847.693
862.158
888.903
926.002
913.886
939.426
932.244
890.804
921.289
912.172
913.625
906.952
905.82
911.64
881.546
873.228
861.466
874.723
903.762
914.769
879.551
849.302
857.372
839.668
833.874
798.684
845.258
837.039
835.675
817.54
773.851
767.994
786.4
792.765
792.325
791.49
836.325
797.589
785.928
827.185
823.199
857.507
882.605
887.059
855.781
836.646
815.54
824.482
845.097
854.213
855.921
822.088
827.215
801.479
797.058
845.541
797.191
788.119
776.186
808.589
816.807
784.709
782.193
778.765
831.202
844.495
838.915
843.344
832.284
836.201
841.077
849.817
859.217
839.931
888.54
912.71
859.993
921.842
888.775
874.682
854.397
858.272
881.478
841.621
851.755
864.775
841.73
857.262
924.295
930.547
826.412
849.558
830.676
804.806
818.475
792.354
794.639
807.13
824.884
778.206
801.44
803.905
831.895
802.544
789.547
817.011
872.782
833.408
833.993
791.938
837.773
817.06
826.542
812.635
806.753
833.518
785.876
785.533
796.287
755.936
776.853
718.796
699.619
741.033
765.692
742.812
764.524
761.961
778.102
807.744
858.009
793.105
808.414
846.57
835.996
810.132
775.409
822.167
854.058
812.482
790.798
799.051
838.905
809.559
812.303
786.775
821.537
847.409
854.722
846.882
821.463
822.199
808.825
782.956
814.979
820.25
809.996
840.033
851.002
809.79
834.583
839.069
828.274
864.692
854.511
899.349
882.636
877.839
871.785
891.766
865.331
816.27
810.005
842.615
806.737
818.223
822.489
891.271
861.478
879.022
880.101
893.228
913.275
928.818
970.95
935.988
898.017
889.507
876.049
875.239
846.407
865.317
911.221
898.706
853.501
892.072
953.265
942.477
917.466
928.505
904.015
863.08
847.593
857.068
856.439
882.665
874.1
839.001
852.111
886.535
861.525
861.244
837.979
887.609
870.735
853.382
870.53
888.382
889.079
889.353
841.277
852.737
880.123
901.195
924.822
892.643
880.527
876.843
864.12
890.322
902.566
881.308
883.529
855.361
887.239
858.75
871.165
861.766
884.366
857.907
875.767
869.805
876.534
871.981
845.873
827.791
856.391
814.009
787.311
816.231
880.433
874.336
877.043
864.964
858.069
805.046
728.48
775.964
742.012
751.438
783.205
772.877
793.987
837.347
801.414
847.112
807.917
831.588
823.195
854.802
828.83
868.338
825.567
784.237
807.621
854.171
827.678
853.714
909.186
910.866
889.146
907.949
886.113
912.369
903.295
893.449
924.1
893.425
885.366
899.54
861.773
884.509
834.074
829.356
853.834
859.388
864.555
804.78
810.305
843.432
836.762
874.11
884.585
916.009
929.752
906.696
853.805
835.737
857.109
862.326
828.715
839.809
877.375
884.011
896.607
888.691
866.999
886.027
857.454
860.729
850.43
845.701
831.123
811.635
862.299
845.826
830.308
814.54
806.361
789.473
869.449
885.498
907.108
850.308
817.416
830.431
783.764
822.776
819.866
807.425
840.07
813.838
809.913
819.524
815.75
864.412
875.207
848.183
861.493
865.981
910.173
861.369
854.469
826.609
880.214
853.796
843.514
844.935
843.132
809.732
786.39
762.68
788.334
755.093
794.572
834.678
835.406
809.479
779.912
806.905
855.189
824.143
831.937
828.954
825.465
792.086
804.125
814.176
802.433
803.335
806.237
815.967
793.989
783.065
734.171
765.057
762.077
788.76
812.806
816.762
817.834
828.057
862.073
906.602
900.596
861.214
875.815
823.484
825.389
824.02
825.485
834.323
855.373
843.032
836.188
859.159
861.813
854.698
792.94
823.595
853.834
871.005
891.578
879.947
882.096
868.395
904.701
886.119
843.62
850.855
846.899
886.076
896.992
928.764
933.939
954.305
926.906
906.229
863.746
872.065
892.28
909.513
839.174
821.411
858.792
865.326
931.403
897.921
900.913
849.651
881.122
873.794
875.325
861.299
865.758
890.713
863.593
878.82
901.833
929.02
916.301
896.707
897.88
935.089
890.696
860.984
905.27
885.13
869.801
864.594
894.794
899.93
923.015
860.876
887.037
933.667
963.47
970.012
968.987
953.86
954.567
898.753
929.55
957.096
935.263
921.478
874.819
868.677
849.865
870.275
858.794
826.684
825.893
811.378
812.395
809.936
802.543
810.69
799.575
792.564
823.161
828.49
862.4
855.914
861.514
856.795
896.079
891.774
924.367
869.898
860.8
832.885
831.905
830.764
850.72
876.527
875.715
838.559
869.661
902.524
846.448
863.136
834.507
869.131
855.632
891.305
855.917
818.754
847.924
869.875
834.438
837.024
855.358
861.95
830.77
860.417
825.633
838.956
824.406
832.34
848.942
839.205
821.776
853.176
797.899
841.508
845.165
816.28
798.079
810.474
825.43
775.236
760.706
771.935
776.117
748.044
764.457
824.744
775.557
807.207
779.041
825.194
852.77
883.655
854.984
816.669
800.17
822.287
801.262
775.82
760.532
770.895
779.398
760.161
833.935
804.034
852.429
804.774
827.865
850.019
881.874
912.427
921.421
888.489
902.452
901.687
914.306
907.497
858.648
879.884
845.313
850.737
845.613
783.587
828.356
838.967
852.225
832.316
857.379
863.543
832.296
826.229
829.629
840.242
812.799
812.733
856.768
845.256
793.511
857.269
835.755
831.23
843.535
836.206
846.046
836.312
800.902
785.883
780.758
791.823
765
761.51
804.172
791.023
827.389
845.613
868.916
851.147
851.366
887.607
877.624
894.631
870.118
868.15
874.743
870.829
845.24
848.645
883.114
908.945
912.247
881.904
845.585
852.038
826.793
827.305
812.374
823.841
848.764
828.191
860.91
878.413
823.464
821.407
801.846
825.02
812.09
868.903
869.693
878.318
856.592
870.04
849.78
832.033
873.818
881.177
808.887
840.623
858.913
830.957
831.476
816.272
799.834
837.244
832.027
835.752
875.178
875.385
855.905
827.743
807.137
818.759
854.814
868.219
852.133
837.51
832.996
809.969
791.265
777.01
763.586
790.601
781.526
786.099
798.602
794.772
808.62
847.8
861.162
882.434
863.497
836.872
859.984
853.957
857.222
873.415
778.163
773.621
743.232
761.386
787.145
766.273
740.591
800.645
809.606
826.149
820.692
820.132
823.445
848.986
875.203
892.917
930.431
920.45
882.576
837.526
795.003
805.233
828.984
839.683
832.068
803.547
831.951
834.67
864.625
887.388
883.042
873.738
921.876
911.004
917.752
899.647
949.224
911.715
831.729
800.062
831.326
820.218
912.83
905.507
898.049
917.965
968.736
962.598
934.78
932.445
916.49
904.824
893.117
849.478
832.312
823.57
768.378
766.787
819.461
882.614
847.53
837.46
853.584
879.686
864.062
845.65
859.556
829.735
841.116
778.186
776.582
809.301
790.222
788.017
810.888
797.923
815.847
831.78
816.556
794.686
801.623
835.763
853.821
844.785
911.151
904.299
825.347
786.587
755.114
806.605
818.221
850.566
858.222
870.344
866.857
836.282
832.425
815.836
819.26
800.224
834.139
860.945
839.109
815.35
823.988
860.584
852.582
840.644
813.326
824.46
843.522
791.927
789.758
797.242
813.685
841.953
853.605
896.293
858.346
809.378
782.606
766.144
799.833
847.543
806.877
763.062
771.475
831.161
821.578
790.638
821.837
858.076
872.023
853.357
860.214
835.31
794.09
785.953
813.782
813.234
827.186
788.012
780.702
766.269
788.864
813.593
791.885
765.439
765.195
760.104
789.573
812.923
787.736
770.833
764.969
788.693
862.144
833.265
823.807
781.623
737.267
738.608
722.505
778.056
781.571
782.257
765.086
766.428
817.511
835.369
857.75
831.084
846.892
812.44
808.782
805.309
769.744
787.548
808.859
801.507
789.768
768.638
818.242
809.647
855.81
885.834
853.626
843.262
883.875
881.002
887.997
885.067
899.577
882.104
871.236
876.925
963.275
937.202
898.851
892.623
893.752
919.332
923.98
916.731
847.865
877.074
839.502
836.957
836.222
818.422
825.205
866.593
949.577
957.847
937.55
910.087
877.016
914.814
888.128
847.341
860.955
855.491
861.219
848.512
879.07
878.611
847.931
835.044
857.39
867.883
854.263
837.747
827.398
851.689
838.393
875.217
868.668
871.584
932.886
898.673
819.738
803.152
770.192
808.751
842.601
848.757
843.13
845.497
865.079
908.52
875.543
877.532
840.628
859.013
866.002
873.244
845.75
838.218
843.521
834.144
851.456
849.405
855.255
833.893
852.74
935.875
862.172
858.76
883.979
881.217
847.581
814.467
788.559
819.37
854.212
816.334
814.87
851.833
844.243
841.834
823.535
823.255
798.085
826.742
797.937
822.31
846.608
861.153
913.294
953.291
954.527
944.788
920.315
882.379
907.266
901.746
836.619
811.059
821.298
799.07
791.969
814.75
854.569
852.64
863.738
846.317
844.917
822.684
784.494
761.635
804.924
809.384
827.282
816.637
799.757
782.323
784.307
807.562
848.678
851.861
822.313
829.928
875.303
926.5
900
907.085
889.338
889.073
888.391
836.866
862.874
841.583
844.52
831.939
825.936
784.34
782.757
807.573
809.519
833.872
869.769
859.816
899.751
887.812
893.176
868.565
852.418
896.523
866.586
857.831
842.781
831.958
842.362
852.916
868.478
901.705
901.081
891.684
907.61
887.435
884.477
874.29
860.691
854.714
843.413
869.254
892.036
901.706
840.749
864.068
878.518
837.445
865.73
838.104
883.033
860.258
860.412
810.945
822.56
854.286
807.491
844.828
865.043
818.939
868.428
889.034
881.659
870.724
820.593
804.837
841.712
865.956
852.896
889.718
861.203
862.271
884.306
809.313
767.736
788.558
796.441
775.569
774.761
801.13
794.972
767.897
797.236
789.007
783.216
821.39
842.74
829.17
789.305
769.971
779.075
822.317
835.224
807.301
802.505
814.002
840.242
863.401
854.077
830.628
797.086
805.348
789.069
811.441
732.175
727.181
760.415
823.5
843.32
899.727
871.723
879.409
871.486
863.207
838.111
900.519
869.788
866.331
869.081
885.614
861.382
855.535
866.299
843.923
816.496
804.801
804.397
814.536
849.467
847.716
848.4
843.157
786.351
851.164
869.385
869.553
838.394
861.913
810.708
805.919
831.787
845.977
858.07
894.415
878.825
877.319
869.054
905.035
931.642
903.46
880.435
889.031
910.035
902.482
903.998
890.302
822.749
820.613
798.356
825.182
838.472
842.814
819.964
782.792
782.826
808.104
784.05
830.516
785.952
836.204
847.052
818.489
784.139
797.719
804.577
821.538
888.21
891.295
919.195
884.065
860.599
894.584
852.345
871.731
860.857
873.612
847.397
872.391
841.489
850.34
857.331
813.778
818.427
803.8
832.86
813.495
826.223
842.61
803.944
794.904
840.855
877.954
907.29
913.271
876.879
902.734
885.242
886.222
863.215
875.343
899.766
840.838
809.518
816.73
810.196
848.502
825.753
811.986
792.581
797.018
829.722
764.36
755.275
820.601
803.908
790.95
784.438
777.394
784.305
776.38
786.265
811.25
853.073
827.14
775.027
799.117
827.926
792.67
780.76
769.494
780.315
790.067
778.87
793.064
770.497
780.547
772.309
787.883
787.919
818.34
834.03
824.198
781.583
763.699
732.425
737.962
759.644
764.764
798.993
766.393
736.775
745.74
817.417
811.272
829.097
826.935
821.362
811.141
861.409
846.192
833.714
780.557
774.569
764.022
803.943
781.075
776.374
788.117
775.9
778.577
831.903
846.781
836.699
804.125
804.968
766.416
794.888
826.181
825.562
810.271
848.922
822.839
804.276
773.263
803.319
838.225
845.242
882.023
870.083
898.254
867.069
853.667
869.866
906.342
881.059
932.61
913.198
908.16
883.249
860.91
900.64
879.021
864.331
833.677
936.21
840.337
863.326
854.592
850.323
860.397
870.039
896.712
852.064
824.813
837.571
899.753
891.753
866.927
863.015
868.329
882.236
884.514
874.424
856.606
844.973
867.331
821.445
791.427
832.03
835.687
829.626
793.379
821.106
806.675
794.587
874.232
860.715
881.681
874.974
872.323
864.166
824.799
802.431
824.591
805.758
824.223
847.312
862.999
859.767
855.903
901.317
868.559
862.413
884.704
867.613
837.72
819.796
856.603
849.617
836.036
836.327
889.217
918.667
886.08
873.045
846.425
865.059
885.504
903.431
883.364
851.216
854.335
865.149
877.734
870.428
846.558
872.141
854.878
841.05
855.717
858.657
879.882
830.155
813.162
833.144
836.021
834.521
811.49
846.008
868.12
841.316
852.499
859.121
811.261
827.718
832.902
863.578
832.14
884.121
877.49
859.827
873.539
892.164
893.992
913.09
874.556
814.811
803.826
871.037
874.309
867.439
814.522
822.003
873.737
892.195
869.755
882.334
925.192
899.196
894.291
868.864
861.559
862.447
870.955
864.749
847.222
841.196
837.13
825.881
833.499
851.853
868.267
800.057
781.994
784.483
816.608
828.883
838.831
792.533
753.01
757.55
753.467
756.084
729.307
758.1
783.904
787.356
787.414
788.956
811.332
821.433
856.424
873.318
921.258
899.962
904.565
864.997
859.727
879.098
883.919
903.6
894.782
909.03
899.383
895.755
910.968
924.951
910.274
878.391
890.002
858.282
825.729
792.795
777.41
794.529
780.692
831.875
824.726
835.538
886.184
856.019
849.029
861.383
848.38
902.509
837.453
842.245
872.978
919.75
895.573
878.268
856.314
812.762
820.448
830.964
840.014
863.565
887.883
871.185
852.352
848.608
838.968
827.381
860.731
824.279
790.003
797.411
787.015
784.881
821.679
842.988
819.498
773.996
767.534
785.458
805.974
804.224
837.052
834.021
770.678
817.77
790.358
815.765
799.733
800.07
839.173
810.184
822.178
809.823
802.543
795.626
785.813
812.615
779.631
756.072
765.546
822.814
796.417
790.478
826.618
858.312
837.247
841.603
804.93
801.301
833.465
820.81
823.219
903.915
911.728
879.046
923.779
913.029
922.86
930.46
873.78
864.812
869.078
871.142
845.949
845.786
833.811
792.523
821.472
819.727
823.252
855.226
831.487
837.416
869.19
830.938
846.548
794.527
797.775
817.488
859.554
832.981
870.097
899.908
905.738
870.98
878.58
840.558
853.702
837.329
858.028
853.839
870.098
877.82
888.06
894.478
872.291
863.359
874.841
915.167
916.086
920.21
905.339
903.058
869.836
854.479
843.93
841.145
849.311
879.948
875.415
869.506
869.161
845.846
810.216
802.862
842.571
841.863
850.438
774.505
786.526
816.883
846.086
843.827
843.623
813.254
798.722
796.664
793.426
720.379
779.033
792.75
783.288
786.978
795.687
818.839
856.908
833.209
833.908
836.825
870.449
834.277
846.644
915.01
895.516
890.535
875.239
867.481
820.148
843.533
842.524
892.698
857.149
825.258
798.357
769.362
724.065
723.146
786.898
817.043
850.42
881.114
886.634
866.048
868.922
862.566
885.714
855.018
830.594
831.605
814.937
816.972
822.372
822.463
807.608
799.353
785.675
843.815
794.835
793.92
808.743
831.39
830.404
824.908
793.957
829.833
854.36
888.769
904.22
882.644
857.279
836.262
841.515
862.758
897.553
845.766
874.688
861.019
874.622
915.433
892.273
885.955
876.575
830.405
839.83
890.867
945.41
961.492
900.858
849.484
831.279
829.949
847.821
886.214
904.685
861.643
833.351
879.566
883.369
832.295
869.406
911.479
873.541
908.22
856.01
902.532
858.589
800.292
859.275
906.292
889
871.943
867.308
850.901
838.227
861.547
851.719
828.082
812.397
817.094
853.373
895.372
847.815
880.588
858.311
869.118
858.36
822.212
777.735
802.888
799.994
774.317
778.424
788.991
814.679
815.839
841.597
850.281
863.992
882.295
896.742
863.023
846.21
815.305
832.052
864.037
843.785
822.257
861.243
852.61
860.94
866.612
885.31
825.763
858.534
869.627
890.132
847.375
839.736
812.572
830.601
840.65
847.724
880.331
885.461
902.466
851.915
883.179
868.194
850.833
832.926
811.914
768.834
767.853
757.32
770.752
807.061
793.259
792.701
881.383
892.562
908.27
874.557
825.433
800.934
829.509
844.724
866.085
888.646
857.828
851.905
846.284
840.024
828.296
823.266
820.79
819.805
845.347
874.996
834.625
817.656
838.37
840.732
828.95
790.067
766.181
790.694
834.171
808.07
803.202
837.66
822.834
762.011
760.174
815.908
839.711
790.796
825.662
799.419
792.222
804.715
820.409
799.527
818.067
800.665
799.466
784.481
791.079
799.47
796.393
833.718
837.662
853.195
848.399
843.876
856.31
856.368
908.568
882.513
903.816
913.131
922.865
893.296
877.554
884.452
870.766
888.314
896.282
918.747
954.625
927.714
928.816
905.294
940.53
974.661
954.316
909.572
930.995
947.673
930.44
912.19
968.079
937.534
890.351
876.557
863.198
871.083
862.251
913.811
924.865
886.67
869.708
889.597
893.787
915.919
898.112
910.845
955.936
932.309
938.331
898.194
895.999
844.574
846.483
861.208
861.626
890.732
853.855
862.133
869.726
846.031
834.408
810.079
831.027
825.749
814.344
834.844
849.335
863.487
862.161
844.199
851.177
865.28
858.867
866.964
860.677
831.108
821.457
825.443
847.264
847.776
846.66
861.014
846.929
862.512
932.009
937.139
935.168
920.249
923.965
928.201
934.235
931.571
927.222
940.086
914.561
856.301
824.456
843.963
817.156
805.204
820.968
815.047
779.207
848.338
810.678
811.874
797.385
864.093
847.731
854.12
909.585
885.601
884.974
877.029
874.793
906.669
848.685
855.485
854.785
815.218
825.31
815.23
819.049
812.2
838.51
889.998
896.04
877.661
867.777
889.738
910.095
904.265
916.899
961.015
918.797
892.262
888.659
900.071
908.586
857.234
840.399
847.941
897.886
900.706
889.576
877.832
890.338
831.869
821.502
802.176
814.627
826.679
817.229
798.145
836.405
846.343
842.463
826.911
823.461
857.686
823.693
838.318
836.209
856.554
880.519
851.239
829.038
827.089
845.956
884.722
853.561
849.694
835.435
831.922
906.742
862.094
877.119
894.372
934.906
900.938
881.005
909.338
861.458
860.83
874.742
853.939
878.367
884.406
872.017
888.853
917.155
915.019
910.315
899.596
905.472
899.12
938.884
933.719
934.446
898.584
894.143
948.181
910.506
916.031
877.765
868.445
836.424
842.82
857.61
860.113
835.573
830.609
849.882
845.843
846.379
807.766
833.686
780.849
786.67
785.459
780.159
810.962
802.672
786.747
823.287
788.103
744.801
789.496
783.14
798.447
811.626
773.135
771.291
795.824
741.312
766.606
765.536
784.042
817.352
799.225
777.822
765.319
787.718
781.939
800.188
832.869
818.735
802.394
808.106
817.069
811.899
806.443
805.135
803.414
814.865
853.091
839.85
816.37
845.372
837.851
842.659
854.218
870.22
843.964
845.861
832.272
780.204
794.117
802.135
797.814
852.205
899.463
869.807
834.898
843.914
845.602
832.783
816.987
860.256
828.996
809.755
773.5
790.383
854.459
860.268
880.084
886.395
857.502
836.932
853.615
848.086
850.325
863.675
821.415
795.152
836.995
824.702
791.266
790.955
847.14
864.322
866.957
840.734
868.484
839.075
867.949
845.129
837.943
825.427
874.593
897.393
859.038
808.733
777.737
779.562
812.245
809.072
790.193
787.914
788.641
803.93
765.265
810.648
808.176
840.522
834.901
816.485
762.464
800.033
800.958
826.149
849.537
823.943
813.527
774.2
763.308
804.383
812.346
793.1
799.837
792.327
825.077
820.224
851.354
839.193
842.482
834.622
814.847
834.049
874.99
867.283
828.193
828.135
865.007
845.904
829.998
850.93
814.965
745.359
768.831
776.311
794.333
798.799
808.525
786.351
777.038
760.388
785.288
786.984
797.922
820.074
831.88
837.6
836.122
824.203
819.203
802.684
802.351
842.219
832.406
869.389
829.016
847.024
854.701
876.817
830.716
832.595
843.956
777.486
756.44
755.302
786.286
767.316
752.288
745.955
774.268
824.638
828.407
792.657
769.105
751.428
804.292
786.312
800.552
807.698
799.372
797.954
810.165
763.921
748.288
722.652
670.289
698.731
714.832
727.538
736.92
674.895
739.909
738.188
740.192
788.248
788.895
786.247
783.69
791.918
785.562
808.254
792.269
759.603
796.883
797.697
769.236
756.803
778.949
771.142
813.329
850.62
838.697
843.864
834.918
849.443
819.848
836.646
831.215
834.616
836.861
821.462
840.615
844.519
890.051
903.816
892.333
865.04
831.652
855.857
904.707
900.229
884.812
894.689
881.178
910.192
901.736
878.934
907.191
836.923
858.189
895.961
914.596
905.854
894.646
818.226
813.149
783.311
776.901
753.723
747.331
748.708
785.189
782.332
799.216
853.515
858.669
828.317
850.799
849.888
853.161
844.149
844.955
905.324
890.581
864.231
822.654
873.136
821.794
827.028
881.147
869.768
861.664
826.375
808.919
814.019
855.189
839.793
825.934
797.467
813.542
816.899
821.999
789.142
770.228
756.781
756.203
777.87
761.461
753.081
760.538
793.032
791.577
816.865
763.914
735.965
814.028
823.122
789.282
827.802
817.341
824.731
841.794
818.33
822.982
821.355
813.464
788.006
779.069
783.203
720.518
740.524
732.567
714.168
732.474
740.897
740.098
749.808
763.097
764.787
763.178
791.72
756.01
784.954
839.102
839.139
809.513
818.847
808.415
762.34
798.265
843.32
847.363
843.862
851.111
857.026
860.958
871.388
913.694
895.986
916.952
917.47
873.558
876.914
900.316
885.407
856.212
878.373
844.243
835.336
836.804
854.749
832.703
845.777
870.687
778.637
821.15
846.951
843.767
773.041
755.47
750.219
774.87
766.036
806.294
794.814
784.885
822.3
822.367
788.635
780.92
811.56
807.557
788.653
759.172
787.786
803.421
829.533
785.669
771.285
750.374
744.454
775.456
814.824
798.378
853.492
825.06
805.164
839.492
816.946
857.849
830.327
838.216
831.967
856.088
857.296
863.092
818.156
817.841
813.019
853.086
868.479
846.707
879.688
820.075
825.484
838.099
804.942
828.843
855.901
859.046
835.564
811.096
853.249
844.73
810.485
819.297
851.298
854.272
861.56
843.197
893.784
844.793
832.365
867.727
828.7
847.058
848.035
845.868
832.364
868.569
882.968
881.982
918.742
934.976
903.282
905.235
936.101
897.183
917.591
911.479
914.725
883.671
858.069
870.724
910.305
897.795
843.666
827.131
857.182
843.626
832.644
814.978
790.682
835.701
822.687
840.356
844.558
905.614
850.309
819.935
788.569
752.405
798.789
795.347
779.222
815.379
796.122
798.177
781.127
771.548
779.883
794.493
797.327
863.144
867.164
874.106
848.147
889.524
883.913
883.835
890.766
881.491
866.146
825.931
804.862
812.959
867.213
865.196
849.579
837.037
853.84
848.932
839.176
794.574
797.694
851.013
849.929
831.897
786.179
855.786
844.852
810.678
808.916
828.416
824.524
809.865
820.106
894.669
881.457
911.13
898.444
867.379
841.008
821.754
833.481
815.487
845.305
913.502
886.287
900.612
915.049
846.675
869.352
852.682
830.133
849.523
873.017
895.672
890.943
926.755
905.773
907.378
893.319
898.994
888.157
873.643
874.234
884.358
878.508
865.004
873.362
873.533
906.759
880.279
852.982
839.517
879.449
940.255
915.295
959.513
940.347
935.862
942.973
935.381
914.575
923.123
917.931
914.551
901.829
885.223
889.714
881.938
900.776
880.336
908.523
960.219
965.154
910.509
885.514
929.28
892.156
863.988
866.845
855.151
842.348
865.78
876.47
836.033
866.536
866.37
881.63
893.272
900.95
877.393
921.857
943.486
938.911
958.707
903.371
893.125
880.669
855.974
874.707
884.802
879.113
923.199
904.798
893.546
883.116
869.796
871.192
869.743
866.483
845.024
849.366
818.638
828.469
812.165
795.856
787.091
757.057
747.902
763.814
773.539
771.214
792.055
782.647
782.702
824.608
830.481
830.411
833.782
821.968
832.365
850.714
852.408
856.032
836.571
838.917
884.93
862.518
862.486
873.363
851.153
874.148
879.488
884.421
923.901
891.394
914.027
940.403
909.594
891.57
888.651
871.2
881.134
862.596
849.952
874.464
878.988
815.012
803.484
835.987
819.704
845.086
906.476
932.552
950.777
922.589
906.626
863.296
838.205
822.223
799.813
840.511
854.089
832.593
873.513
923.117
910.286
894.297
883.477
855.428
827.253
809.001
831.579
829.349
804.366
812.365
801.233
837.334
810.409
808.482
835.601
791.451
857.829
829.839
805.266
796.28
844.205
861.953
828.387
809.728
805.177
809.574
824.954
830.93
827.412
812.207
839.663
872.827
879.321
868.485
829.567
845.281
865.954
859.686
852.935
812.208
819.157
808.729
832.913
824.747
821.952
808.493
828.809
806.847
799.012
797.156
804.585
825.89
786.706
809.761
840.524
855.152
864.664
860.304
845.752
846.123
845.021
827.196
785.008
741.398
763.8
759.179
776.426
746.348
769.249
783.51
753.458
794.751
810.867
796.875
813.556
769.198
814.384
866.429
819.079
856.256
877.34
877.481
839.741
819.491
880.771
869.044
876.59
881.685
819.238
792.557
789.03
804.047
819.383
776.643
759.036
753.5
789.125
797.939
866.41
815.2
816.458
848.666
883.593
850.75
839.032
860.65
857.553
870.698
876.227
906.608
883.182
859.452
883.384
869.517
884.056
859.577
877.748
853.969
831.223
804.168
804.185
854.905
859.619
843.935
883.522
875.986
905.138
939.482
923.528
936.096
986.066
935.38
974.499
928.247
905.697
885.34
851.468
843.21
844.015
888.042
828.975
824.456
818.714
832.295
823.617
841.793
839.692
902.474
876.788
868.107
842.831
865.616
831.589
823.38
841.853
805.398
826.95
784.229
844.261
904.649
877.418
836.384
822.437
830.871
791.136
775.438
753.943
812.04
809.034
835.371
842.448
814.456
782.821
801.07
795.209
809.711
776.799
772.545
783.897
782.755
775.914
758.102
750.539
775.672
732.481
725.454
748.998
739.973
792.159
804.137
830.175
869.076
849.816
881.45
871.191
827.62
811.918
775.301
761.777
798.159
825.628
853.524
806.991
795.624
797.498
815.426
804.205
824.475
846.768
843.063
854.708
824.294
843.53
823.585
826.258
885.452
902.692
914.203
884.092
940.998
969.81
931.256
948.287
969.677
927.338
920.094
912.901
923.129
909.362
903.127
876.258
856.021
863.275
866.297
892.384
871.547
916.593
916.125
872.981
866.941
877.722
842.504
837.981
829.815
842.376
817.691
834.379
837.525
839.338
800.296
794.798
800.341
808.921
829.439
804.543
820.195
820.157
846.634
835.179
859.567
835.16
863.261
893.631
860.723
850.601
821.641
818.272
817.794
874.568
889.431
928.567
914.897
906.046
865.131
849.875
853.515
876.569
868.969
848.127
872.68
832.089
882.855
897.053
867.544
831.209
813.828
855.997
872.969
921.534
897.882
900.521
913.701
928.727
953.866
956.871
934.65
891.648
895.376
861.675
860.37
883.96
867.02
864.396
830.291
840.633
850.583
826.767
854.952
883.991
840.347
827.089
860.797
886.563
878.84
833.062
854.679
837.045
848.801
871.619
850.988
815.719
798.519
818.252
797.843
823.174
859.186
865.714
839.593
785.519
781.781
762.211
792.959
752.776
812.167
791.751
751.738
757.267
772.757
797.676
790.545
728.417
768.872
800.921
794.58
844.312
811.748
779.041
848.724
859.128
813.569
846.967
861.817
862.314
853.567
858.023
868.376
847.639
799.811
816.349
792.081
804.904
805.359
819.66
809.073
880.094
906.673
891.418
864.336
898.043
872.704
838.509
845.456
856.596
854.057
837.9
870.372
820.708
819.533
824.382
839.546
825.097
818.522
846.381
832.212
829.486
860.037
856.119
825.411
882.336
822.468
829.484
842.126
905.865
908.523
845.977
866.056
835.652
832.772
832.258
841.814
885.043
880.143
844.913
882.659
878.705
852.616
815.319
830.01
844.672
876.312
898.569
900.373
902.503
888.198
844.327
821.047
875.449
842.778
857.345
837.713
788.291
800.092
817.977
841.835
812.845
836.933
813.273
797.182
846.496
795.038
822.069
844.905
826.481
799.863
820.258
854.332
870.47
889.808
879.227
888.299
885.766
870.164
859.084
858.554
825.449
825.138
806.447
833.95
828.099
824.318
849.555
880.962
862.827
893.472
938.383
918.569
912.623
877.361
883.951
890.06
875.385
833.676
869.25
901.707
877.864
895.665
879.849
848.905
829.039
791.79
763.733
730.49
753.701
769.597
756.172
715.239
694.245
734.244
751.625
732.317
765.55
778.399
779.23
818.043
829.602
844.628
868.891
851.836
869.634
899.191
924.848
936.299
919.831
919.18
952.504
916.545
933.695
956.947
960.697
913.555
956.623
903.918
881.894
901.756
918.369
942.878
906.32
894.758
889.595
907.414
892.311
909.171
893.555
863.871
799.87
798.7
836.367
867.608
869.195
901.72
909.048
854.662
826.858
804.917
774.611
828.642
852.393
833.403
829.599
838.098
842.179
811.722
804.226
774.622
780.242
796.073
808.603
768.692
762.405
822.742
811.603
830.363
862.493
813.482
815.443
818.651
834.535
768.461
786.324
767.012
776.165
791.348
790.953
802.185
794.552
800.005
773.885
778.54
756.078
781.758
827.426
794.616
757.024
790.748
814.223
846.094
868.584
868.824
811.02
867.631
826.932
795.895
770.293
760.28
759.446
804.451
820.388
839.936
847.457
843.64
839.995
836.696
838.606
817.495
787.226
825.355
803.479
800.373
829.085
850.496
847.348
845.49
815.367
832.043
835.806
828.231
812.892
823.824
810.853
811.932
846.536
854.599
859.425
832.706
806.715
857.303
870.344
823.029
868.015
877.64
881.361
891.849
900.405
908.883
881.504
846.815
854.036
808.638
818.096
843.143
829.882
785.653
792.181
825.856
855.832
879.443
923.354
909.392
879.163
922.122
941.588
904.344
896.87
896.91
893.28
866.735
895.316
924.023
905.408
970.282
957.57
952.3
935.722
930.327
933.571
922.97
942.033
961.846
962.076
935.277
916.934
856.119
852.363
834.87
862.534
867.994
863.615
823.642
803.999
810.625
816.725
835.952
867.63
840.54
858.743
793.62
827.34
833.945
827.734
858.106
856.864
880.827
869.248
832.045
852.61
825.61
805.059
818.427
784.986
770.154
818.907
800.51
807.458
847.075
881.793
846.72
868.703
836.426
848.532
870.932
832.947
841.727
876.313
911.475
879.576
866.471
898.816
911.825
923.666
885.506
894.432
877.394
867.219
856.12
839.224
811.93
795.694
798.505
778.484
776.512
802.762
856.368
853.326
902.76
872.732
861.578
841.817
821.271
791.643
839.156
875.333
847.732
854.383
899.088
925.627
902.369
866.24
877.356
893.012
858.483
865.943
837.185
842.436
855.279
877.952
800.158
781.02
787.727
789.593
804.129
815.086
770.853
811.498
826.126
857.84
913.542
926.235
924.534
929.445
950.68
951.686
1012.29
1010.89
1011.98
1011.71
963.003
950.617
893.923
875.373
875.938
894.365
887.292
892.907
889.389
825.036
849.815
839.642
855.16
900.303
902.015
856.124
816.732
950.56
924.988
959.532
912.808
929.765
909.203
919.799
865.138
867.511
871.607
821.407
822.072
910.917
902.933
897.295
829.394
861.946
785.203
800.212
802.315
816.238
826.832
882.22
837.708
834.525
850.616
849.033
855.209
895.591
892.683
899.895
847.238
845.299
880.11
903.13
930.036
935.225
877.563
918.103
880.39
881.014
885.377
895.597
873.243
852.572
878.257
868.474
868.049
885.512
874.846
880.155
883.354
908.908
899.323
916.814
963.49
925.808
952.035
941.288
950.701
963.759
924.36
884.512
923.526
879.109
870.596
841.398
830.831
818.752
803.681
827.532
849.105
828.094
785.358
764.966
752.022
807.53
809.574
816.39
842.505
834.856
820.417
816.255
846.063
881.317
886.133
893.731
895.909
823.095
833.142
801.484
821.978
805.937
803.634
790.748
771.181
804.329
794.772
826.737
841.312
807.574
806.134
835.48
845.441
855.431
811.555
831.511
802.413
829.683
837.192
793.602
735.263
737.68
710.836
743.256
812.812
857.017
866.666
857.141
827.022
815.034
798.885
813.945
813.18
832.452
834.077
873.994
850.817
842.333
854.706
872.442
877.461
891.649
888.559
885.737
842.73
839.645
823.436
845.271
865.408
843.232
860.987
843.155
834.99
836.428
837.606
865.409
873.311
890.478
850.165
857.845
820.817
828.935
870.143
878.433
901.011
853.765
828.354
788.134
816.242
784.667
831.695
808.328
885.133
869.185
907.813
894.394
880.436
852.846
870.808
890.686
895.588
883.546
871.918
816.041
812.305
847.699
872.913
898.236
841.07
818.779
849.087
826.877
879.523
886.242
861.067
898.31
877.28
896.624
877.047
884.852
891.649
879.658
889.857
850.464
826.066
800.358
805.206
794.53
805.343
796.52
793.856
823.118
848.703
917.133
916.613
966.706
943.345
965.814
979.604
945.745
889.164
885.96
886.527
868.864
872.255
876.574
870.509
863.49
862.704
869.709
902.09
924.493
892.835
867.106
858.65
823.322
809.399
837.086
842.767
905.143
903.236
838.842
835.422
849.732
811.265
757.341
754.901
773.243
805.863
789.235
794.838
792.336
801.878
828.212
825.707
819.49
804.41
812.666
790.405
782.953
857.109
860.551
851.926
774.05
803.373
788.544
787.067
768.172
800.301
733.48
735.241
759.835
767.919
788.005
804.546
845.482
810.964
790.725
789.499
797.298
811.817
772.204
748.971
755.794
755.934
800.682
815.323
790.074
785.021
819.181
847.203
911.9
836.454
798.646
807.256
803.918
773.525
781.767
819.943
876.368
873.347
842.173
843.628
843.089
828.477
811.047
823.19
833.711
824.032
872.443
865.342
867.511
897.587
876.359
856.766
890.689
846.874
817.826
763.081
782.656
785.901
823.336
832.504
837.467
844.538
878.495
864.651
859.129
847.99
827.741
838.416
826.285
804.02
816.279
800.965
808.751
788.072
805.26
857.165
838.351
850.588
860.155
868.728
881.961
886.836
842.472
840.887
828.486
862.945
821.355
842.964
818.654
829.885
795.76
778.826
795.182
819.37
815.41
833.482
877.889
870.826
891.536
879.613
872.212
840.942
870.907
813.264
800.891
877.126
904.016
879.017
901.306
860.587
864.875
846.066
838.062
847.32
859.194
829.049
854.411
807.565
788.424
764.295
801.898
781.775
825.665
844.822
841.006
866.052
877.408
834.018
871.899
872.681
895.329
907.155
911.185
930.304
909.42
890.536
906.54
891.192
862.047
812.112
777.139
732.271
772.642
830.892
808.441
829.564
844.011
860.344
869.556
845.707
841.207
850.965
856.886
829.423
820.76
847.33
830.221
852.342
839.914
792.22
767.763
752.628
767.486
749.962
809.973
817.555
806.384
777.526
824.885
793.478
795.491
835.168
852.362
855.94
865.248
853.788
832.087
857.817
853.405
817.116
813.35
813.641
858.158
871.746
894.962
932.713
903.108
895.971
849.08
798.353
782.871
825.985
837.535
862.2
816.283
792.755
776.273
800.059
817.322
816.289
847.882
890.943
902.409
857.743
857.069
870.944
911.225
855.228
852.717
815.764
833.442
886.559
866.79
887.6
887.942
847.52
869.594
857.081
858.062
829.58
818.908
834.385
844.335
844.641
870.209
860.456
828.757
807.215
775.814
802.901
821.647
851.37
876.152
864.041
850.515
821.913
805.746
825.458
820.998
808.416
793.311
779.369
799.184
841.018
852.417
821.631
835.689
875.863
870.509
854.649
824.385
822.848
838.787
832.6
818.885
807.314
831.99
816.734
805.934
783.728
833.401
823.82
860.115
847.972
861.283
877.064
889.639
844.376
840.713
870.813
826.212
861.903
860.19
861.231
816.747
815.932
830.83
802.401
799.628
806.525
827.261
823.023
786.716
802.743
776.706
773.513
786.683
799.945
818.366
802.661
778.915
769.329
783.523
779.517
791.435
795.824
817.791
811.285
832.198
792.878
769.199
794.604
819.925
862.205
874.111
863.173
863.409
870.951
921.227
906.882
919.283
854.159
842.183
850.327
870.087
823.77
835.266
813.426
819.941
803.279
821.501
815.162
815.26
819.394
802.518
802.517
804.189
794.343
780.365
771.874
774.247
805.325
843.67
866.165
862.258
910.58
889.048
922.824
891.275
925.525
894.428
833.049
822.45
905.216
891.523
904.44
856.123
874.981
840.901
829.231
853.765
826.336
837.6
843.513
852.6
888.768
884.643
928.487
872.292
869.386
909.95
923.506
893.781
830.303
770.128
758.064
766.131
780.276
814.567
840.045
858.961
890.719
935.448
911.573
902.456
943.034
924.023
931.356
929.332
932.594
917.851
905.044
920.77
893.303
913.859
873.538
867.958
889.279
888.195
858.144
844.413
870.021
878.99
898.875
861.647
834.033
877.424
887.863
922.964
904.009
881.057
847.483
831.576
831.871
813.192
809.857
805.575
804.796
796.433
809.416
830.114
819.374
818.014
864.187
859.764
847.818
838.972
835.581
856.769
839.684
781.714
804.527
865.556
875.016
859.976
916.118
905.259
902.429
905.797
882.905
975.722
975.566
947.264
967.742
964.767
952.978
924.364
913.671
903.705
883.835
841.414
853.193
842.833
827.397
837.256
844.064
797.484
830.016
884.869
890.605
875.235
847.695
852.173
843.399
835.41
822.443
830.007
832
842.843
882.532
855.654
897.938
881.054
824.593
812.952
834.759
824.212
840.6
832.416
790.031
843.311
843.694
861.648
849.91
848.831
865.418
881.512
897.319
927.005
891.993
875.918
871.19
882.138
914.842
927.342
912.437
913.787
878.044
891.521
886.001
912.083
860.299
856.217
842.801
858.282
850.382
874.326
918.802
942.26
866.627
910.378
939.978
931.013
886.964
846.522
808.799
832.744
850.225
837.75
882.684
860.842
821.415
857.24
843.37
896.92
887.455
863.649
889.648
885.149
875.056
883.979
893.775
892.661
865.973
874.174
875.807
915.408
888.749
833.552
854.034
854.1
866.269
854.205
892.279
883.963
914.854
903.076
911.919
916.399
916.852
909.591
904.052
896.044
887.599
852.033
828.748
893.99
911.019
895.587
937.172
974.819
911.349
874.325
867.168
848.367
822.581
834.599
852.24
896.075
888.657
906.689
878.063
939.821
937.45
881.227
835.431
855.397
840.235
827.352
818.332
824.57
833.462
837.122
826.369
841.064
837.878
822.221
794.568
781.206
823.761
854.8
818.985
821.046
773.31
791.246
826.352
814.088
823.894
778.999
827.903
823.985
851.318
899.708
908.122
870.86
864.49
854.71
851.701
824.514
856.755
875.099
860.748
813.481
791.607
784.507
794.226
768.067
775.329
707.84
739.958
759.055
771.551
796.823
786.423
811.729
817.164
818.141
853.39
853.461
882.557
863.974
860.256
841.947
825.358
789.256
837.407
873.14
825.177
866.504
889.978
874.034
906.468
884.744
838.166
788.307
850.15
905.794
890.021
861.243
849.438
815.435
893.533
879.319
864.441
869.406
848.007
823.355
795.144
810.49
841.049
866.942
858.314
860.716
863.25
867.156
911.174
901.171
925.841
943.617
921.003
921.985
941.63
891.245
870.62
825.255
793.475
807.277
839.523
862.593
843.945
861.803
857.695
864.622
858.498
863.963
911.836
918.241
847.481
784.727
779.838
784.596
768.64
754.921
805.527
814.164
845.852
846.46
858.355
818.204
815.13
829.714
819.525
784.506
778.523
796.933
785.097
771.453
759.27
750.806
755.886
767.908
783.144
788.67
858.33
837.52
825.824
834.176
901.997
893.203
867.88
874.948
886.855
831.345
811.828
857.266
856.555
836.563
793.102
781.139
786.959
767.332
774.308
785.326
777.655
757.121
753.154
781.582
803.083
826.317
842.974
883.091
847.894
806.037
805.792
821.521
810.833
807.925
807.399
816.501
840.266
801.335
805.428
793.75
804.936
829.121
821.023
848.814
832.044
842.574
839.286
823.025
836.188
874.229
854.469
877.786
859.489
834.56
881.898
912.024
904.284
911.233
939.333
970.203
977.299
951.104
942.771
916.112
912.467
943.198
926.431
903.531
907.45
880.22
910.43
923.59
901.946
902.903
905.429
878.027
829.793
841.064
815.222
790.965
804.491
817.261
846.405
806.019
781.819
762.431
809.012
811.573
815.187
842.593
801.955
800.298
768.161
789.949
792.798
828.515
817.099
856.951
875.984
885.753
893.319
822.781
782.332
763.179
790.069
771.592
795.653
841.327
828.824
868.55
873.716
858.739
855.589
896.851
924.856
906.743
887.109
852.333
885.742
900.705
905.024
884.409
870.59
843.703
850.937
870.41
865.201
829.681
824.18
775.973
766.09
784.12
738.583
736.801
756.789
822.016
766.599
773.128
782.37
756.042
766.59
778.812
823.225
813.961
809.311
840.754
869.969
858.97
821.01
812.22
842.086
839.318
812.264
786.555
813.085
812.632
808.362
790.861
771.33
758.329
819.431
848.458
843.542
840.779
807.856
814.217
801.529
804.68
826.6
800.097
809.371
812.711
770.063
795.401
752.695
758.684
778.459
795.184
836.186
863.061
858.918
826.305
806.152
807.726
789.887
787.939
762.788
761.056
829.41
823.417
785.626
810.549
817.777
823.498
817.279
805.585
797.643
804.943
821.318
831.407
836.387
820.995
862.473
813.087
827.107
819.968
833.598
845.98
868.508
842.258
800.594
784.703
783.017
776.646
763.668
797.86
824.118
806.144
799.481
808.436
799.776
795.789
751.436
747.9
761.485
775.815
776.903
766.227
773.011
810.421
768.352
779.285
800.867
815.575
794.354
817.36
835.016
843.582
840.361
839.679
849.524
834.76
848.471
839.459
848.769
798.886
828.497
811.98
819.703
824.457
848.849
879.14
883.443
864.786
893.194
870.361
856.107
867.128
840.694
868.833
854.044
848.656
859.891
839.205
832.959
849.411
848.161
844.758
863.233
823.54
873.468
866.891
897.516
865.794
848.119
847.371
873.865
854.055
860.159
836.027
832.512
796.34
807.003
847.008
843.623
810.416
805.227
815.407
818.844
799.537
771.759
748.069
760.791
761.403
786.924
792.475
791.189
796.864
804.247
801.321
847.549
838.153
881.029
856.127
864.133
859.725
806.715
817.296
783.267
820.958
854.986
844.16
842.56
806.415
831.153
812.889
776.869
825.282
806.633
822.614
859.299
862.585
874.412
881.505
838.696
858.426
873.321
850.882
861.504
881.167
877.499
896.21
901.126
929.645
964.031
920.761
900.965
887.029
839.151
835.333
860.477
844.745
848.624
817.525
838.667
848.765
848.047
872.019
858.449
874.644
882.108
910.822
866.595
889.981
928.406
963.604
1041.45
969.274
885.851
871.594
878.541
835.532
860.804
892.336
893.079
889.514
878.588
825.068
794.943
805.716
830.283
865.313
856.126
851.216
882.184
865.329
844.039
883.335
911.134
884.987
867.7
768.258
788.947
811.14
864.891
841.758
857.269
826.259
900.945
868.151
899.377
920.235
876.188
841.688
867.338
780.262
774.928
800.149
853.107
887.759
879.944
844.266
863.796
811.062
797.997
798.49
818.539
862.509
860.619
840.425
827.857
842.217
822.963
813.578
807.934
814.761
833.165
779.314
781.232
785.878
794.033
803.302
784.478
806.644
825.318
809.988
847.184
861.957
850.314
852.039
806.84
777.549
769.566
769.735
800.482
796.523
795.787
772.971
852.164
827.222
798.817
805.815
804.453
795.074
805.573
856.516
849.33
819.438
795.17
819.757
808.212
848.275
780.692
769.801
767.031
715.309
756.015
784.743
825.058
815.611
807.998
793.229
760.208
791.104
780.139
863.246
812.551
820.897
810.725
794.237
798.33
802.48
809.899
791.424
764.116
729.018
724.153
737.962
733.094
751.627
738.058
737.82
731.829
708.499
715.682
701.901
733.008
724.298
690.297
708.451
757.417
810.418
857.633
805.175
817.963
803.209
800.092
815.271
804.785
850.059
868.597
814.237
888.715
869.871
887.769
881.879
864.103
863.262
900.838
871.072
867.061
859.555
873.28
894.081
885.885
845.952
854.048
872.123
880.748
910.036
907.85
898.818
871.782
868.157
868.4
852.682
884.145
909.718
887.088
898.583
896.044
846.254
889.266
903.06
906.16
876.007
830.53
842.817
879.607
893.063
904.53
888.271
900.854
866.022
846.066
834.502
815.451
807.062
798.355
857.506
800.267
809.634
818.982
849.991
820.938
808.396
844.769
845.107
829.197
874.864
839.459
835.73
875.384
863.528
839.778
836.38
849.139
871.347
883.019
873.727
894.342
931.498
905.224
912.17
906.431
859.922
856.261
878.964
848.388
846.12
822.996
862.122
890.04
889.311
886.833
844.605
818.658
816.696
829.916
845.193
836.552
830.216
810.203
888.627
894.092
878.299
871.854
851.991
834.737
818.968
839.761
841.295
810.843
822.039
823.232
824.917
785.009
776.636
776.415
782.366
795.78
789.098
778.315
779.832
781.921
777.807
798.13
811.968
809.374
824.572
846.628
872.328
859.453
869.276
876.065
853.849
886.443
837.616
823.166
853.996
883.932
888.134
925.562
871.047
899.349
872.459
861.394
826.396
831.89
842.737
815.232
853.998
837.654
846.688
846.961
885.851
889.459
874.405
828.548
823.384
844.908
816.407
768.59
776.642
780.535
793.746
836.381
822.779
800.437
804.768
828.53
782.461
789.973
834.472
823.007
832.442
812.545
830.965
815.54
809.39
814.113
860.349
859.229
848.794
877.465
840.881
828.304
800.716
828.774
831.112
752.278
813.942
826.814
827.022
786.285
793.251
816.027
796.316
804.807
784.184
766.159
798.995
797.483
791.701
786.018
768.274
789.717
806.104
801.115
794.197
770.691
733.697
688.296
753.288
715.759
711.157
737.99
768.968
780.456
752.676
753.135
764.61
781.42
764.711
742.009
780.045
789.919
821.598
785.386
847.403
842.384
827.011
852.215
824.277
810.837
810.321
823.117
841.071
855.498
861.274
886.364
848.654
786.183
778.136
765.324
806.456
775.048
783.667
789.025
804.668
820.313
793.551
801.746
798.005
798.668
790.827
827.677
816.572
817.276
841.495
879.729
869.282
856.931
836.646
863.666
819.653
840.269
845.093
843.095
854.937
853.373
825.042
824.801
798.989
796.757
798.625
797.952
833.044
829.606
827.86
845.865
862.057
825.758
769.547
772.463
815.808
797.862
838.72
842.039
771.568
780.477
825.004
810.238
799.009
822.148
791.843
842.549
813.085
843.879
864.525
889.877
892.878
885.872
910.442
855.683
830.837
852.872
826.547
853.724
851.327
922.569
940.611
945.127
932.529
901.87
923.338
917.104
868.767
893.388
905.883
993.869
978.921
1036.86
1025.33
1015.57
985.842
963.617
983.472
960.621
900.199
880.031
906.102
904.404
877.788
850.654
887.708
882.06
867.306
851.788
847.048
834.421
778.072
758.068
747.592
746.309
766.066
759.542
799.087
776.126
770.88
819.613
817.868
833.403
784.952
772.327
784.077
756.28
755.51
810.197
832.488
814.836
788.201
760.323
768.973
701.436
747.024
761.588
798.018
790.682
792.973
787.932
839.421
884.642
854.911
885.775
868.699
850.341
849.126
820.83
835.282
801.883
797.304
823.509
805.204
747.188
716.942
735.38
774.436
778.078
769.835
796.414
783.946
769.025
794.249
783.672
804.939
799.848
815.424
816.721
825.163
866.325
815.727
791.314
785.037
781.034
788.161
763.259
790.499
768.684
777.043
755.825
731.598
721.656
758.109
785.326
792.63
802.133
809.091
790.077
802.453
805.692
790.495
812.247
822.054
849.226
853.052
879.527
889.056
925.035
867.918
861.131
834.024
815.993
805.071
802.318
778.953
786.354
788.042
774.098
772.566
767.985
777.193
824.175
821.775
821.969
792.992
780.748
814.302
816.764
773.984
775.278
732.863
775.319
748.244
765.641
785.279
780.465
807.77
836.016
844.082
874.097
884.416
834.08
806.066
839.689
891.774
822.806
834.383
847.034
837.381
852.341
851.862
861.187
869.197
820.951
847.797
818.395
806.587
817.262
855.912
868.676
864.005
875.077
866.337
865.723
854.918
892.674
882.778
899.122
838.645
858.262
840.651
800.241
827.168
868.368
910.128
857.455
818.142
820.943
835.658
827.382
848.62
836.873
847.899
881.382
927.001
937.713
912.776
870.609
883.476
867.966
907.168
883.12
881.913
867.45
902.105
891.198
898.258
841.93
779.399
793.953
790.371
804.674
818.136
853.674
825.326
805.669
830.938
848.802
863.468
847.243
854.332
809.339
843.888
828.997
806.486
823.835
764.105
742.026
800.486
801.738
852.792
851.992
832.064
821.418
782.621
797.087
811.315
774.888
819.609
802.695
765.113
765.391
725.813
707.932
730.556
700.457
695.496
723.336
719.997
714.848
732.704
729.172
737.092
773.159
765.463
752.946
775.126
806.043
833.719
808.027
801.553
806.729
815.855
877.996
872.909
861.915
844.079
843.477
873.758
867.867
865.699
913.74
899.901
853.627
829.188
852.522
857.135
837.974
833.824
840.527
867.553
866.117
871.217
843.748
811.93
808.587
833.889
823.021
804.725
845.919
861.74
839.129
860.248
881.261
861.241
879.727
871.462
865.845
803.742
829.547
791.837
841.356
898.557
870.047
827.172
830.657
815.077
836.901
822.376
791.874
833.208
847.793
824.004
844.671
818.747
802.199
791.03
834.485
811.673
777.095
801.693
796.959
814.501
861.381
862.751
850.359
851.276
801.574
799.006
777.206
787.618
791.506
797.462
817.918
788.194
816.114
841.397
813.851
813.163
849.919
826.631
819.43
795.104
794.676
812.595
822.577
840.645
836.856
871.223
855.322
863.908
905.069
933.05
943.542
899.19
865.531
888.421
893.709
902.6
884.607
901.506
902.765
856.559
803.422
830.095
837.676
802.105
821.897
775.571
784.615
840.628
789.482
822.854
835.473
827.011
850.373
854.957
853.892
867.894
843.271
852.979
889.043
897.232
871.128
859.691
885.309
882.456
883.54
875.719
889.679
918.646
892.084
913.396
901.802
887.005
870.775
814.863
810.156
789.086
771.912
781.929
773.587
788.058
777.593
805.453
802.062
810.632
797.458
820.339
819.213
821.675
803.467
823.764
793.265
767.605
761.869
763.466
807.508
833.423
882.309
806.423
806.505
819.21
763.215
783.464
818.183
828.179
859.531
868.064
828.903
847.885
842.399
865.078
851.958
876.058
871.627
839.138
814.447
835.052
848.041
808.028
794.391
785.98
801.863
847.883
781.794
813.98
793.491
831.126
851.53
883.587
866.777
867.526
866.758
889.698
874.974
867.972
875.57
894.241
903.616
936.964
918.385
864.014
835.786
862.002
853.49
858.024
823.302
831.845
866.257
870.146
845.445
843.716
856.022
823.426
839.532
850.303
867.582
881.102
878.862
892.566
869.393
870.639
863.218
871.838
860.36
856.657
848.728
847.689
888.485
851.716
838.238
857.503
853.914
842.329
830.602
824.666
801.673
790.208
749.99
709.303
768.948
778.377
769.174
770.079
799.749
787.828
792.262
785.17
782.061
788.028
746.218
760.455
765.216
784.933
796.949
779.716
809.21
856.403
852.556
811.687
785.298
759.25
744.52
763.473
741.483
754.56
792.736
777.461
786.041
787.734
799.249
787.155
789.23
813.953
825.082
790.435
802.562
816.876
775.141
749.641
759.169
761.527
764.297
757.831
778.274
777.529
754.354
762.098
793.254
780.993
787.733
769.242
793.657
788.116
824.58
801.501
780.344
814.563
811.616
795.974
811.088
832.616
800.818
814.901
795.208
826.1
806.908
806.583
824.912
814.227
780.36
765.718
816.754
816.681
819.941
800.507
855.006
877.31
883.446
889.474
891.983
865.949
867.671
852.144
826.483
819.626
839.114
848.181
855.431
802.543
803.697
835.438
868.079
884.186
877.289
865.639
825.612
854.798
843.64
816.511
817.95
839.268
866.189
956.398
938.585
897.767
896.256
831.736
838.958
836.429
798.407
787.997
809.839
824.003
798.864
837.268
884.279
831.211
886.916
865.93
848.046
829.006
821.69
803.285
825.522
787.206
812.758
806.333
778.909
833.583
797.771
823.258
801.24
791.336
774.63
753.819
760.789
816.826
858.165
862.218
834.643
832.728
825.083
818.487
862.339
850.055
874.762
867.381
898.918
942.009
896.725
878.138
909.113
902.019
909.427
943.378
947.046
910.17
922.401
933.023
883.293
887.562
865.198
885.403
933.134
871.798
878.333
876.814
884.44
873.168
923.737
915.725
961.948
935.455
917.627
978.297
930.248
935.835
889.084
849.142
864.982
848.867
876.197
851.648
883.802
914.655
854.643
856.247
828.935
821.046
845.706
809.793
812.28
801.382
805.567
837.475
832.705
857.957
787.969
799.644
803.099
873.153
894.043
851.783
874.536
871.677
791.443
791.814
799.747
864.259
834.418
850.666
842.644
824.114
788.351
837.593
842.283
822.191
807.118
845.599
832.794
824.962
875.555
881.378
873.422
846.584
815.535
840.495
803.737
821.921
803.412
853.201
859.52
874.867
870.336
862.533
864.584
884.854
891.631
907.256
918.199
923.177
931.515
910.296
923.286
905.144
922.082
913.224
859.634
856.451
842.434
873.677
844.678
875.161
885.124
870.758
831.036
812.286
843.776
850.44
864.761
890.513
883.939
903.204
898.947
891.369
825.574
825.138
813.798
789.174
780.752
797.465
782.204
780.917
791.003
758.353
785.343
788.608
795.859
771.274
769.157
780.319
780.475
802.124
808.799
824.406
768.038
750.316
801.653
847.984
879.749
817.054
776.282
812.038
825
843.161
865.67
834.306
824.205
824.29
873.052
793.793
811.29
854.107
843.39
852.239
824.29
803.804
820.972
785.411
800.173
848.773
821.404
812.189
784.283
832.127
828.009
801.866
864.475
920.217
922.015
916.096
904.49
901.018
894.387
854.757
904.17
928.951
888.84
898.166
882.909
863.019
846.272
866.399
886.56
852.326
827.298
854.91
856.749
875.73
865.221
846.004
857.408
807.297
833.91
878.647
904.278
937.322
945.491
888.34
918.236
911.823
934.897
920.144
876.212
898.689
903.799
873.405
874.587
883.144
898.366
881.034
896.714
878.256
876.014
878.019
926.536
898.728
868.904
889.374
901.748
901.894
858.031
845.921
849.757
815.119
861.107
858.356
825.199
831.225
787.641
795.834
815.152
837.827
815.394
808.41
818.304
823.449
837.399
812.648
811.806
851.997
874.701
891.387
856.522
842.762
829.659
861.585
821.531
860.333
864.115
886.122
894.296
862.216
850.568
835.174
843.583
827.477
772.514
836.059
848.214
815.838
767.999
789.43
794.82
831.512
832.412
822.431
799.214
836.438
828.295
818.861
813.789
861.691
871.461
890.565
896.576
917.057
905.407
864.146
895.223
894.18
899.878
929.116
933.878
885.962
844.192
822.041
768.974
814.296
840.015
860.049
860.264
872.062
873.72
877.671
850.434
800.8
781.186
773.942
811.897
744.34
762.12
768.144
776.064
800.717
809.007
790.598
786.923
784.247
808.411
794.776
802.242
822.06
860.523
866.949
906.658
895.081
854.766
866.742
824.335
869.643
880.107
846.044
856.889
878.354
872.11
869.465
930.004
889.57
871.992
817.36
807.351
798.991
793.151
796.653
793.707
786.237
782.353
840.552
842.499
837.14
833.928
808.204
807.372
832.582
836.762
846.65
856.135
859.377
886.213
885.228
851.662
825.179
827.066
844.797
894.076
873.163
859.457
878.406
866.888
901.244
899.947
892.107
895.281
919.62
892.92
883.543
885.393
836.672
868.177
847.215
824.023
842.568
859.13
862.602
889.1
859.541
896.454
928.172
981.235
936.199
914.002
915.678
950.094
956.371
940.676
897.359
888.471
855.809
850.594
838.878
864.027
865.061
862.977
825.394
849.934
866.273
841.996
844.761
860.155
845.107
861.849
865.941
851.238
864.278
872.754
860.876
841.409
822.203
816.362
851.852
848.456
918.905
889.465
881.638
874.046
879.13
885.093
891.833
907.909
891.635
827.628
862.951
840.107
897.947
877.396
869.811
867.9
838.312
864.353
851.94
842.295
837.098
900.641
865.56
844.188
835.102
834.57
820.407
828.929
850.098
828.881
817.269
845.268
817.789
781.388
849.966
840.686
815.508
818.464
769.529
751.313
759.068
756.097
783.262
764.195
773.677
745.368
773.775
785.085
816.871
821.68
808.199
803.669
826.863
803.184
850.617
866.415
869.148
873.602
877.047
854.293
845.751
824.621
801.539
822.414
775.351
826.086
833.751
829.11
845.457
846.693
812.483
868.592
861.227
876.575
908.771
944.954
906.491
890.33
878.733
875.423
921.026
907.357
878.375
873.597
819.129
814.497
790.928
800.855
806.638
842.388
863.096
853.884
878.386
888.101
820.156
902.423
850.491
839.741
882.638
882.372
810.771
769.649
750.089
743.85
784.772
733.702
756.003
771.943
801.857
842.618
866.092
846.692
784.546
790.835
811.02
838.676
855.054
869.71
864.493
842.496
863.912
818.741
839.263
829.813
792.034
829.061
839.358
836.202
833.579
855.836
833.263
851.035
862.027
912.717
938.766
889.283
884.731
900.013
897.695
840.148
831.588
838.589
818.126
837.862
827.723
875.924
900.484
930.584
913.52
894.658
899.859
870.664
849.909
846.411
848.809
825.503
795.034
763.675
786.836
820.682
884.663
853.896
839.973
884.439
901.848
874.544
882.277
903.572
849.305
850.917
813.357
837.253
835.703
805.656
810.68
794.993
854.81
825.834
780.681
754.042
833.583
808.373
777.907
756.349
770.244
764.925
796.234
779.297
797.217
807.074
807.336
790.346
773.195
748.095
775.479
761.879
779.549
828.365
794.758
787.816
782.307
776.886
775.247
765.491
759.295
758.316
767.338
783.887
795.293
766.689
769.797
776.679
764.255
784.888
805.824
816.559
781.019
815.37
799.716
796.992
805.978
814.693
781.112
778.057
755.2
785.932
822.795
813.585
780.585
801.685
824.783
810.058
835.046
851.464
900.549
903.968
826.967
787.693
779.71
777.876
801.827
800.01
790.399
822.361
827.676
752.224
801.486
782.806
797.637
791.664
820.764
815.489
827.419
847.619
848.546
862.523
864.882
856.231
904.659
908.421
921.397
903.086
903.719
870.427
886.633
922.067
893.328
882.345
893.358
954.886
930.881
913.125
888.468
915.037
906.142
876.724
878.324
883.24
957.09
926.241
841.675
855.241
848.323
851.271
809.755
851.035
844.516
844.433
878.085
882.462
877.488
877.692
840.458
845.414
820.86
817.371
818.507
831.137
849.741
834.941
823.154
858.927
849.38
850.758
882.674
895.669
844.541
890.313
867.258
889.767
925.541
920.914
890.328
914.335
901.531
931.784
873.197
833.446
865.265
925.347
873.548
898.091
873.171
841.771
818.345
808.029
828.486
868.929
876.762
865.379
919.85
861.301
838.363
847.277
857.933
826.514
789.274
819.666
842.515
783.367
734.35
753.75
779.159
826.616
864.858
823.688
851.389
870.491
892.619
872.012
866.322
837.765
876.826
858.543
835.423
772.873
806.514
798.44
801.245
779.487
785.652
816.848
849.486
822.706
806.657
783.923
785.783
798.804
810.927
785.611
780.547
805.013
821.992
827.295
878.715
850.192
808.074
805.543
804.246
825.988
799.698
839.325
840.993
838.902
866.229
905.498
892.42
907.404
924.078
922.893
886.589
860.004
908.118
907.598
903.524
899.861
917.987
960.176
905.543
915.224
920.76
866.972
850.356
883.335
902.925
850.793
842.186
854.226
869.372
869.27
865.28
858.182
863.683
861.711
837.742
822.218
866.078
836.884
896.44
915.189
900.016
922.874
934.42
935.388
890.302
836.824
853.889
896.391
926.758
933.183
887.389
900.189
885.868
905.992
936.229
884.911
849.779
868.195
885.948
886.666
919.249
841.135
869.299
864.517
878.178
883.501
921.387
905.388
854.354
867.739
895.618
906.321
916.39
930.536
910.215
937.537
950.798
985.06
1011.73
992.476
977.587
947.261
900.72
884.186
941.193
956.669
923.31
878.095
849.547
785.423
780.504
780.536
808.185
821.104
806.935
874.581
799.202
800.986
771.484
775.229
760.195
767.752
822.075
803.162
820.744
800.993
829.401
794.064
847.427
833.996
800.719
790.477
777.374
798.028
776.422
778.544
777.742
795.043
786.648
798.714
770.153
779.596
764.587
805.901
792.02
795.853
799.388
809.065
846.253
827.632
848.311
801.032
834.798
868.563
834.98
840.229
843.513
881.98
889.311
840.361
875.625
858.362
863.449
836.045
865.016
896.187
952.467
969.992
950.009
919.575
919.857
915.683
893.161
927.676
910.057
957.543
926.308
898.719
908.913
892.45
901.677
919.473
906.118
897.056
897.588
897.865
879.043
888.139
931.835
918.518
911.382
860.283
849.953
863.751
831.155
838.454
867.876
838.693
800.67
841.339
814.568
841.697
811.451
842.358
847.392
851.364
858.195
837.441
854.257
841.97
874.611
905.678
849.099
835.526
858.744
922.299
872.251
858.77
802.754
800.861
799.703
819.974
815.889
799.528
796.175
819.58
805.614
866.382
804.785
816.397
815.975
826.95
810.171
782.301
812.189
850.261
848.57
859.254
858.03
817.25
843.587
819.913
811.421
792.107
745.182
749.667
797.33
837.562
844.968
857.169
843.758
846.376
877.598
887.204
856.009
840.037
844.591
857.065
847.974
879.297
890.458
899.849
935.966
898.928
890.823
905.133
903.437
890.019
910.436
902.371
864.284
839.269
828.634
817.152
833.234
865.078
848.685
844.057
847.66
827.442
797.844
812.676
796.864
799.801
822.733
841.217
826.168
828.435
866.189
860.935
838.733
852.102
837.025
824.846
817.31
859.26
806.389
834.712
865.788
897.894
836.995
824.075
792.077
816.351
842.083
790.418
796.224
789.786
808.765
794.727
761.32
761.338
791.505
789.847
849.976
858.811
869.155
850.72
885.336
877.092
847.434
845.021
876.737
807.833
843.455
844.419
832.773
856.346
843.476
872.298
810.672
845.677
849.573
828.779
796.984
803.98
799.295
779.64
810.773
815.327
826.565
852.948
847.146
889.772
864.06
835.447
865.87
832.204
851.827
866.13
863.346
914.279
902.801
900.538
912.739
885.656
853.684
872.119
900.316
856.845
876.466
851.337
912.638
864.142
895.726
895.487
858.695
857.903
843.445
875.671
878.022
881.465
896.127
930.877
921.777
942.483
960.111
929.437
903.368
902.431
944.431
955.026
915.116
930.63
855.928
857.619
839.474
843.627
855.676
888.204
908.008
903.308
858.542
804.443
847.562
867.369
863.045
819.826
820.884
820.959
837.134
823.816
795.41
798.819
782.561
816.724
868.523
833.495
886.274
876.145
863.098
882.849
832.542
845.758
818.758
821.859
839.914
812.283
849.369
819.661
788.967
768.047
768.67
768.031
773.773
797.252
796.139
774.027
743.058
726.739
745.615
726.283
734.66
761.34
744.606
738.664
767.378
755.902
755.937
731.082
720.627
762.527
750.349
807.29
778.1
781.086
812.234
765.259
789.95
777.641
771.806
806.934
774.998
789.152
807.192
795.574
798.569
840.725
841.766
823.157
812.613
790.425
813.726
836.283
808.592
808.685
793.076
833.993
817.027
819.112
861.269
851.247
813.249
835.379
838.893
808.678
798.217
807.855
832.679
847.246
829.409
811.949
812.653
834.375
822.8
828.059
807.716
797.744
839.381
806.846
822.01
823.79
823.051
848.167
819.698
827.024
858.987
834.617
845.646
857.303
849.497
827.281
829.465
863.058
815.925
855.497
808.734
841.833
832.922
821.021
800.381
822.266
851.588
844.728
822.869
851.005
845.217
830.022
822.439
868.145
849.394
830.533
843.97
834.824
822.957
813.376
827.04
829.834
847.883
893.83
911.541
859.507
856.245
880.692
858.764
870.528
851.76
865.888
873.203
842.804
830.448
812.663
822.904
817.042
782.348
808.696
807.483
783.208
767.192
808.488
858.704
870.495
893.113
898.309
861.049
838.053
860.564
835.296
878.732
879.591
921.152
891.598
863.352
847.571
875.808
865.593
874.629
830.398
839.884
775.483
797.868
809.817
815.307
814.976
787.656
842.648
832.893
845.964
837.875
901.28
904.74
895.829
898.352
875.277
895.223
865.643
860.698
792.405
814.538
814.24
827.615
835.865
845.302
893.526
802.558
828.94
832.907
808.834
799.715
814.436
852.372
828.042
786.605
789.872
805.725
796.33
739.497
754.043
808.849
760.768
754.937
760.611
847.088
818.882
820.182
810.495
783.963
822.44
804.111
814.993
809.19
828.235
862.278
829.48
856.018
812.99
822.321
846.253
849.247
847.178
856.082
819.436
823.181
844.661
856.825
841.415
826.851
857.68
836.622
782.352
792.511
