-6.74271
-6.7823
-6.80374
-6.82501
-6.7692
-6.7884
-6.80917
-6.76298
-6.76388
-6.74241
-6.68164
-6.65914
-6.79223
-6.7937
-6.77495
-6.67539
-6.68372
-6.67525
-6.67032
-6.58068
-6.63392
-6.64589
-6.71996
-6.73304
-6.74505
-6.74821
-6.78075
-6.83534
-6.85451
-6.78472
-6.76447
-6.78623
-6.82114
-6.74513
-6.71684
-6.63033
-6.64473
-6.66084
-6.68558
-6.721
-6.7491
-6.63896
-6.64126
-6.62628
-6.66549
-6.69126
-6.63577
-6.68214
-6.6377
-6.64384
-6.64618
-6.73889
-6.73446
-6.67819
-6.72445
-6.79122
-6.91944
-6.83261
-6.93528
-6.83667
-6.88239
-6.86164
-6.8196
-6.87494
-6.78786
-6.81346
-6.81037
-6.81329
-6.85869
-6.81798
-6.84949
-6.73971
-6.7328
-6.76313
-6.80528
-6.712
-6.75244
-6.91007
-6.92684
-6.90507
-6.95391
-6.90842
-6.89647
-6.81803
-6.76808
-6.78669
-6.79971
-6.76612
-6.74022
-6.73139
-6.73315
-6.79509
-6.73422
-6.66179
-6.71621
-6.69766
-6.64624
-6.72211
-6.68694
-6.67464
-6.62536
-6.63139
-6.56515
-6.55704
-6.56751
-6.61187
-6.59139
-6.56021
-6.59872
-6.54434
-6.50023
-6.60646
-6.61343
-6.57488
-6.61584
-6.70177
-6.67349
-6.61561
-6.64742
-6.66915
-6.5906
-6.62415
-6.59788
-6.59914
-6.66893
-6.68748
-6.75314
-6.6907
-6.65915
-6.73823
-6.73555
-6.75601
-6.76624
-6.78968
-6.72794
-6.70292
-6.7501
-6.74449
-6.59788
-6.53828
-6.60548
-6.64675
-6.59645
-6.65289
-6.60977
-6.57963
-6.57801
-6.58768
-6.6706
-6.7361
-6.65622
-6.69012
-6.72028
-6.73957
-6.7785
-6.82531
-6.74517
-6.83049
-6.68026
-6.67057
-6.70246
-6.73157
-6.69813
-6.74252
-6.74915
-6.81748
-6.77723
-6.72648
-6.71207
-6.68089
-6.71739
-6.68339
-6.68864
-6.7074
-6.76555
-6.68959
-6.74518
-6.7675
-6.71577
-6.76955
-6.73534
-6.8259
-6.79135
-6.69891
-6.79839
-6.77157
-6.71603
-6.67512
-6.63089
-6.63074
-6.59489
-6.62905
-6.71142
-6.83471
-6.76754
-6.81942
-6.69993
-6.77959
-6.78218
-6.76207
-6.7318
-6.69593
-6.73926
-6.80363
-6.83988
-6.86272
-6.80596
-6.75178
-6.76861
-6.71028
-6.77211
-6.68287
-6.60687
-6.65465
-6.54723
-6.62524
-6.71289
-6.64382
-6.74818
-6.8163
-6.82496
-6.8758
-6.7994
-6.76076
-6.85135
-6.78918
-6.82289
-6.78601
-6.79934
-6.77374
-6.77399
-6.73496
-6.72738
-6.82309
-6.85024
-6.83528
-6.83294
-6.75036
-6.69303
-6.71581
-6.79104
-6.79421
-6.8307
-6.83309
-6.73283
-6.69575
-6.69742
-6.75056
-6.67543
-6.72488
-6.6591
-6.64339
-6.66615
-6.71207
-6.78439
-6.74093
-6.72263
-6.68024
-6.72962
-6.80708
-6.83379
-6.85337
-6.80137
-6.79796
-6.7655
-6.67725
-6.67908
-6.66081
-6.70889
-6.6108
-6.59995
-6.59636
-6.61579
-6.66925
-6.59832
-6.60595
-6.60297
-6.63907
-6.50123
-6.50293
-6.5383
-6.57587
-6.6221
-6.68341
-6.79189
-6.74396
-6.80657
-6.72752
-6.66368
-6.66551
-6.68413
-6.75216
-6.71053
-6.65663
-6.6474
-6.64666
-6.69637
-6.63829
-6.67162
-6.68143
-6.72657
-6.74379
-6.81046
-6.69117
-6.67576
-6.64617
-6.5935
-6.4797
-6.43119
-6.47357
-6.4409
-6.44153
-6.58409
-6.56889
-6.53128
-6.61011
-6.61958
-6.6682
-6.68014
-6.69684
-6.64293
-6.63956
-6.6098
-6.58498
-6.584
-6.54612
-6.53778
-6.579
-6.58981
-6.58446
-6.61364
-6.68125
-6.70083
-6.66598
-6.62646
-6.65386
-6.61398
-6.62234
-6.63552
-6.64409
-6.65396
-6.67479
-6.67869
-6.62263
-6.57239
-6.68126
-6.60815
-6.62829
-6.73386
-6.75905
-6.77641
-6.7938
-6.76717
-6.74218
-6.6842
-6.75274
-6.73177
-6.68538
-6.72896
-6.7746
-6.73269
-6.63697
-6.74705
-6.76326
-6.80033
-6.80459
-6.77256
-6.77868
-6.73958
-6.6919
-6.64253
-6.71885
-6.7549
-6.81729
-6.77805
-6.78327
-6.80239
-6.80024
-6.84134
-6.77719
-6.74959
-6.81235
-6.79693
-6.77849
-6.80843
-6.77122
-6.78583
-6.75124
-6.8307
-6.81915
-6.80481
-6.72704
-6.72838
-6.63188
-6.61576
-6.67939
-6.7407
-6.75695
-6.83139
-6.79007
-6.80718
-6.72101
-6.71652
-6.72019
-6.7022
-6.73441
-6.76802
-6.73101
-6.76373
-6.77729
-6.751
-6.68201
-6.67823
-6.70128
-6.6354
-6.66594
-6.55956
-6.592
-6.57319
-6.63223
-6.66171
-6.7838
-6.6968
-6.65035
-6.59858
-6.57296
-6.53437
-6.54349
-6.49934
-6.57082
-6.61208
-6.5781
-6.53833
-6.56431
-6.67663
-6.70688
-6.6497
-6.60558
-6.64848
-6.66767
-6.68866
-6.7098
-6.71463
-6.72149
-6.6844
-6.66388
-6.57206
-6.60365
-6.53138
-6.5527
-6.53389
-6.60886
-6.5475
-6.5492
-6.52103
-6.49139
-6.53058
-6.50024
-6.646
-6.65855
-6.58307
-6.60331
-6.591
-6.6963
-6.73001
-6.7229
-6.72451
-6.77891
-6.80063
-6.80222
-6.76513
-6.73481
-6.73217
-6.63197
-6.6588
-6.67032
-6.73637
-6.74876
-6.74362
-6.67275
-6.70874
-6.70889
-6.70577
-6.64176
-6.6401
-6.74607
-6.72626
-6.76892
-6.76948
-6.78033
-6.87784
-6.81164
-6.74546
-6.78029
-6.73933
-6.73472
-6.79576
-6.75924
-6.74604
-6.71314
-6.69356
-6.7815
-6.80878
-6.80531
-6.84514
-6.80423
-6.77665
-6.79118
-6.73786
-6.83132
-6.77867
-6.71437
-6.66882
-6.70234
-6.71308
-6.72162
-6.65888
-6.7336
-6.71797
-6.83984
-6.75727
-6.72845
-6.69571
-6.70672
-6.76535
-6.78125
-6.82308
-6.86492
-6.83319
-6.83906
-6.82943
-6.77792
-6.7426
-6.77282
-6.77042
-6.70299
-6.80144
-6.77492
-6.73473
-6.71223
-6.72182
-6.73988
-6.74859
-6.72709
-6.82114
-6.84317
-6.90271
-6.82212
-6.80242
-6.81406
-6.74187
-6.69829
-6.632
-6.64898
-6.66164
-6.67333
-6.72743
-6.74113
-6.78554
-6.67009
-6.68083
-6.73486
-6.70088
-6.73118
-6.78768
-6.76511
-6.66119
-6.6925
-6.6398
-6.70665
-6.66071
-6.7024
-6.66276
-6.6206
-6.57113
-6.56361
-6.653
-6.70723
-6.67678
-6.69537
-6.68318
-6.5966
-6.64321
-6.6683
-6.67335
-6.66268
-6.61023
-6.56216
-6.57943
-6.61129
-6.64153
-6.67156
-6.66782
-6.64804
-6.6622
-6.69232
-6.63647
-6.65467
-6.66052
-6.73412
-6.74619
-6.6464
-6.63696
-6.74779
-6.77994
-6.71848
-6.68418
-6.69175
-6.69438
-6.69404
-6.68143
-6.76059
-6.82342
-6.79859
-6.79683
-6.73291
-6.75518
-6.78431
-6.85502
-6.80338
-6.83845
-6.83694
-6.83425
-6.80313
-6.84776
-6.7901
-6.81365
-6.72056
-6.61018
-6.692
-6.67084
-6.60498
-6.58339
-6.64433
-6.6473
-6.73012
-6.76006
-6.81756
-6.78215
-6.7595
-6.66435
-6.62319
-6.69477
-6.7112
-6.75197
-6.72747
-6.7349
-6.81482
-6.80066
-6.8237
-6.82963
-6.81626
-6.77754
-6.71753
-6.74152
-6.74269
-6.69888
-6.73548
-6.76046
-6.7108
-6.77124
-6.80438
-6.85275
-6.78436
-6.75986
-6.68273
-6.62114
-6.67988
-6.66456
-6.74203
-6.67742
-6.68207
-6.67358
-6.6929
-6.65398
-6.62403
-6.63686
-6.69671
-6.7362
-6.72089
-6.69558
-6.73842
-6.72998
-6.75901
-6.75072
-6.73245
-6.69596
-6.67107
-6.64715
-6.62469
-6.67727
-6.6908
-6.72236
-6.63944
-6.65501
-6.64927
-6.64354
-6.65708
-6.7303
-6.72939
-6.72146
-6.69251
-6.63839
-6.70918
-6.725
-6.68989
-6.68418
-6.67263
-6.65108
-6.69232
-6.67745
-6.65646
-6.63118
-6.61813
-6.56383
-6.68976
-6.70254
-6.67779
-6.76751
-6.71722
-6.74172
-6.71519
-6.7233
-6.73325
-6.65857
-6.75032
-6.68563
-6.78912
-6.77445
-6.72648
-6.70016
-6.68083
-6.71814
-6.73061
-6.76047
-6.73246
-6.74936
-6.75171
-6.73727
-6.69828
-6.71333
-6.81917
-6.81856
-6.80871
-6.84446
-6.85261
-6.86367
-6.82276
-6.8103
-6.83523
-6.77491
-6.72525
-6.73673
-6.79184
-6.75374
-6.76879
-6.75798
-6.79225
-6.77979
-6.78188
-6.7672
-6.72772
-6.78779
-6.8297
-6.77867
-6.78188
-6.78127
-6.73462
-6.76627
-6.8269
-6.85078
-6.82891
-6.85121
-6.83796
-6.84205
-6.92416
-6.90837
-6.69261
-6.62591
-6.61888
-6.60558
-6.64903
-6.63889
-6.69944
-6.63027
-6.59626
-6.52895
-6.54206
-6.62577
-6.63061
-6.66814
-6.80754
-6.73946
-6.7355
-6.79454
-6.72462
-6.67336
-6.61262
-6.64189
-6.65779
-6.61349
-6.61066
-6.69141
-6.80623
-6.75168
-6.73257
-6.73416
-6.71926
-6.67444
-6.75142
-6.68414
-6.68223
-6.65925
-6.66683
-6.66415
-6.73614
-6.7119
-6.63849
-6.58996
-6.59583
-6.59378
-6.60381
-6.5597
-6.59751
-6.64883
-6.68625
-6.69301
-6.59609
-6.59264
-6.60002
-6.5974
-6.60433
-6.59411
-6.58929
-6.6536
-6.64648
-6.67102
-6.63413
-6.57159
-6.6184
-6.61744
-6.58409
-6.5747
-6.5753
-6.56534
-6.50041
-6.65514
-6.59624
-6.60676
-6.59865
-6.60341
-6.61567
-6.56415
-6.61818
-6.563
-6.64624
-6.58732
-6.63874
-6.7297
-6.68466
-6.66806
-6.74177
-6.79918
-6.80456
-6.75938
-6.75211
-6.68343
-6.63375
-6.67152
-6.69275
-6.70804
-6.74226
-6.71276
-6.73429
-6.75152
-6.78951
-6.78464
-6.68197
-6.70898
-6.67552
-6.65415
-6.67282
-6.6255
-6.59843
-6.62764
-6.67692
-6.69503
-6.7222
-6.71135
-6.73982
-6.72351
-6.70289
-6.68081
-6.73647
-6.73743
-6.69833
-6.70079
-6.8453
-6.78964
-6.82854
-6.81311
-6.8268
-6.83653
-6.7682
-6.7767
-6.79265
-6.79348
-6.82199
-6.80732
-6.69495
-6.72145
-6.63085
-6.6465
-6.68171
-6.69806
-6.68907
-6.65558
-6.53312
-6.55815
-6.55914
-6.5284
-6.61649
-6.65691
-6.499
-6.61495
-6.58803
-6.60609
-6.67324
-6.70705
-6.65908
-6.65617
-6.66588
-6.71047
-6.7183
-6.74627
-6.72542
-6.63398
-6.61953
-6.61835
-6.67208
-6.60304
-6.61805
-6.72953
-6.74774
-6.74355
-6.74503
-6.64137
-6.64637
-6.71595
-6.66873
-6.69893
-6.7444
-6.65352
-6.59483
-6.558
-6.562
-6.64941
-6.55362
-6.54835
-6.47011
-6.55471
-6.63933
-6.61906
-6.61824
-6.59182
-6.64927
-6.66643
-6.6143
-6.61122
-6.65798
-6.70004
-6.72852
-6.69327
-6.70903
-6.75724
-6.8176
-6.77083
-6.74901
-6.65774
-6.68256
-6.69816
-6.67524
-6.63473
-6.66434
-6.64857
-6.65693
-6.63347
-6.60219
-6.63703
-6.66751
-6.68268
-6.63419
-6.67824
-6.64952
-6.71839
-6.76138
-6.73479
-6.70396
-6.72059
-6.65854
-6.67544
-6.69328
-6.71706
-6.75628
-6.7622
-6.77387
-6.80296
-6.85718
-6.80291
-6.81262
-6.83987
-6.84675
-6.83073
-6.75208
-6.78947
-6.74935
-6.72683
-6.76283
-6.79442
-6.75658
-6.79735
-6.74296
-6.72999
-6.83363
-6.75231
-6.76568
-6.69925
-6.6851
-6.74252
-6.71681
-6.67661
-6.66303
-6.61558
-6.58015
-6.68094
-6.67658
-6.73086
-6.68238
-6.72796
-6.71344
-6.71621
-6.63965
-6.64831
-6.65237
-6.72685
-6.72296
-6.7349
-6.75615
-6.72294
-6.59932
-6.64856
-6.73256
-6.74191
-6.74843
-6.77332
-6.74998
-6.72213
-6.7002
-6.67516
-6.71634
-6.73081
-6.7422
-6.7236
-6.68287
-6.69714
-6.69744
-6.70613
-6.70308
-6.68927
-6.65419
-6.66167
-6.66345
-6.66204
-6.62776
-6.54755
-6.60442
-6.59341
-6.56698
-6.46991
-6.52732
-6.53481
-6.55828
-6.6404
-6.62459
-6.71963
-6.65274
-6.64306
-6.66106
-6.66866
-6.59337
-6.53593
-6.69642
-6.70829
-6.60567
-6.60789
-6.67121
-6.62196
-6.62271
-6.64892
-6.63958
-6.63469
-6.69417
-6.66405
-6.7281
-6.65972
-6.63972
-6.66209
-6.58695
-6.60156
-6.62865
-6.65394
-6.64874
-6.73052
-6.75032
-6.75127
-6.77932
-6.75895
-6.77475
-6.7385
-6.71798
-6.73835
-6.76104
-6.78431
-6.77388
-6.74557
-6.72215
-6.75647
-6.78065
-6.75586
-6.80419
-6.74626
-6.66246
-6.63449
-6.70077
-6.7145
-6.73584
-6.75654
-6.77056
-6.78954
-6.8194
-6.86949
-6.83121
-6.78567
-6.79633
-6.8729
-6.8531
-6.89381
-6.87145
-6.82719
-6.7994
-6.74459
-6.72135
-6.7496
-6.59838
-6.6351
-6.69795
-6.70651
-6.60209
-6.56738
-6.5734
-6.64631
-6.54572
-6.56766
-6.67078
-6.63437
-6.63595
-6.63737
-6.66454
-6.724
-6.71543
-6.71225
-6.70288
-6.71361
-6.70726
-6.76367
-6.79083
-6.83791
-6.86326
-6.76513
-6.689
-6.68402
-6.71104
-6.67448
-6.60101
-6.59027
-6.59139
-6.62547
-6.70372
-6.7683
-6.70435
-6.72937
-6.75446
-6.68466
-6.67498
-6.67239
-6.76675
-6.73704
-6.69901
-6.62148
-6.56391
-6.5419
-6.57658
-6.54379
-6.55866
-6.58783
-6.54949
-6.57144
-6.57495
-6.46836
-6.60263
-6.59455
-6.66065
-6.67864
-6.6706
-6.64064
-6.55474
-6.52277
-6.62259
-6.72014
-6.73633
-6.64669
-6.68605
-6.67934
-6.73162
-6.74009
-6.68347
-6.58568
-6.57905
-6.55769
-6.57514
-6.57649
-6.63054
-6.58464
-6.64412
-6.70351
-6.69403
-6.68485
-6.71584
-6.60244
-6.53942
-6.52991
-6.60029
-6.58963
-6.5977
-6.61568
-6.63556
-6.63572
-6.66606
-6.65318
-6.67423
-6.6711
-6.70506
-6.6337
-6.62008
-6.65414
-6.60522
-6.62334
-6.63757
-6.6169
-6.63615
-6.61697
-6.57259
-6.58687
-6.54814
-6.55528
-6.61384
-6.63648
-6.70285
-6.7011
-6.64578
-6.68622
-6.73641
-6.69952
-6.75538
-6.75734
-6.6844
-6.70864
-6.67692
-6.65632
-6.56712
-6.55115
-6.62714
-6.62527
-6.60571
-6.66182
-6.68609
-6.61005
-6.73768
-6.73197
-6.70869
-6.65189
-6.6905
-6.60687
-6.64396
-6.72382
-6.76762
-6.75265
-6.71881
-6.73566
-6.7662
-6.72103
-6.82571
-6.78379
-6.82493
-6.71795
-6.67458
-6.76498
-6.75297
-6.69
-6.69493
-6.60325
-6.6628
-6.65406
-6.63843
-6.66872
-6.68806
-6.59091
-6.5837
-6.65844
-6.65892
-6.63101
-6.69803
-6.70805
-6.67501
-6.65044
-6.60163
-6.5153
-6.5313
-6.55534
-6.64431
-6.58706
-6.5414
-6.52278
-6.55051
-6.60208
-6.66299
-6.65921
-6.67963
-6.69138
-6.762
-6.78599
-6.79144
-6.74938
-6.70478
-6.70228
-6.75551
-6.63298
-6.64484
-6.77227
-6.78261
-6.70866
-6.67567
-6.66268
-6.71396
-6.68625
-6.62688
-6.71889
-6.69705
-6.7484
-6.66002
-6.55739
-6.65009
-6.65336
-6.71505
-6.67676
-6.73904
-6.72461
-6.6472
-6.67301
-6.62802
-6.52763
-6.57817
-6.52974
-6.53181
-6.55907
-6.57464
-6.53728
-6.50583
-6.56323
-6.53211
-6.55229
-6.58154
-6.6298
-6.53904
-6.58525
-6.59352
-6.60936
-6.57138
-6.62979
-6.5757
-6.60541
-6.6787
-6.67775
-6.67844
-6.6902
-6.6527
-6.65957
-6.63149
-6.70674
-6.74376
-6.76826
-6.77917
-6.78371
-6.72019
-6.69972
-6.67926
-6.65171
-6.70171
-6.70471
-6.60041
-6.66059
-6.72909
-6.6423
-6.63607
-6.62235
-6.63306
-6.71992
-6.72009
-6.78345
-6.75146
-6.64651
-6.71297
-6.73309
-6.69839
-6.73318
-6.67599
-6.6459
-6.62741
-6.65161
-6.66344
-6.66562
-6.65911
-6.64849
-6.718
-6.73599
-6.68235
-6.67224
-6.60351
-6.67164
-6.62045
-6.65686
-6.68758
-6.64678
-6.68839
-6.66413
-6.69964
-6.73289
-6.68583
-6.68231
-6.66497
-6.68544
-6.60155
-6.67592
-6.66159
-6.56176
-6.60915
-6.70402
-6.74997
-6.77968
-6.80048
-6.81251
-6.84829
-6.86137
-6.88902
-6.82742
-6.89133
-6.82759
-6.81229
-6.78905
-6.81066
-6.75138
-6.76253
-6.79321
-6.74703
-6.7496
-6.73419
-6.73406
-6.7223
-6.73791
-6.71184
-6.69615
-6.70207
-6.72963
-6.70185
-6.80014
-6.76109
-6.74546
-6.68508
-6.71266
-6.73088
-6.69496
-6.65334
-6.69529
-6.69082
-6.59704
-6.56383
-6.65365
-6.71738
-6.69512
-6.67017
-6.63937
-6.61624
-6.67185
-6.76522
-6.66131
-6.70921
-6.66043
-6.63277
-6.62241
-6.6824
-6.68636
-6.69376
-6.73285
-6.76759
-6.7651
-6.74676
-6.7647
-6.76205
-6.7465
-6.64903
-6.68661
-6.70506
-6.70993
-6.70806
-6.72374
-6.64868
-6.68878
-6.67745
-6.69316
-6.75337
-6.7629
-6.67746
-6.65545
-6.64239
-6.61448
-6.64267
-6.6637
-6.71165
-6.70585
-6.6248
-6.58852
-6.6072
-6.62956
-6.59225
-6.61188
-6.61408
-6.63979
-6.65605
-6.69207
-6.7282
-6.71245
-6.74109
-6.73019
-6.73839
-6.76018
-6.73999
-6.75547
-6.68907
-6.60534
-6.59469
-6.63516
-6.60277
-6.63337
-6.62189
-6.50076
-6.50405
-6.53891
-6.55721
-6.58457
-6.65834
-6.68384
-6.70492
-6.73572
-6.68434
-6.74435
-6.73192
-6.66981
-6.65415
-6.60242
-6.6139
-6.64242
-6.66058
-6.60334
-6.57164
-6.6051
-6.51544
-6.5494
-6.63352
-6.64799
-6.62177
-6.73105
-6.7198
-6.77684
-6.7772
-6.73679
-6.78442
-6.75086
-6.72212
-6.76479
-6.73765
-6.70045
-6.67197
-6.75043
-6.71859
-6.68011
-6.71252
-6.73144
-6.80682
-6.70164
-6.66685
-6.64668
-6.55212
-6.61146
-6.5915
-6.65527
-6.66145
-6.70433
-6.71301
-6.70708
-6.84035
-6.78354
-6.76796
-6.7473
-6.72618
-6.74418
-6.65296
-6.64922
-6.64076
-6.67794
-6.69602
-6.67599
-6.66484
-6.71299
-6.70107
-6.7271
-6.73688
-6.72072
-6.69796
-6.65103
-6.59866
-6.63906
-6.67148
-6.62674
-6.71596
-6.76347
-6.6978
-6.72803
-6.68829
-6.67147
-6.71565
-6.67769
-6.64068
-6.7049
-6.73686
-6.76416
-6.72287
-6.71563
-6.68975
-6.66895
-6.67349
-6.61881
-6.61489
-6.61955
-6.61969
-6.6801
-6.62969
-6.67779
-6.65457
-6.6781
-6.7208
-6.6946
-6.74733
-6.71638
-6.64777
-6.6923
-6.6838
-6.68589
-6.62373
-6.67886
-6.72541
-6.74897
-6.7291
-6.72137
-6.74218
-6.75381
-6.72136
-6.68279
-6.75454
-6.77928
-6.76566
-6.73963
-6.682
-6.8155
-6.83041
-6.75125
-6.76008
-6.72233
-6.7232
-6.74332
-6.74409
-6.71414
-6.6954
-6.67791
-6.65558
-6.6323
-6.68195
-6.67366
-6.71199
-6.70513
-6.58664
-6.56403
-6.61884
-6.66181
-6.58307
-6.6735
-6.66664
-6.70985
-6.723
-6.65276
-6.68905
-6.73028
-6.70683
-6.71254
-6.6591
-6.65086
-6.64849
-6.66651
-6.67543
-6.68411
-6.70482
-6.67385
-6.55307
-6.53901
-6.53827
-6.55007
-6.54979
-6.56531
-6.52946
-6.52707
-6.53805
-6.55657
-6.65175
-6.59002
-6.58562
-6.57658
-6.62732
-6.67219
-6.57782
-6.5731
-6.54948
-6.55994
-6.60079
-6.65401
-6.67872
-6.71075
-6.71312
-6.71327
-6.71757
-6.71795
-6.66142
-6.75913
-6.74753
-6.76013
-6.72074
-6.73195
-6.75771
-6.74809
-6.72766
-6.5781
-6.63649
-6.61734
-6.64427
-6.62079
-6.53779
-6.55625
-6.59557
-6.64082
-6.62942
-6.65156
-6.70474
-6.70087
-6.68312
-6.63032
-6.70798
-6.67158
-6.66838
-6.68721
-6.66445
-6.67689
-6.63
-6.66034
-6.71007
-6.64485
-6.57316
-6.61297
-6.61483
-6.73238
-6.68635
-6.68097
-6.68727
-6.66414
-6.60283
-6.63453
-6.58046
-6.61129
-6.63539
-6.6342
-6.64578
-6.66534
-6.67133
-6.63273
-6.58302
-6.63662
-6.72461
-6.76623
-6.73011
-6.75465
-6.73551
-6.71513
-6.72091
-6.73444
-6.72075
-6.68937
-6.65182
-6.62769
-6.56924
-6.4559
-6.48673
-6.55203
-6.4778
-6.54469
-6.61764
-6.63717
-6.70557
-6.70795
-6.65665
-6.64219
-6.68023
-6.71969
-6.69815
-6.69742
-6.61112
-6.63584
-6.63197
-6.62651
-6.6401
-6.63202
-6.69093
-6.585
-6.57413
-6.61234
-6.66509
-6.59746
-6.56353
-6.56738
-6.64494
-6.52923
-6.49581
-6.54498
-6.61881
-6.58407
-6.61229
-6.70244
-6.72202
-6.72616
-6.678
-6.67074
-6.7389
-6.72897
-6.77679
-6.75143
-6.74755
-6.7421
-6.68832
-6.76946
-6.7645
-6.77943
-6.7669
-6.74783
-6.8058
-6.75491
-6.69583
-6.68573
-6.65697
-6.67232
-6.7228
-6.80158
-6.75117
-6.85322
-6.83935
-6.83645
-6.84429
-6.82251
-6.82211
-6.87189
-6.9047
-6.85193
-6.88007
-6.8589
-6.79978
-6.82423
-6.7576
-6.65302
-6.69881
-6.75299
-6.65168
-6.7243
-6.72329
-6.78839
-6.78801
-6.86657
-6.82412
-6.85903
-6.7716
-6.75336
-6.76081
-6.74098
-6.71779
-6.68757
-6.75204
-6.75883
-6.81201
-6.78293
-6.79973
-6.6676
-6.67135
-6.69184
-6.75601
-6.78827
-6.74995
-6.76232
-6.81811
-6.82742
-6.83461
-6.84405
-6.80178
-6.72274
-6.69929
-6.72036
-6.72643
-6.75095
-6.78373
-6.76759
-6.64321
-6.61995
-6.54549
-6.55323
-6.64315
-6.66575
-6.63096
-6.66963
-6.65749
-6.67834
-6.75932
-6.77022
-6.70252
-6.66607
-6.72128
-6.69993
-6.76517
-6.81936
-6.79242
-6.77251
-6.81175
-6.76486
-6.8357
-6.82396
-6.76501
-6.69952
-6.67741
-6.60829
-6.69949
-6.75272
-6.77606
-6.89681
-6.89616
-6.88227
-6.83106
-6.83971
-6.84941
-6.874
-6.8994
-6.88787
-6.82262
-6.82946
-6.79723
-6.78677
-6.7606
-6.78388
-6.7857
-6.73393
-6.68568
-6.67968
-6.73887
-6.68268
-6.62863
-6.65533
-6.63474
-6.69014
-6.67869
-6.62197
-6.5929
-6.51851
-6.52092
-6.46715
-6.50347
-6.54046
-6.68798
-6.62886
-6.65983
-6.64845
-6.65209
-6.57265
-6.52507
-6.53811
-6.54988
-6.64547
-6.55921
-6.54828
-6.50161
-6.53454
-6.58908
-6.65
-6.56444
-6.61435
-6.63708
-6.59835
-6.64721
-6.60371
-6.60753
-6.6574
-6.69091
-6.66234
-6.59055
-6.61816
-6.65944
-6.60715
-6.64152
-6.58937
-6.50162
-6.62763
-6.60469
-6.52586
-6.61993
-6.59425
-6.62947
-6.59935
-6.53766
-6.51279
-6.56054
-6.55355
-6.50405
-6.61213
-6.62776
-6.67257
-6.61676
-6.62779
-6.62469
-6.55824
-6.49766
-6.55087
-6.44997
-6.55303
-6.63904
-6.65828
-6.74829
-6.84057
-6.773
-6.72808
-6.68959
-6.75588
-6.69279
-6.69727
-6.69298
-6.65795
-6.73114
-6.69189
-6.66595
-6.64688
-6.63607
-6.64858
-6.634
-6.62681
-6.63743
-6.69366
-6.69502
-6.6802
-6.66942
-6.74815
-6.76206
-6.72687
-6.78856
-6.74975
-6.73445
-6.69563
-6.69704
-6.72245
-6.75852
-6.7075
-6.76555
-6.70162
-6.63964
-6.72503
-6.74252
-6.73011
-6.72012
-6.72392
-6.77838
-6.77829
-6.75821
-6.78352
-6.85125
-6.78996
-6.79555
-6.77878
-6.75968
-6.7011
-6.67455
-6.60479
-6.63184
-6.60028
-6.62939
-6.66513
-6.75931
-6.73487
-6.71255
-6.77155
-6.71774
-6.72622
-6.70495
-6.70739
-6.69982
-6.70369
-6.64401
-6.71584
-6.67269
-6.63717
-6.48618
-6.59664
-6.60046
-6.64643
-6.55754
-6.44923
-6.50898
-6.44954
-6.61392
-6.67267
-6.70071
-6.68963
-6.67814
-6.67701
-6.74186
-6.67313
-6.70937
-6.75928
-6.71141
-6.72746
-6.76014
-6.63195
-6.65342
-6.64127
-6.63902
-6.70905
-6.73164
-6.66658
-6.75188
-6.79513
-6.81652
-6.90041
-6.84764
-6.86174
-6.80038
-6.82326
-6.77782
-6.75154
-6.78278
-6.72807
-6.73236
-6.6182
-6.62787
-6.7029
-6.73053
-6.76241
-6.68773
-6.72755
-6.70592
-6.6855
-6.6944
-6.57355
-6.53426
-6.55518
-6.59319
-6.64533
-6.74584
-6.76532
-6.82616
-6.81521
-6.85011
-6.74942
-6.69258
-6.69454
-6.68897
-6.75138
-6.76337
-6.76075
-6.75666
-6.77231
-6.74432
-6.73488
-6.67213
-6.78475
-6.73828
-6.76778
-6.76152
-6.71512
-6.72053
-6.74846
-6.77316
-6.76043
-6.70839
-6.78131
-6.80704
-6.8176
-6.79926
-6.80792
-6.83081
-6.7605
-6.79885
-6.78552
-6.79447
-6.84283
-6.87345
-6.86978
-6.82833
-6.79022
-6.7568
-6.71757
-6.7776
-6.73542
-6.63495
-6.62475
-6.61186
-6.64264
-6.6419
-6.6705
-6.71524
-6.66625
-6.68334
-6.74708
-6.64014
-6.65666
-6.63957
-6.615
-6.61945
-6.61342
-6.57572
-6.60813
-6.59132
-6.62572
-6.56676
-6.62105
-6.56974
-6.58563
-6.60045
-6.65269
-6.67023
-6.66925
-6.66879
-6.6366
-6.68211
-6.63761
-6.57946
-6.56701
-6.59245
-6.5501
-6.59734
-6.59095
-6.60876
-6.57722
-6.50094
-6.45365
-6.4361
-6.48421
-6.58064
-6.64748
-6.66575
-6.65542
-6.61324
-6.60756
-6.57473
-6.52631
-6.602
-6.62975
-6.63371
-6.62299
-6.60642
-6.68968
-6.75333
-6.74394
-6.73974
-6.69675
-6.67309
-6.64159
-6.62215
-6.57516
-6.62311
-6.60364
-6.56352
-6.59512
-6.56422
-6.51204
-6.59921
-6.61196
-6.64186
-6.62767
-6.47454
-6.44553
-6.43385
-6.52537
-6.58823
-6.54098
-6.50964
-6.48295
-6.48297
-6.55254
-6.58592
-6.57739
-6.5875
-6.57525
-6.63142
-6.61939
-6.55607
-6.66642
-6.69277
-6.68921
-6.63299
-6.6038
-6.58966
-6.67203
-6.66241
-6.72153
-6.68819
-6.66191
-6.66366
-6.61702
-6.48761
-6.57294
-6.54099
-6.50562
-6.49871
-6.54511
-6.58437
-6.64687
-6.63671
-6.70073
-6.68947
-6.70345
-6.69512
-6.73911
-6.71998
-6.74743
-6.7579
-6.66955
-6.66781
-6.63285
-6.59918
-6.61035
-6.49702
-6.53051
-6.48556
-6.55501
-6.63221
-6.63705
-6.65305
-6.6464
-6.5988
-6.60726
-6.72905
-6.74012
-6.73479
-6.71955
-6.74328
-6.73967
-6.69958
-6.6366
-6.66976
-6.75075
-6.81656
-6.82218
-6.77242
-6.78218
-6.72687
-6.56472
-6.65281
-6.64564
-6.64528
-6.66193
-6.67485
-6.68536
-6.57891
-6.6005
-6.62293
-6.62515
-6.5995
-6.62121
-6.58981
-6.64729
-6.58764
-6.61793
-6.65731
-6.62435
-6.71223
-6.68191
-6.75459
-6.72398
-6.64997
-6.72259
-6.72991
-6.6594
-6.61646
-6.60022
-6.65896
-6.62716
-6.62183
-6.66594
-6.69887
-6.7033
-6.72888
-6.76763
-6.72062
-6.73126
-6.71033
-6.67606
-6.66979
-6.64278
-6.60833
-6.76034
-6.78723
-6.78811
-6.84775
-6.90014
-6.8793
-6.91408
-6.88458
-6.82996
-6.80761
-6.78711
-6.73156
-6.70058
-6.67505
-6.67737
-6.63965
-6.692
-6.71055
-6.71486
-6.63329
-6.62717
-6.68379
-6.6921
-6.6542
-6.61861
-6.6054
-6.62965
-6.65104
-6.65794
-6.6555
-6.64697
-6.69303
-6.71955
-6.65273
-6.63576
-6.6325
-6.58609
-6.57228
-6.55493
-6.53997
-6.6077
-6.65619
-6.62174
-6.73003
-6.69353
-6.67059
-6.69074
-6.62969
-6.60389
-6.67392
-6.69995
-6.70935
-6.69599
-6.68645
-6.771
-6.70084
-6.67902
-6.80571
-6.75648
-6.73518
-6.81503
-6.87217
-6.80163
-6.74557
-6.63472
-6.60115
-6.62481
-6.65712
-6.67252
-6.66824
-6.64988
-6.63322
-6.61395
-6.56778
-6.55062
-6.61069
-6.62866
-6.67323
-6.72511
-6.65295
-6.64055
-6.66353
-6.65393
-6.62025
-6.63833
-6.55405
-6.60961
-6.56633
-6.51705
-6.50432
-6.54292
-6.54106
-6.60401
-6.60125
-6.58841
-6.57065
-6.58542
-6.56658
-6.44621
-6.5489
-6.51973
-6.5582
-6.59921
-6.55239
-6.51974
-6.44921
-6.51642
-6.56261
-6.528
-6.58191
-6.57525
-6.60919
-6.56799
-6.5199
-6.46901
-6.45232
-6.47326
-6.52954
-6.54736
-6.62908
-6.64046
-6.60895
-6.64008
-6.67766
-6.66376
-6.67606
-6.71181
-6.71465
-6.69003
-6.60305
-6.60743
-6.58924
-6.62309
-6.60084
-6.59511
-6.60465
-6.65207
-6.65959
-6.61611
-6.63167
-6.64143
-6.6894
-6.69422
-6.72922
-6.65461
-6.64058
-6.6246
-6.68292
-6.74641
-6.69186
-6.71628
-6.73252
-6.68623
-6.7593
-6.72659
-6.7675
-6.76053
-6.72563
-6.78119
-6.72114
-6.6288
-6.61251
-6.57677
-6.59184
-6.64802
-6.64361
-6.64416
-6.57993
-6.65214
-6.63451
-6.64884
-6.59471
-6.6126
-6.6254
-6.59404
-6.57194
-6.57737
-6.5799
-6.64341
-6.66945
-6.67789
-6.79033
-6.81972
-6.75086
-6.70344
-6.72084
-6.74073
-6.73864
-6.75239
-6.74774
-6.78168
-6.76641
-6.69673
-6.72979
-6.63073
-6.58686
-6.64501
-6.58787
-6.57218
-6.5805
-6.50442
-6.48563
-6.58963
-6.45172
-6.41557
-6.5562
-6.50228
-6.58674
-6.57336
-6.57028
-6.64515
-6.62236
-6.58797
-6.61894
-6.59617
-6.54603
-6.52713
-6.4797
-6.57845
-6.60977
-6.53841
-6.59329
-6.58937
-6.6723
-6.60296
-6.61984
-6.65002
-6.69729
-6.71249
-6.70558
-6.72007
-6.68243
-6.68987
-6.67002
-6.67971
-6.68604
-6.70055
-6.75082
-6.7175
-6.66357
-6.64516
-6.63018
-6.65068
-6.61366
-6.67932
-6.6656
-6.6782
-6.69429
-6.6164
-6.69339
-6.62414
-6.63603
-6.71067
-6.65708
-6.70654
-6.77361
-6.86771
-6.89168
-6.8597
-6.86841
-6.82195
-6.86551
-6.82214
-6.81626
-6.78551
-6.79968
-6.79718
-6.77808
-6.75493
-6.73394
-6.76432
-6.72052
-6.73393
-6.72451
-6.74491
-6.69235
-6.77916
-6.80687
-6.84905
-6.86041
-6.76526
-6.82816
-6.81119
-6.78718
-6.74901
-6.75177
-6.6578
-6.6416
-6.69512
-6.62442
-6.67561
-6.70663
-6.67127
-6.69981
-6.66525
-6.63203
-6.63114
-6.68714
-6.67997
-6.76536
-6.77866
-6.77084
-6.8304
-6.8086
-6.76273
-6.77486
-6.72276
-6.7839
-6.68391
-6.70688
-6.66506
-6.77494
-6.75329
-6.70486
-6.82018
-6.77675
-6.77494
-6.8204
-6.76332
-6.8588
-6.8179
-6.71543
-6.64158
-6.63472
-6.58975
-6.6663
-6.64622
-6.71899
-6.69077
-6.80519
-6.86461
-6.80219
-6.79017
-6.82774
-6.83489
-6.79988
-6.76433
-6.78154
-6.79384
-6.77385
-6.76013
-6.75116
-6.79997
-6.77174
-6.68059
-6.66925
-6.67976
-6.65418
-6.73137
-6.64694
-6.63078
-6.5881
-6.73156
-6.73129
-6.77395
-6.75624
-6.69968
-6.76366
-6.75385
-6.75975
-6.76523
-6.6843
-6.70507
-6.65866
-6.69657
-6.71434
-6.74423
-6.70671
-6.70661
-6.78233
-6.74938
-6.72795
-6.76382
-6.69375
-6.67884
-6.63671
-6.69068
-6.74044
-6.7292
-6.71279
-6.685
-6.65079
-6.61881
-6.66137
-6.65802
-6.60859
-6.7016
-6.75703
-6.78648
-6.7299
-6.69489
-6.68959
-6.7177
-6.70752
-6.65546
-6.6173
-6.65993
-6.62603
-6.64358
-6.69169
-6.66405
-6.62946
-6.58652
-6.52832
-6.51593
-6.61406
-6.63232
-6.5337
-6.50252
-6.47933
-6.46431
-6.42033
-6.47847
-6.61215
-6.63637
-6.62138
-6.67183
-6.70179
-6.72101
-6.71113
-6.66356
-6.63573
-6.57857
-6.65682
-6.61678
-6.62489
-6.63914
-6.60968
-6.56501
-6.62727
-6.66059
-6.71892
-6.71272
-6.69705
-6.66694
-6.69063
-6.67066
-6.6997
-6.7148
-6.67861
-6.60911
-6.64082
-6.61568
-6.6766
-6.64881
-6.76649
-6.78214
-6.68331
-6.56157
-6.58766
-6.65678
-6.62928
-6.67496
-6.74699
-6.79903
-6.8163
-6.87717
-6.83156
-6.78757
-6.75249
-6.75391
-6.6762
-6.7053
-6.66548
-6.70905
-6.76072
-6.64978
-6.5775
-6.61044
-6.58613
-6.61827
-6.66277
-6.64826
-6.59411
-6.63489
-6.65841
-6.64724
-6.59866
-6.62146
-6.66264
-6.67068
-6.59149
-6.56469
-6.55004
-6.55178
-6.66938
-6.67043
-6.70617
-6.70594
-6.61858
-6.67519
-6.65658
-6.63417
-6.57339
-6.60754
-6.6118
-6.56807
-6.50699
-6.56794
-6.5315
-6.59747
-6.61892
-6.60221
-6.63929
-6.72024
-6.74405
-6.7306
-6.74697
-6.77644
-6.6911
-6.61184
-6.58655
-6.58654
-6.54538
-6.62554
-6.56182
-6.63247
-6.62183
-6.56651
-6.66001
-6.68017
-6.66258
-6.65089
-6.59902
-6.66816
-6.70514
-6.78171
-6.78183
-6.68994
-6.70685
-6.66327
-6.75864
-6.75054
-6.72685
-6.72747
-6.65918
-6.63271
-6.71088
-6.67421
-6.68603
-6.68098
-6.72483
-6.7298
-6.68518
-6.67977
-6.65106
-6.70258
-6.77635
-6.70082
-6.68212
-6.66566
-6.69813
-6.70114
-6.69094
-6.63209
-6.66258
-6.68917
-6.74536
-6.76908
-6.78236
-6.76764
-6.8874
-6.77618
-6.74578
-6.70096
-6.65204
-6.73226
-6.73254
-6.66495
-6.69094
-6.72322
-6.76551
-6.73275
-6.76442
-6.7717
-6.79718
-6.79188
-6.76547
-6.83536
-6.83012
-6.86085
-6.8918
-6.88624
-6.89784
-6.93486
-6.92862
-6.88263
-6.81747
-6.78543
-6.84194
-6.76638
-6.67877
-6.71138
-6.7424
-6.77665
-6.76823
-6.75013
-6.76996
-6.7677
-6.68322
-6.72448
-6.73924
-6.7843
-6.75593
-6.77809
-6.71466
-6.79298
-6.75543
-6.76369
-6.75645
-6.71053
-6.72991
-6.72298
-6.74856
-6.74956
-6.70043
-6.74806
-6.80869
-6.82981
-6.7916
-6.77382
-6.67335
-6.63143
-6.64028
-6.64379
-6.56806
-6.65926
-6.62595
-6.60821
-6.66163
-6.72753
-6.73116
-6.61209
-6.5913
-6.50659
-6.57887
-6.61644
-6.68235
-6.64521
-6.58501
-6.63067
-6.63841
-6.59547
-6.59203
-6.70936
-6.68147
-6.66608
-6.50329
-6.50239
-6.49371
-6.56179
-6.50146
-6.56813
-6.6547
-6.61713
-6.67546
-6.68127
-6.65259
-6.66179
-6.64675
-6.60169
-6.64299
-6.57246
-6.55582
-6.54253
-6.5813
-6.63933
-6.72757
-6.69721
-6.74497
-6.65342
-6.60481
-6.56378
-6.62093
-6.64675
-6.67636
-6.67596
-6.58537
-6.56805
-6.67683
-6.59866
-6.6215
-6.68399
-6.68603
-6.76516
-6.72796
-6.81256
-6.76376
-6.76775
-6.75805
-6.70183
-6.64536
-6.65732
-6.64001
-6.63787
-6.62712
-6.54843
-6.58947
-6.62788
-6.72372
-6.71018
-6.68979
-6.65771
-6.6585
-6.60689
-6.6182
-6.55118
-6.55278
-6.61909
-6.61645
-6.58219
-6.61504
-6.66403
-6.66278
-6.67918
-6.68971
-6.65673
-6.63295
-6.71598
-6.71215
-6.6531
-6.7144
-6.72645
-6.73214
-6.70506
-6.65838
-6.72169
-6.73103
-6.74682
-6.72922
-6.79321
-6.77245
-6.84779
-6.75133
-6.66738
-6.72741
-6.79732
-6.81766
-6.78157
-6.76889
-6.77633
-6.78662
-6.79762
-6.78768
-6.7978
-6.72442
-6.76871
-6.75083
-6.7946
-6.75383
-6.68713
-6.63096
-6.6802
-6.67686
-6.71911
-6.6391
-6.58229
-6.6337
-6.72086
-6.74693
-6.69942
-6.71783
-6.62987
-6.71163
-6.70502
-6.79681
-6.79343
-6.71147
-6.66788
-6.63961
-6.57515
-6.66977
-6.60802
-6.59373
-6.57339
-6.63061
-6.61961
-6.56476
-6.60672
-6.64746
-6.67266
-6.7341
-6.68765
-6.64815
-6.6677
-6.73418
-6.70785
-6.66191
-6.73345
-6.7487
-6.79843
-6.75883
-6.77118
-6.65562
-6.62179
-6.56513
-6.70588
-6.69643
-6.67477
-6.75362
-6.6771
-6.75012
-6.73746
-6.72934
-6.84609
-6.81753
-6.83041
-6.80441
-6.78073
-6.8125
-6.74844
-6.67358
-6.58309
-6.62956
-6.63479
-6.6986
-6.76955
-6.73155
-6.72432
-6.68247
-6.71405
-6.69712
-6.74417
-6.75819
-6.79101
-6.73289
-6.66811
-6.6345
-6.61248
-6.59152
-6.67916
-6.71595
-6.71803
-6.71781
-6.71087
-6.66021
-6.62333
-6.66667
-6.68951
-6.69013
-6.73314
-6.72159
-6.73023
-6.73503
-6.73822
-6.69751
-6.63696
-6.66006
-6.64387
-6.59687
-6.63505
-6.6173
-6.61709
-6.6281
-6.65976
-6.61335
-6.60706
-6.64643
-6.68708
-6.66894
-6.65967
-6.68364
-6.66373
-6.66789
-6.67018
-6.6562
-6.6399
-6.66839
-6.71565
-6.7117
-6.70178
-6.67673
-6.68674
-6.75255
-6.75184
-6.783
-6.79078
-6.75218
-6.74265
-6.73442
-6.77461
-6.77099
-6.77297
-6.74129
-6.74646
-6.70007
-6.66136
-6.62952
-6.65361
-6.66797
-6.64529
-6.59028
-6.6242
-6.58827
-6.70375
-6.72237
-6.78512
-6.82199
-6.75313
-6.7852
-6.81316
-6.77436
-6.78129
-6.76454
-6.7186
-6.81818
-6.81642
-6.79141
-6.76078
-6.68854
-6.60941
-6.64083
-6.73531
-6.70947
-6.78221
-6.77568
-6.78062
-6.68379
-6.70242
-6.72215
-6.71977
-6.72309
-6.63396
-6.59944
-6.63263
-6.72734
-6.58602
-6.58317
-6.59522
-6.61123
-6.55206
-6.64079
-6.67622
-6.69929
-6.68052
-6.7052
-6.59459
-6.62459
-6.66671
-6.72415
-6.68056
-6.6876
-6.66622
-6.62708
-6.58069
-6.61685
-6.6276
-6.68677
-6.72113
-6.75373
-6.7435
-6.79215
-6.67263
-6.6139
-6.59868
-6.68188
-6.67716
-6.65565
-6.70357
-6.71054
-6.7332
-6.726
-6.68862
-6.67909
-6.72997
-6.71027
-6.69834
-6.71531
-6.67863
-6.74417
-6.70816
-6.76324
-6.74923
-6.81925
-6.89319
-6.74143
-6.67593
-6.73857
-6.63897
-6.61286
-6.71609
-6.73375
-6.80739
-6.73088
-6.7284
-6.63124
-6.65519
-6.65092
-6.62952
-6.65601
-6.69139
-6.70137
-6.72992
-6.76714
-6.68933
-6.72305
-6.70682
-6.6683
-6.70535
-6.67902
-6.7246
-6.72377
-6.80018
-6.79036
-6.73294
-6.80128
-6.83464
-6.85449
-6.73553
-6.6766
-6.68973
-6.69458
-6.64347
-6.63123
-6.67036
-6.64765
-6.62969
-6.67585
-6.74593
-6.75477
-6.73434
-6.61876
-6.6273
-6.78341
-6.70703
-6.71074
-6.65768
-6.69493
-6.69265
-6.75364
-6.73932
-6.785
-6.7808
-6.72933
-6.7692
-6.78814
-6.79014
-6.76482
-6.70577
-6.64493
-6.69781
-6.81623
-6.757
-6.72158
-6.73341
-6.614
-6.67063
-6.74476
-6.76182
-6.79428
-6.74405
-6.74522
-6.73122
-6.77432
-6.8071
-6.74481
-6.86557
-6.76388
-6.73252
-6.72576
-6.75958
-6.81727
-6.72704
-6.72626
-6.72721
-6.74389
-6.74417
-6.79007
-6.84267
-6.86482
-6.85594
-6.7681
-6.80003
-6.77306
-6.79168
-6.7912
-6.77576
-6.84856
-6.82654
-6.74565
-6.70874
-6.67505
-6.64972
-6.58262
-6.6264
-6.54772
-6.55919
-6.64384
-6.6405
-6.59487
-6.55973
-6.66266
-6.71353
-6.70239
-6.6583
-6.55512
-6.56807
-6.53706
-6.6751
-6.61815
-6.66436
-6.65392
-6.68705
-6.66596
-6.56444
-6.54879
-6.52923
-6.55826
-6.63296
-6.66929
-6.70342
-6.64994
-6.65282
-6.68538
-6.65591
-6.67899
-6.68817
-6.62067
-6.62902
-6.57081
-6.67912
-6.71143
-6.72826
-6.73868
-6.7526
-6.7376
-6.74949
-6.71159
-6.67662
-6.65638
-6.61515
-6.68262
-6.6176
-6.55726
-6.59597
-6.66307
-6.74797
-6.65615
-6.55595
-6.59842
-6.54498
-6.55017
-6.48417
-6.46576
-6.54521
-6.56722
-6.66986
-6.69255
-6.6447
-6.62247
-6.61969
-6.59223
-6.63941
-6.60409
-6.57162
-6.57437
-6.62622
-6.64273
-6.60565
-6.54203
-6.63345
-6.6989
-6.70917
-6.70523
-6.7014
-6.74327
-6.83066
-6.72881
-6.69364
-6.78127
-6.7377
-6.69445
-6.76236
-6.7226
-6.71744
-6.68907
-6.68145
-6.64612
-6.62348
-6.6983
-6.64894
-6.61556
-6.59281
-6.50884
-6.57562
-6.60088
-6.6224
-6.68498
-6.70985
-6.73089
-6.77218
-6.81728
-6.81516
-6.81649
-6.8211
-6.78182
-6.70417
-6.77086
-6.71573
-6.68694
-6.72059
-6.72789
-6.8058
-6.80514
-6.74967
-6.73609
-6.64371
-6.66498
-6.71104
-6.73861
-6.75417
-6.72137
-6.6704
-6.66909
-6.73858
-6.77078
-6.67182
-6.56857
-6.63993
-6.60746
-6.5973
-6.58397
-6.51084
-6.65245
-6.65437
-6.69732
-6.69616
-6.68963
-6.66447
-6.65099
-6.60843
-6.56358
-6.60756
-6.64095
-6.6412
-6.68188
-6.56374
-6.57505
-6.64067
-6.69609
-6.70834
-6.67712
-6.72954
-6.78445
-6.79058
-6.77628
-6.72995
-6.71674
-6.75911
-6.76748
-6.69511
-6.60854
-6.63834
-6.62841
-6.67701
-6.57605
-6.65371
-6.68616
-6.6774
-6.72588
-6.67311
-6.66493
-6.72182
-6.72139
-6.66252
-6.79688
-6.74113
-6.72082
-6.61641
-6.66755
-6.60232
-6.63029
-6.62399
-6.61355
-6.63073
-6.66823
-6.59079
-6.70966
-6.65761
-6.62046
-6.60577
-6.60217
-6.68253
-6.73409
-6.72536
-6.73138
-6.69858
-6.64836
-6.61815
-6.63045
-6.58651
-6.73282
-6.7658
-6.7696
-6.79014
-6.81041
-6.81446
-6.78007
-6.76491
-6.76848
-6.72133
-6.78758
-6.73999
-6.68558
-6.67256
-6.71778
-6.82225
-6.85981
-6.8306
-6.72419
-6.73536
-6.71877
-6.7287
-6.76246
-6.6997
-6.68334
-6.7143
-6.72896
-6.73963
-6.75344
-6.73511
-6.70783
-6.79276
-6.83197
-6.75549
-6.74538
-6.6795
-6.61682
-6.65814
-6.66159
-6.68115
-6.68157
-6.68525
-6.64998
-6.66897
-6.6983
-6.68586
-6.6149
-6.58244
-6.59357
-6.60748
-6.70058
-6.70125
-6.72861
-6.74143
-6.7219
-6.73003
-6.67617
-6.6454
-6.68351
-6.7012
-6.63972
-6.64927
-6.71989
-6.72882
-6.6555
-6.73909
-6.76957
-6.7251
-6.68435
-6.65986
-6.61308
-6.60299
-6.62186
-6.65203
-6.60002
-6.60093
-6.65032
-6.69776
-6.66198
-6.59266
-6.56303
-6.59493
-6.67917
-6.72429
-6.73571
-6.76431
-6.70575
-6.65606
-6.63416
-6.68232
-6.7059
-6.64744
-6.65151
-6.69431
-6.69969
-6.75939
-6.7249
-6.70808
-6.73302
-6.81149
-6.81179
-6.75263
-6.7539
-6.68785
-6.65403
-6.62833
-6.68871
-6.77408
-6.79387
-6.83437
-6.79509
-6.85563
-6.80411
-6.85246
-6.81309
-6.83421
-6.76371
-6.73212
-6.79109
-6.80657
-6.82501
-6.74252
-6.761
-6.77434
-6.69136
-6.76559
-6.81743
-6.76857
-6.67863
-6.62819
-6.69516
-6.66864
-6.6115
-6.69322
-6.73779
-6.74069
-6.70888
-6.6624
-6.64291
-6.70056
-6.73122
-6.66669
-6.67458
-6.67511
-6.67428
-6.71187
-6.67229
-6.66458
-6.74292
-6.7533
-6.67047
-6.68788
-6.68196
-6.67054
-6.7314
-6.74099
-6.72881
-6.7223
-6.67412
-6.70813
-6.71605
-6.76949
-6.75747
-6.72021
-6.80073
-6.86359
-6.8591
-6.81811
-6.84395
-6.80157
-6.77986
-6.81944
-6.81177
-6.78386
-6.73711
-6.77198
-6.74198
-6.63813
-6.68154
-6.70762
-6.77153
-6.80778
-6.75502
-6.72028
-6.68712
-6.76114
-6.84623
-6.87708
-6.86116
-6.78126
-6.78497
-6.7631
-6.75167
-6.73152
-6.72492
-6.65375
-6.62813
-6.65649
-6.71321
-6.64755
-6.70221
-6.63948
-6.66048
-6.73345
-6.70339
-6.69155
-6.68956
-6.66913
-6.73245
-6.67536
-6.74376
-6.70585
-6.73608
-6.71934
-6.72778
-6.79268
-6.84925
-6.7684
-6.73578
-6.73552
-6.73956
-6.73496
-6.68217
-6.66537
-6.64731
-6.65475
-6.6551
-6.7026
-6.73303
-6.72341
-6.74499
-6.74394
-6.64453
-6.6849
-6.63341
-6.68812
-6.72836
-6.68461
-6.62318
-6.66166
-6.69088
-6.5615
-6.64165
-6.67048
-6.68483
-6.64639
-6.66835
-6.65848
-6.66742
-6.68407
-6.6538
-6.61765
-6.53795
-6.56371
-6.60471
-6.60385
-6.48696
-6.4383
-6.49186
-6.5786
-6.60274
-6.57292
-6.57515
-6.65439
-6.71019
-6.71733
-6.71438
-6.74643
-6.81755
-6.80345
-6.77977
-6.73812
-6.58882
-6.57478
-6.53134
-6.53466
-6.44843
-6.57351
-6.58348
-6.58239
-6.62891
-6.67324
-6.64133
-6.62785
-6.64013
-6.66945
-6.66077
-6.60477
-6.5647
-6.57232
-6.54854
-6.65854
-6.61712
-6.67132
-6.63649
-6.60553
-6.6935
-6.71491
-6.65028
-6.60346
-6.71955
-6.75308
-6.72193
-6.67927
-6.65535
-6.57408
-6.52024
-6.53505
-6.52956
-6.53464
-6.52113
-6.44608
-6.43902
-6.36574
-6.46442
-6.46849
-6.42776
-6.40248
-6.42765
-6.60318
-6.58952
-6.54221
-6.58549
-6.62012
-6.58361
-6.59393
-6.60652
-6.56725
-6.55443
-6.63007
-6.72818
-6.73805
-6.71053
-6.63544
-6.73553
-6.68574
-6.66429
-6.61228
-6.5578
-6.55536
-6.49972
-6.48248
-6.5372
-6.62114
-6.67143
-6.70645
-6.69013
-6.66819
-6.69383
-6.68736
-6.67924
-6.68091
-6.7688
-6.65233
-6.5549
-6.61315
-6.55061
-6.56635
-6.57408
-6.63377
-6.68442
-6.59751
-6.63881
-6.56381
-6.58607
-6.64947
-6.64008
-6.65817
-6.54715
-6.67099
-6.68539
-6.67639
-6.5604
-6.54561
-6.50495
-6.64773
-6.73445
-6.65454
-6.63202
-6.63393
-6.7004
-6.7114
-6.68961
-6.72092
-6.70379
-6.76313
-6.77376
-6.6428
-6.59539
-6.53752
-6.56451
-6.6039
-6.55671
-6.59823
-6.56873
-6.49076
-6.51365
-6.48938
-6.4531
-6.48999
-6.51484
-6.59496
-6.64331
-6.63039
-6.66921
-6.71659
-6.75117
-6.79243
-6.697
-6.75579
-6.81072
-6.7575
-6.75715
-6.70949
-6.79838
-6.73303
-6.72758
-6.73578
-6.72817
-6.69001
-6.67037
-6.67053
-6.72234
-6.73468
-6.71496
-6.62221
-6.66764
-6.59874
-6.65092
-6.71731
-6.70917
-6.68794
-6.6469
-6.59139
-6.73716
-6.75001
-6.70765
-6.73201
-6.72808
-6.6845
-6.62691
-6.57055
-6.60962
-6.66487
-6.60276
-6.66299
-6.60538
-6.62634
-6.67418
-6.67816
-6.69254
-6.65602
-6.73485
-6.70583
-6.72001
-6.71061
-6.76787
-6.722
-6.72532
-6.71885
-6.69111
-6.61416
-6.5559
-6.60802
-6.56763
-6.64336
-6.57461
-6.6082
-6.68069
-6.67539
-6.79414
-6.79741
-6.77551
-6.72134
-6.7731
-6.76172
-6.76868
-6.71455
-6.71933
-6.77157
-6.76943
-6.71216
-6.73214
-6.72902
-6.71105
-6.67963
-6.68947
-6.67302
-6.72348
-6.6782
-6.66396
-6.62987
-6.6742
-6.65731
-6.61334
-6.69313
-6.74228
-6.70194
-6.67467
-6.69945
-6.63897
-6.59833
-6.59494
-6.61753
-6.73513
-6.69859
-6.64375
-6.68819
-6.64428
-6.71018
-6.71539
-6.69149
-6.61595
-6.58611
-6.57441
-6.52929
-6.54722
-6.62747
-6.59532
-6.65344
-6.60632
-6.60195
-6.59182
-6.60309
-6.52791
-6.63413
-6.58525
-6.59006
-6.66094
-6.69556
-6.63629
-6.5558
-6.49999
-6.50402
-6.46167
-6.49625
-6.61437
-6.62186
-6.62742
-6.56888
-6.59584
-6.55696
-6.5389
-6.57508
-6.57791
-6.52415
-6.68004
-6.6769
-6.64073
-6.60588
-6.67217
-6.73675
-6.71383
-6.60749
-6.5465
-6.49787
-6.5107
-6.59877
-6.66542
-6.67169
-6.76123
-6.8177
-6.78063
-6.81017
-6.753
-6.70437
-6.67743
-6.6949
-6.70844
-6.73713
-6.75979
-6.74431
-6.69597
-6.74582
-6.7668
-6.68581
-6.70321
-6.71046
-6.76036
-6.84544
-6.90738
-6.80242
-6.7571
-6.71976
-6.78959
-6.81483
-6.78317
-6.79892
-6.8416
-6.81219
-6.68189
-6.63934
-6.63579
-6.59916
-6.63164
-6.7876
-6.83757
-6.81407
-6.81965
-6.87298
-6.8767
-6.85085
-6.89179
-6.88939
-6.88965
-6.89864
-6.91782
-6.91071
-6.98021
-6.85481
-6.91421
-6.84946
-6.78956
-6.72467
-6.77984
-6.79244
-6.81446
-6.78634
-6.71917
-6.73146
-6.6297
-6.65128
-6.68371
-6.72302
-6.71451
-6.69879
-6.62991
-6.68839
-6.69447
-6.72411
-6.70604
-6.56147
-6.57489
-6.61547
-6.66254
-6.6904
-6.65626
-6.70099
-6.67933
-6.58234
-6.61825
-6.7535
-6.77031
-6.75619
-6.74433
-6.75702
-6.71201
-6.79083
-6.81129
-6.69802
-6.69065
-6.74003
-6.68419
-6.69592
-6.72923
-6.70609
-6.74278
-6.72373
-6.71538
-6.81928
-6.67302
-6.66848
-6.70267
-6.70696
-6.79284
-6.77606
-6.78296
-6.79928
-6.78071
-6.80798
-6.82022
-6.7424
-6.68532
-6.63248
-6.67831
-6.61526
-6.58303
-6.57491
-6.56033
-6.6272
-6.71903
-6.72583
-6.67397
-6.71673
-6.69806
-6.66362
-6.6806
-6.6433
-6.69365
-6.65337
-6.58412
-6.53036
-6.5558
-6.65594
-6.63578
-6.68166
-6.64007
-6.6086
-6.69203
-6.75057
-6.72415
-6.70408
-6.6657
-6.67378
-6.6627
-6.76208
-6.75493
-6.73663
-6.73407
-6.71466
-6.71996
-6.71206
-6.68564
-6.69956
-6.72273
-6.63895
-6.72686
-6.73745
-6.81819
-6.7213
-6.73654
-6.73738
-6.76216
-6.74121
-6.80327
-6.842
-6.82183
-6.74128
-6.76058
-6.73473
-6.77524
-6.63525
-6.67109
-6.59209
-6.63178
-6.69979
-6.67835
-6.6687
-6.66226
-6.69353
-6.65193
-6.66429
-6.6618
-6.68562
-6.73586
-6.75984
-6.71721
-6.71302
-6.72536
-6.6838
-6.64138
-6.68505
-6.72691
-6.69453
-6.69902
-6.69482
-6.72781
-6.73027
-6.67952
-6.61752
-6.71741
-6.75862
-6.69086
-6.67058
-6.79969
-6.76736
-6.72433
-6.67649
-6.73001
-6.7077
-6.752
-6.79712
-6.76649
-6.78516
-6.86
-6.86179
-6.89641
-6.88969
-6.901
-6.86848
-6.81649
-6.82298
-6.75096
-6.74513
-6.69468
-6.68366
-6.6594
-6.64893
-6.70031
-6.69765
-6.65556
-6.65719
-6.63327
-6.57466
-6.67339
-6.63036
-6.57568
-6.60027
-6.6085
-6.54553
-6.55224
-6.4663
-6.53758
-6.48352
-6.57569
-6.56233
-6.55062
-6.5577
-6.56802
-6.58021
-6.59891
-6.58324
-6.60057
-6.52441
-6.54959
-6.60183
-6.56611
-6.56194
-6.6091
-6.65965
-6.51785
-6.43932
-6.47085
-6.61437
-6.64926
-6.67165
-6.63563
-6.64563
-6.6553
-6.57371
-6.6101
-6.55723
-6.52798
-6.50822
-6.59806
-6.62087
-6.54892
-6.58715
-6.68364
-6.71493
-6.66384
-6.60956
-6.61902
-6.6229
-6.66674
-6.69896
-6.78084
-6.78693
-6.74673
-6.70852
-6.62414
-6.63443
-6.69657
-6.64908
-6.60463
-6.57095
-6.54444
-6.50468
-6.63157
-6.71851
-6.74173
-6.65032
-6.61074
-6.6188
-6.63276
-6.63131
-6.62458
-6.57456
-6.52321
-6.51491
-6.49176
-6.60278
-6.59482
-6.60026
-6.59817
-6.60105
-6.56343
-6.60555
-6.64943
-6.65396
-6.60575
-6.56279
-6.59557
-6.6569
-6.72292
-6.73512
-6.67582
-6.70964
-6.64364
-6.7094
-6.63977
-6.69734
-6.62271
-6.52892
-6.61874
-6.61621
-6.60854
-6.57755
-6.58927
-6.65743
-6.67357
-6.63757
-6.68157
-6.66853
-6.75755
-6.70796
-6.75078
-6.69195
-6.65952
-6.6294
-6.68104
-6.63464
-6.60885
-6.58187
-6.52184
-6.517
-6.50329
-6.58105
-6.56924
-6.57325
-6.61669
-6.56808
-6.61657
-6.68068
-6.6952
-6.66069
-6.66268
-6.58016
-6.54367
-6.59248
-6.63931
-6.66728
-6.69803
-6.64533
-6.5383
-6.50543
-6.49131
-6.42956
-6.44351
-6.46836
-6.48303
-6.49474
-6.51051
-6.5499
-6.60705
-6.61046
-6.54332
-6.54127
-6.56617
-6.55966
-6.58559
-6.56648
-6.46649
-6.5377
-6.54609
-6.57004
-6.58905
-6.52403
-6.52834
-6.57745
-6.61958
-6.62041
-6.62453
-6.67456
-6.61349
-6.63958
-6.62197
-6.54222
-6.57151
-6.5301
-6.59586
-6.53248
-6.57797
-6.52794
-6.56662
-6.56008
-6.57876
-6.50123
-6.5385
-6.5303
-6.56047
-6.55192
-6.54206
-6.6251
-6.56536
-6.59208
-6.60069
-6.63664
-6.58708
-6.62269
-6.61653
-6.62872
-6.62072
-6.67923
-6.71582
-6.63465
-6.71344
-6.66961
-6.71598
-6.62362
-6.79907
-6.74377
-6.72751
-6.65163
-6.67881
-6.70717
-6.67511
-6.60818
-6.64016
-6.75534
-6.78716
-6.84033
-6.78728
-6.75784
-6.78768
-6.88276
-6.82132
-6.90013
-6.85727
-6.86659
-6.86597
-6.84781
-6.83171
-6.7939
-6.80386
-6.74821
-6.76075
-6.74246
-6.671
-6.66248
-6.66361
-6.70991
-6.74851
-6.75425
-6.81633
-6.75875
-6.7051
-6.68133
-6.64806
-6.65787
-6.67327
-6.65414
-6.70132
-6.70188
-6.71462
-6.70373
-6.73208
-6.7484
-6.72659
-6.77295
-6.7966
-6.75547
-6.78577
-6.66637
-6.6487
-6.68463
-6.72034
-6.66875
-6.64519
-6.69763
-6.71973
-6.66963
-6.79533
-6.79212
-6.87758
-6.80227
-6.78235
-6.76373
-6.7086
-6.6589
-6.69426
-6.72134
-6.66821
-6.68881
-6.71102
-6.63998
-6.74311
-6.81503
-6.73057
-6.72711
-6.81164
-6.86121
-6.77658
-6.75057
-6.70384
-6.72441
-6.6946
-6.68079
-6.66891
-6.62816
-6.68006
-6.70933
-6.64872
-6.63
-6.66531
-6.72583
-6.83111
-6.88229
-6.83274
-6.82664
-6.82614
-6.78118
-6.77623
-6.81369
-6.81477
-6.80213
-6.84906
-6.83849
-6.83606
-6.80094
-6.8352
-6.76264
-6.74414
-6.667
-6.66252
-6.7085
-6.73187
-6.76835
-6.7214
-6.69426
-6.6919
-6.71017
-6.64854
-6.72523
-6.65247
-6.74957
-6.71357
-6.65704
-6.67829
-6.66608
-6.72626
-6.80191
-6.7497
-6.74499
-6.76741
-6.80468
-6.78717
-6.78409
-6.69378
-6.63197
-6.70434
-6.7852
-6.67316
-6.73637
-6.68856
-6.61612
-6.71012
-6.67441
-6.70493
-6.77156
-6.72704
-6.71863
-6.7141
-6.68591
-6.69128
-6.6478
-6.63804
-6.6712
-6.62378
-6.64121
-6.72114
-6.65859
-6.63815
-6.57785
-6.64255
-6.65668
-6.64865
-6.54699
-6.62198
-6.65299
-6.60603
-6.73786
-6.74851
-6.70677
-6.64746
-6.67838
-6.68487
-6.68333
-6.63229
-6.57667
-6.58193
-6.68034
-6.7208
-6.67026
-6.65439
-6.65862
-6.6557
-6.62609
-6.71073
-6.67947
-6.72782
-6.74973
-6.78663
-6.80908
-6.86695
-6.79641
-6.8245
-6.83612
-6.84774
-6.90491
-6.84021
-6.85417
-6.80478
-6.76241
-6.7881
-6.81182
-6.81751
-6.81704
-6.79398
-6.73131
-6.69481
-6.75775
-6.75008
-6.73638
-6.81191
-6.75167
-6.72423
-6.73881
-6.66221
-6.69716
-6.61059
-6.75254
-6.75634
-6.71573
-6.75973
-6.63668
-6.74608
-6.6981
-6.68423
-6.6738
-6.72307
-6.70493
-6.63325
-6.63523
-6.66734
-6.68063
-6.71995
-6.66258
-6.53967
-6.47155
-6.51829
-6.53669
-6.52934
-6.45687
-6.471
-6.50638
-6.57133
-6.62355
-6.53892
-6.53816
-6.51559
-6.58218
-6.65766
-6.76613
-6.78945
-6.74422
-6.74432
-6.74893
-6.7148
-6.68632
-6.70578
-6.69476
-6.74994
-6.69178
-6.68181
-6.70349
-6.67999
-6.73883
-6.75508
-6.69007
-6.68936
-6.63848
-6.70029
-6.74142
-6.7705
-6.73815
-6.77941
-6.80103
-6.69874
-6.70982
-6.75855
-6.76811
-6.77785
-6.78884
-6.76186
-6.71186
-6.73494
-6.72288
-6.64474
-6.69784
-6.76223
-6.7645
-6.77058
-6.80299
-6.85791
-6.84576
-6.90339
-6.92292
-6.90853
-6.86887
-6.76859
-6.70077
-6.74772
-6.78836
-6.7528
-6.77574
-6.82391
-6.75211
-6.81789
-6.87625
-6.75395
-6.73134
-6.72087
-6.80144
-6.8421
-6.86551
-6.87008
-6.93645
-7.02073
-7.02828
-7.07332
-7.02891
-6.98639
-6.99602
-6.97719
-6.99237
-7.05537
-6.992
-6.95543
-6.86961
-6.91087
-6.89365
-6.79464
-6.77534
-6.84948
-6.76851
-6.71753
-6.80829
-6.76027
-6.70372
-6.70525
-6.67182
-6.59934
-6.55456
-6.48483
-6.54397
-6.48183
-6.44003
-6.47986
-6.41821
-6.53786
-6.57594
-6.51389
-6.51799
-6.48705
-6.48361
-6.56217
-6.59644
-6.5321
-6.49208
-6.54069
-6.53551
-6.45987
-6.57137
-6.57557
-6.56187
-6.61313
-6.71322
-6.69004
-6.69886
-6.69027
-6.68784
-6.65313
-6.59416
-6.56135
-6.53358
-6.58243
-6.65353
-6.66543
-6.61017
-6.66263
-6.74922
-6.80898
-6.82012
-6.79655
-6.71629
-6.80432
-6.79562
-6.84084
-6.92156
-6.86595
-6.83683
-6.82689
-6.78868
-6.79756
-6.86219
-6.75215
-6.72508
-6.62444
-6.65905
-6.71653
-6.76542
-6.73833
-6.75955
-6.73042
-6.77523
-6.76197
-6.75145
-6.6465
-6.69501
-6.62296
-6.66015
-6.69655
-6.64769
-6.57556
-6.65504
-6.71555
-6.68952
-6.70965
-6.78069
-6.80575
-6.70778
-6.67022
-6.68023
-6.71551
-6.69091
-6.72575
-6.73734
-6.71648
-6.63895
-6.75165
-6.78116
-6.79358
-6.83302
-6.73953
-6.69725
-6.66084
-6.59636
-6.56863
-6.54345
-6.59735
-6.56594
-6.54218
-6.65228
-6.66783
-6.64303
-6.69474
-6.65524
-6.65978
-6.65825
-6.71797
-6.70971
-6.71369
-6.62594
-6.68153
-6.69096
-6.70897
-6.64991
-6.65879
-6.65921
-6.64926
-6.71313
-6.74422
-6.69953
-6.65524
-6.68701
-6.65944
-6.73096
-6.76304
-6.73805
-6.82872
-6.78993
-6.73849
-6.78194
-6.66799
-6.69674
-6.68156
-6.78419
-6.83191
-6.77571
-6.77065
-6.68541
-6.66057
-6.68519
-6.72471
-6.71662
-6.68756
-6.65748
-6.64004
-6.65043
-6.63584
-6.64184
-6.62624
-6.64699
-6.69774
-6.67677
-6.7305
-6.67522
-6.68577
-6.73069
-6.74522
-6.71596
-6.76751
-6.76128
-6.70691
-6.72788
-6.69738
-6.71701
-6.68199
-6.73339
-6.80687
-6.81037
-6.72373
-6.64488
-6.66702
-6.67614
-6.54214
-6.60232
-6.55275
-6.59399
-6.65415
-6.74472
-6.76415
-6.79126
-6.81869
-6.77392
-6.67771
-6.64892
-6.64306
-6.63514
-6.63986
-6.64629
-6.65477
-6.67498
-6.64896
-6.67814
-6.62657
-6.65439
-6.62173
-6.63243
-6.57445
-6.539
-6.5962
-6.60267
-6.62867
-6.65437
-6.62088
-6.68382
-6.67733
-6.73052
-6.72735
-6.67491
-6.72775
-6.81254
-6.84234
-6.81853
-6.77369
-6.75645
-6.67646
-6.72541
-6.64237
-6.63404
-6.6715
-6.71958
-6.71587
-6.68108
-6.73932
-6.70424
-6.70218
-6.62263
-6.63837
-6.62538
-6.64623
-6.59845
-6.57354
-6.56663
-6.61514
-6.65723
-6.62819
-6.67549
-6.70128
-6.7004
-6.70066
-6.69669
-6.74253
-6.71557
-6.81262
-6.65933
-6.67525
-6.61138
-6.64188
-6.70055
-6.64043
-6.6063
-6.54065
-6.5624
-6.529
-6.5543
-6.62231
-6.68976
-6.71634
-6.72214
-6.70189
-6.73615
-6.56413
-6.61605
-6.61654
-6.60382
-6.60398
-6.64094
-6.63602
-6.66224
-6.72723
-6.6962
-6.64592
-6.6318
-6.67239
-6.69502
-6.75687
-6.78486
-6.79573
-6.79006
-6.81807
-6.85346
-6.8085
-6.83421
-6.87332
-6.68287
-6.73135
-6.73012
-6.71513
-6.69418
-6.70728
-6.70735
-6.70832
-6.66644
-6.72553
-6.72541
-6.6698
-6.71064
-6.69651
-6.72483
-6.71181
-6.69998
-6.65856
-6.68553
-6.67245
-6.68668
-6.65559
-6.69784
-6.71706
-6.69718
-6.62546
-6.65115
-6.64613
-6.68385
-6.69706
-6.60579
-6.63711
-6.70239
-6.7996
-6.7265
-6.70354
-6.68237
-6.64204
-6.62549
-6.53432
-6.53651
-6.58986
-6.66779
-6.72873
-6.72002
-6.71626
-6.65453
-6.65311
-6.63548
-6.63064
-6.56885
-6.54556
-6.60427
-6.59439
-6.61553
-6.71462
-6.69278
-6.64889
-6.62999
-6.69043
-6.68254
-6.70847
-6.58833
-6.64028
-6.65215
-6.64535
-6.73878
-6.75165
-6.72632
-6.73453
-6.77593
-6.64604
-6.66544
-6.67075
-6.66937
-6.69321
-6.73284
-6.7651
-6.79454
-6.75189
-6.75301
-6.72618
-6.72695
-6.72643
-6.72132
-6.76114
-6.76236
-6.72858
-6.75862
-6.68893
-6.7031
-6.74909
-6.74451
-6.71769
-6.74444
-6.75806
-6.79238
-6.83276
-6.87848
-6.86749
-6.82751
-6.79761
-6.80548
-6.79644
-6.73451
-6.69565
-6.69272
-6.64984
-6.61869
-6.69933
-6.67953
-6.67303
-6.71681
-6.76955
-6.74009
-6.72761
-6.73974
-6.78737
-6.80582
-6.76787
-6.73257
-6.80322
-6.70646
-6.63013
-6.7139
-6.67808
-6.74129
-6.78205
-6.7194
-6.76977
-6.64674
-6.65977
-6.68827
-6.68911
-6.72717
-6.65765
-6.6187
-6.59442
-6.65212
-6.71197
-6.78395
-6.76673
-6.78738
-6.76929
-6.78105
-6.81541
-6.82061
-6.76237
-6.76898
-6.6803
-6.73629
-6.76044
-6.72156
-6.76236
-6.79917
-6.78651
-6.76657
-6.77476
-6.69475
-6.71601
-6.59547
-6.60951
-6.68829
-6.64695
-6.61377
-6.59338
-6.62293
-6.62182
-6.67959
-6.70055
-6.74328
-6.73709
-6.6221
-6.61536
-6.6636
-6.57247
-6.53246
-6.50331
-6.43967
-6.46822
-6.50155
-6.48492
-6.57545
-6.47348
-6.46396
-6.5496
-6.62753
-6.72067
-6.69814
-6.75206
-6.70828
-6.79563
-6.86032
-6.77403
-6.69387
-6.74983
-6.72148
-6.69344
-6.60913
-6.58334
-6.61652
-6.65503
-6.65123
-6.70786
-6.71341
-6.68412
-6.81393
-6.77057
-6.83105
-6.75558
-6.65877
-6.71085
-6.73955
-6.70394
-6.68634
-6.73839
-6.76656
-6.80326
-6.67266
-6.68519
-6.62757
-6.62423
-6.70348
-6.72887
-6.71399
-6.73052
-6.66824
-6.6582
-6.67395
-6.57885
-6.63762
-6.61206
-6.64767
-6.72827
-6.77662
-6.8429
-6.87509
-6.855
-6.81605
-6.73235
-6.67481
-6.64955
-6.65079
-6.67369
-6.64204
-6.63897
-6.72537
-6.79353
-6.84535
-6.82716
-6.76816
-6.75152
-6.73163
-6.79889
-6.76235
-6.81347
-6.80013
-6.79381
-6.80681
-6.77397
-6.75281
-6.7379
-6.86454
-6.80966
-6.84332
-6.8914
-6.86196
-6.77668
-6.75537
-6.80344
-6.71193
-6.66121
-6.73938
-6.70405
-6.72945
-6.76616
-6.70943
-6.76384
-6.63432
-6.71831
-6.64944
-6.64426
-6.70157
-6.59691
-6.63497
-6.6359
-6.61832
-6.6014
-6.64964
-6.6813
-6.69473
-6.66822
-6.78756
-6.77347
-6.79928
-6.8008
-6.80063
-6.78633
-6.78765
-6.79045
-6.78392
-6.78105
-6.81718
-6.76271
-6.76655
-6.79897
-6.8294
-6.79629
-6.76562
-6.72541
-6.67844
-6.75221
-6.71755
-6.70418
-6.75747
-6.79018
-6.79227
-6.81576
-6.83762
-6.73938
-6.68903
-6.65209
-6.70197
-6.55698
-6.61482
-6.58506
-6.59568
-6.67253
-6.61156
-6.67609
-6.64212
-6.63546
-6.59289
-6.46781
-6.52342
-6.52093
-6.55634
-6.54435
-6.52464
-6.48699
-6.5014
-6.55388
-6.53916
-6.53845
-6.49335
-6.47646
-6.51169
-6.56808
-6.55139
-6.58734
-6.6089
-6.6087
-6.61303
-6.66322
-6.70866
-6.63398
-6.66584
-6.64021
-6.68114
-6.6702
-6.67395
-6.61091
-6.54803
-6.59531
-6.61819
-6.64629
-6.62253
-6.67724
-6.75816
-6.76991
-6.75548
-6.85714
-6.77486
-6.73695
-6.74199
-6.72339
-6.76449
-6.66415
-6.67827
-6.68452
-6.73158
-6.81657
-6.76399
-6.7692
-6.76208
-6.78018
-6.81363
-6.76027
-6.76483
-6.76877
-6.7513
-6.80422
-6.77836
-6.78245
-6.74789
-6.70703
-6.74784
-6.85663
-6.78028
-6.7597
-6.82158
-6.79439
-6.75532
-6.70645
-6.74966
-6.77183
-6.76602
-6.69362
-6.73671
-6.70157
-6.77459
-6.72725
-6.67931
-6.71548
-6.67314
-6.6055
-6.53935
-6.53852
-6.6123
-6.56007
-6.57281
-6.63006
-6.66055
-6.64372
-6.67986
-6.69231
-6.66934
-6.65935
-6.64951
-6.69269
-6.66489
-6.71845
-6.72617
-6.75271
-6.70768
-6.6857
-6.67051
-6.62214
-6.62608
-6.52767
-6.58918
-6.64161
-6.62876
-6.57015
-6.64188
-6.76173
-6.7337
-6.7116
-6.7221
-6.72641
-6.68141
-6.73496
-6.72029
-6.76029
-6.65136
-6.59647
-6.61991
-6.70699
-6.69369
-6.58536
-6.57808
-6.58827
-6.59305
-6.63495
-6.60454
-6.67919
-6.77293
-6.74229
-6.71205
-6.72678
-6.7627
-6.73192
-6.72194
-6.64903
-6.62296
-6.63934
-6.62775
-6.77339
-6.81824
-6.72982
-6.73812
-6.70765
-6.73402
-6.7522
-6.81731
-6.73697
-6.74502
-6.75243
-6.69483
-6.62119
-6.589
-6.52866
-6.59714
-6.64195
-6.66873
-6.72608
-6.72061
-6.77007
-6.81333
-6.77709
-6.74566
-6.76712
-6.69726
-6.68184
-6.70195
-6.69178
-6.74516
-6.72855
-6.78931
-6.80733
-6.72347
-6.72771
-6.77781
-6.65922
-6.70035
-6.72912
-6.68729
-6.62153
-6.59843
-6.61958
-6.70753
-6.77339
-6.85287
-6.79044
-6.7667
-6.78875
-6.81024
-6.8486
-6.81982
-6.79724
-6.8426
-6.84606
-6.81128
-6.79834
-6.74136
-6.75227
-6.72942
-6.69254
-6.70938
-6.66134
-6.61481
-6.54501
-6.54743
-6.5662
-6.53097
-6.50122
-6.56811
-6.66552
-6.64342
-6.57036
-6.62777
-6.59014
-6.678
-6.69938
-6.67726
-6.67131
-6.65438
-6.67276
-6.75622
-6.73865
-6.7132
-6.7267
-6.69818
-6.7265
-6.73131
-6.78397
-6.74836
-6.70266
-6.66741
-6.67391
-6.52491
-6.57465
-6.51409
-6.59186
-6.62417
-6.64881
-6.58504
-6.60466
-6.68708
-6.68271
-6.71342
-6.69802
-6.68331
-6.70071
-6.74862
-6.7607
-6.75486
-6.77542
-6.80838
-6.83635
-6.78418
-6.75977
-6.78475
-6.72065
-6.67818
-6.65683
-6.6332
-6.57223
-6.64874
-6.61897
-6.6755
-6.71533
-6.73372
-6.71981
-6.65591
-6.7579
-6.77426
-6.88229
-6.87403
-6.8367
-6.83441
-6.7855
-6.80659
-6.88144
-6.83195
-6.80717
-6.7798
-6.77641
-6.75854
-6.77733
-6.72083
-6.74448
-6.8539
-6.86623
-6.87842
-6.82748
-6.77221
-6.7828
-6.76521
-6.70684
-6.74967
-6.71668
-6.71334
-6.79321
-6.82452
-6.86715
-6.80812
-6.83519
-6.84414
-6.75547
-6.71983
-6.67652
-6.67957
-6.67757
-6.61558
-6.64041
-6.65397
-6.68483
-6.70927
-6.76059
-6.75834
-6.72211
-6.65613
-6.70992
-6.77517
-6.79216
-6.74887
-6.70953
-6.75835
-6.70882
-6.72369
-6.71912
-6.71169
-6.70368
-6.67062
-6.68815
-6.74973
-6.78076
-6.77274
-6.78606
-6.7729
-6.77556
-6.79615
-6.80118
-6.70455
-6.62815
-6.61812
-6.60738
-6.61563
-6.67406
-6.6197
-6.5559
-6.57844
-6.60956
-6.64496
-6.65419
-6.6433
-6.60879
-6.51944
-6.50786
-6.48184
-6.48614
-6.56338
-6.55314
-6.54261
-6.52289
-6.57663
-6.54863
-6.51577
-6.39589
-6.45029
-6.4282
-6.57727
-6.57141
-6.59753
-6.552
-6.53334
-6.58703
-6.65915
-6.66566
-6.69215
-6.67495
-6.60229
-6.61112
-6.61666
-6.58463
-6.65492
-6.62844
-6.61976
-6.69199
-6.72233
-6.65787
-6.62792
-6.62327
-6.58267
-6.65474
-6.70471
-6.70202
-6.70479
-6.76296
-6.7234
-6.79929
-6.88871
-6.84878
-6.79342
-6.78091
-6.75095
-6.81545
-6.83113
-6.83232
-6.79502
-6.90071
-6.9274
-6.89329
-6.80844
-6.81357
-6.82152
-6.76721
-6.71474
-6.68711
-6.73934
-6.70919
-6.67248
-6.69115
-6.65894
-6.68575
-6.6809
-6.77531
-6.81468
-6.86938
-6.84115
-6.80435
-6.70682
-6.72103
-6.65004
-6.70005
-6.7374
-6.69665
-6.75162
-6.7444
-6.61458
-6.63163
-6.62301
-6.67001
-6.58615
-6.58103
-6.60214
-6.65196
-6.59891
-6.57608
-6.57406
-6.61666
-6.65129
-6.63531
-6.60084
-6.65168
-6.73385
-6.7436
-6.69107
-6.76672
-6.71855
-6.64626
-6.70325
-6.69641
-6.74282
-6.65784
-6.54951
-6.57172
-6.66315
-6.66465
-6.59241
-6.62073
-6.59345
-6.58656
-6.5739
-6.51184
-6.57902
-6.63107
-6.67302
-6.74347
-6.65803
-6.70109
-6.70967
-6.72947
-6.69193
-6.77598
-6.71523
-6.68117
-6.71139
-6.65848
-6.66079
-6.70831
-6.76815
-6.62865
-6.63788
-6.6059
-6.66238
-6.6449
-6.70361
-6.70991
-6.66041
-6.65527
-6.61268
-6.66578
-6.69125
-6.57218
-6.60552
-6.61767
-6.66064
-6.62665
-6.7005
-6.7097
-6.72987
-6.69456
-6.69279
-6.58303
-6.65904
-6.70692
-6.67271
-6.65678
-6.68742
-6.57876
-6.61026
-6.63205
-6.67027
-6.66237
-6.58424
-6.58965
-6.62256
-6.58136
-6.5566
-6.56225
-6.65935
-6.68423
-6.67446
-6.66726
-6.6997
-6.71346
-6.71634
-6.70791
-6.65073
-6.61134
-6.68969
-6.64296
-6.55679
-6.60894
-6.59889
-6.61353
-6.52367
-6.5776
-6.57423
-6.55955
-6.53699
-6.54572
-6.54607
-6.58608
-6.504
-6.65418
-6.67539
-6.69021
-6.77235
-6.82939
-6.83281
-6.76979
-6.68916
-6.74012
-6.75788
-6.8453
-6.84121
-6.75046
-6.65113
-6.61895
-6.58955
-6.58457
-6.59276
-6.73316
-6.70454
-6.69293
-6.62897
-6.59936
-6.55643
-6.59989
-6.62256
-6.66252
-6.74478
-6.66111
-6.73112
-6.77795
-6.83804
-6.79552
-6.80224
-6.71217
-6.68383
-6.732
-6.71096
-6.72437
-6.66102
-6.61719
-6.68997
-6.6586
-6.66634
-6.65137
-6.68204
-6.75775
-6.73239
-6.73463
-6.79442
-6.71758
-6.67521
-6.71558
-6.65701
-6.64212
-6.64445
-6.70761
-6.77797
-6.76896
-6.74368
-6.70058
-6.7222
-6.60546
-6.6789
-6.70064
-6.69233
-6.66778
-6.71648
-6.68222
-6.66955
-6.7148
-6.66029
-6.6069
-6.66442
-6.63959
-6.6526
-6.64468
-6.62678
-6.68715
-6.72361
-6.68525
-6.66014
-6.61427
-6.58687
-6.5804
-6.62508
-6.67859
-6.7066
-6.7022
-6.56842
-6.50352
-6.51446
-6.62884
-6.67896
-6.75174
-6.68696
-6.74624
-6.66109
-6.70984
-6.64777
-6.69481
-6.70055
-6.67817
-6.67638
-6.75122
-6.77501
-6.74751
-6.71215
-6.7705
-6.77822
-6.80482
-6.7829
-6.7596
-6.732
-6.826
-6.87038
-6.90986
-6.81329
-6.87355
-6.81089
-6.80429
-6.79949
-6.7272
-6.67557
-6.66442
-6.67824
-6.61916
-6.52845
-6.59238
-6.56491
-6.64807
-6.67984
-6.73188
-6.81391
-6.76389
-6.71225
-6.716
-6.73029
-6.70237
-6.6457
-6.54661
-6.55941
-6.4519
-6.38191
-6.38297
-6.34509
-6.31341
-6.40276
-6.47287
-6.43957
-6.55032
-6.47581
-6.54181
-6.52942
-6.53938
-6.60777
-6.62638
-6.56924
-6.55927
-6.58131
-6.62509
-6.66417
-6.69581
-6.67146
-6.61795
-6.66061
-6.53785
-6.55923
-6.64824
-6.69452
-6.70707
-6.73212
-6.87804
-6.79448
-6.76954
-6.74487
-6.77271
-6.75705
-6.72678
-6.71782
-6.64123
-6.61754
-6.64037
-6.63837
-6.59304
-6.65493
-6.71983
-6.64354
-6.71073
-6.67365
-6.76685
-6.7647
-6.77298
-6.78939
-6.80079
-6.75395
-6.77639
-6.6959
-6.68434
-6.68121
-6.66683
-6.70171
-6.76474
-6.78011
-6.80331
-6.81663
-6.81991
-6.74512
-6.78108
-6.79059
-6.79119
-6.80182
-6.77834
-6.76825
-6.80496
-6.82915
-6.7798
-6.71545
-6.55742
-6.60778
-6.69905
-6.70744
-6.74928
-6.74002
-6.75139
-6.70516
-6.61266
-6.65251
-6.73731
-6.7646
-6.73785
-6.80853
-6.75902
-6.73777
-6.72114
-6.74625
-6.67155
-6.67579
-6.66507
-6.71485
-6.75102
-6.8191
-6.75489
-6.8021
-6.82999
-6.86827
-6.83765
-6.81623
-6.81857
-6.79871
-6.79571
-6.75116
-6.75085
-6.77769
-6.79442
-6.79757
-6.79172
-6.78117
-6.81662
-6.85817
-6.78431
-6.74798
-6.80508
-6.84913
-6.72998
-6.69051
-6.72125
-6.71255
-6.69784
-6.69846
-6.70601
-6.77138
-6.85067
-6.8244
-6.78045
-6.78403
-6.82405
-6.80326
-6.81032
-6.83086
-6.87301
-6.82866
-6.83656
-6.83137
-6.86065
-6.8246
-6.75624
-6.70315
-6.71251
-6.71405
-6.66504
-6.74106
-6.67138
-6.75051
-6.79095
-6.75354
-6.67683
-6.69054
-6.66487
-6.66874
-6.67023
-6.74126
-6.75577
-6.71746
-6.73093
-6.75683
-6.69173
-6.69156
-6.71044
-6.7709
-6.72895
-6.81004
-6.72172
-6.68983
-6.6615
-6.63718
-6.64235
-6.70953
-6.58329
-6.59724
-6.56954
-6.42644
-6.43813
-6.44408
-6.47526
-6.51327
-6.55774
-6.62372
-6.63656
-6.6684
-6.72247
-6.78542
-6.69099
-6.62393
-6.66806
-6.62855
-6.57914
-6.638
-6.61249
-6.68283
-6.75514
-6.71138
-6.74002
-6.79822
-6.80961
-6.71973
-6.79673
-6.78448
-6.82709
-6.84124
-6.85494
-6.88625
-6.89824
-6.90773
-6.86742
-6.82239
-6.81194
-6.84608
-6.77871
-6.87529
-6.89455
-6.79357
-6.80043
-6.81008
-6.81002
-6.80501
-6.8482
-6.8335
-6.88416
-6.86922
-6.82109
-6.8237
-6.76045
-6.78776
-6.84235
-6.81219
-6.86075
-6.8431
-6.8828
-6.87564
-6.84512
-6.70611
-6.72376
-6.61839
-6.70055
-6.6999
-6.77611
-6.77232
-6.7445
-6.74172
-6.67657
-6.68547
-6.642
-6.7098
-6.71486
-6.6996
-6.6659
-6.7266
-6.71901
-6.84724
-6.80195
-6.78627
-6.79952
-6.79321
-6.72367
-6.68044
-6.67926
-6.60583
-6.65872
-6.66402
-6.68493
-6.7167
-6.79421
-6.71738
-6.74673
-6.7497
-6.83812
-6.86573
-6.84255
-6.79243
-6.76044
-6.74574
-6.71839
-6.69679
-6.68972
-6.72952
-6.68009
-6.68884
-6.67763
-6.66712
-6.69711
-6.74674
-6.63677
-6.68908
-6.70618
-6.75555
-6.75479
-6.67215
-6.7378
-6.77457
-6.73719
-6.76835
-6.75946
-6.84127
-6.81281
-6.77681
-6.69496
-6.79061
-6.80221
-6.80669
-6.77363
-6.74705
-6.69374
-6.7355
-6.63224
-6.66827
-6.67551
-6.68537
-6.67121
-6.65309
-6.61929
-6.56984
-6.62073
-6.6673
-6.61443
-6.70484
-6.71018
-6.78487
-6.7837
-6.7919
-6.81687
-6.81613
-6.83311
-6.81324
-6.83155
-6.80168
-6.73367
-6.76335
-6.79435
-6.77854
-6.76771
-6.77302
-6.78752
-6.75875
-6.6876
-6.70689
-6.70705
-6.76214
-6.73085
-6.71513
-6.76155
-6.68242
-6.64116
-6.61619
-6.6224
-6.58596
-6.58035
-6.60543
-6.48606
-6.54088
-6.54895
-6.63793
-6.6554
-6.64393
-6.6128
-6.61685
-6.64772
-6.67863
-6.63089
-6.61126
-6.54317
-6.52333
-6.53598
-6.64274
-6.68134
-6.6152
-6.60469
-6.56665
-6.6662
-6.7456
-6.79176
-6.79114
-6.67684
-6.66032
-6.67152
-6.64269
-6.64536
-6.55563
-6.61827
-6.57882
-6.63826
-6.7501
-6.67946
-6.60292
-6.57641
-6.60049
-6.64181
-6.59475
-6.63106
-6.59402
-6.59479
-6.53218
-6.57691
-6.57673
-6.62203
-6.62023
-6.57948
-6.5638
-6.64246
-6.64477
-6.57205
-6.54985
-6.57238
-6.67377
-6.75244
-6.69845
-6.64043
-6.69969
-6.68743
-6.59565
-6.56777
-6.54871
-6.52599
-6.53123
-6.56185
-6.41163
-6.42775
-6.40889
-6.50217
-6.48985
-6.58392
-6.58558
-6.50777
-6.50401
-6.50577
-6.54185
-6.56745
-6.55756
-6.57335
-6.56532
-6.48224
-6.41017
-6.49107
-6.47109
-6.55287
-6.56518
-6.54702
-6.5209
-6.52042
-6.54167
-6.55689
-6.59929
-6.64042
-6.70238
-6.73724
-6.735
-6.65085
-6.73895
-6.77676
-6.74421
-6.77393
-6.74391
-6.73047
-6.72374
-6.74791
-6.69426
-6.72661
-6.70469
-6.64274
-6.70281
-6.82119
-6.8349
-6.75682
-6.74478
-6.78037
-6.63471
-6.61444
-6.60438
-6.54211
-6.54115
-6.38354
-6.35399
-6.47522
-6.44189
-6.34456
-6.37785
-6.35358
-6.35461
-6.4077
-6.47538
-6.57267
-6.63355
-6.58741
-6.61904
-6.60004
-6.54614
-6.71357
-6.70676
-6.64105
-6.65253
-6.68556
-6.73131
-6.67951
-6.66859
-6.63691
-6.66973
-6.67211
-6.72309
-6.7097
-6.64555
-6.67103
-6.62777
-6.66619
-6.71598
-6.76519
-6.75875
-6.74743
-6.60308
-6.67643
-6.68144
-6.6602
-6.65886
-6.66584
-6.62701
-6.61351
-6.64857
-6.61108
-6.63727
-6.60806
-6.61551
-6.70784
-6.69851
-6.67192
-6.61803
-6.54788
-6.55517
-6.58428
-6.60772
-6.62125
-6.69075
-6.62774
-6.6741
-6.5844
-6.64956
-6.67975
-6.7003
-6.66582
-6.58102
-6.54424
-6.66113
-6.63478
-6.57648
-6.56201
-6.6577
-6.71397
-6.71934
-6.67725
-6.67225
-6.68013
-6.61496
-6.677
-6.73843
-6.70918
-6.76415
-6.6895
-6.7045
-6.75784
-6.69445
-6.63398
-6.6766
-6.728
-6.74883
-6.76776
-6.76352
-6.78693
-6.79932
-6.71573
-6.80615
-6.83578
-6.72675
-6.68187
-6.65239
-6.76105
-6.81495
-6.80487
-6.72462
-6.74286
-6.75047
-6.72937
-6.69647
-6.64231
-6.68778
-6.57915
-6.60843
-6.63823
-6.70054
-6.66222
-6.65962
-6.71015
-6.64868
-6.62242
-6.58058
-6.67843
-6.70922
-6.69095
-6.69285
-6.70355
-6.67564
-6.56671
-6.54904
-6.52507
-6.60682
-6.48327
-6.45461
-6.58586
-6.60797
-6.66046
-6.629
-6.71552
-6.68801
-6.70139
-6.65625
-6.65881
-6.73319
-6.63753
-6.62413
-6.6135
-6.70588
-6.71731
-6.64861
-6.61537
-6.64294
-6.68672
-6.75661
-6.68313
-6.70936
-6.57973
-6.53497
-6.66316
-6.57659
-6.66472
-6.61166
-6.58311
-6.53397
-6.61735
-6.65992
-6.57544
-6.67796
-6.70725
-6.61703
-6.56604
-6.55752
-6.60002
-6.56388
-6.64431
-6.62279
-6.63944
-6.63226
-6.70199
-6.66808
-6.67343
-6.60888
-6.55954
-6.65113
-6.62916
-6.65089
-6.68545
-6.60674
-6.62439
-6.59891
-6.61697
-6.68809
-6.66508
-6.65166
-6.7276
-6.66604
-6.65308
-6.70579
-6.64589
-6.55471
-6.57931
-6.53097
-6.52214
-6.60959
-6.7179
-6.60902
-6.50689
-6.52562
-6.5902
-6.56097
-6.60447
-6.54623
-6.52604
-6.5358
-6.6127
-6.62715
-6.65744
-6.72964
-6.76228
-6.78274
-6.68661
-6.62211
-6.67451
-6.73244
-6.71232
-6.61652
-6.62478
-6.63748
-6.56755
-6.61229
-6.6388
-6.607
-6.65001
-6.66564
-6.67381
-6.71184
-6.70983
-6.63218
-6.58627
-6.53589
-6.469
-6.4247
-6.48762
-6.52672
-6.5729
-6.55382
-6.53424
-6.64175
-6.69771
-6.69702
-6.64182
-6.68623
-6.71381
-6.69147
-6.71301
-6.67728
-6.67991
-6.63059
-6.70934
-6.72219
-6.73071
-6.80481
-6.81425
-6.75752
-6.69761
-6.68859
-6.72659
-6.75773
-6.78834
-6.80129
-6.77857
-6.81717
-6.79314
-6.73638
-6.76535
-6.74867
-6.71485
-6.6401
-6.67262
-6.65615
-6.68287
-6.70005
-6.75802
-6.75982
-6.8308
-6.86411
-6.79306
-6.82295
-6.85553
-6.82019
-6.8369
-6.82176
-6.76757
-6.75202
-6.76777
-6.83974
-6.74225
-6.73703
-6.70029
-6.74605
-6.69295
-6.73978
-6.71392
-6.72335
-6.74002
-6.74533
-6.7439
-6.72651
-6.6989
-6.65747
-6.71267
-6.70145
-6.71087
-6.67983
-6.63302
-6.69312
-6.61719
-6.63564
-6.6668
-6.62486
-6.61139
-6.62231
-6.58149
-6.65827
-6.59679
-6.5864
-6.68902
-6.64997
-6.60552
-6.57479
-6.52904
-6.52042
-6.43538
-6.44942
-6.43383
-6.45389
-6.49997
-6.50265
-6.50393
-6.45143
-6.48429
-6.5073
-6.52075
-6.56891
-6.57395
-6.53776
-6.58465
-6.55073
-6.60904
-6.64572
-6.6938
-6.71617
-6.76856
-6.65379
-6.61402
-6.59038
-6.65452
-6.66752
-6.78979
-6.70895
-6.64566
-6.64511
-6.63186
-6.69204
-6.71301
-6.7658
-6.72826
-6.72048
-6.65904
-6.6346
-6.62766
-6.63445
-6.56346
-6.66577
-6.69793
-6.65616
-6.69136
-6.70876
-6.69161
-6.64881
-6.64423
-6.74167
-6.66727
-6.63451
-6.70686
-6.68397
-6.6662
-6.62758
-6.58104
-6.64835
-6.64716
-6.52492
-6.57253
-6.58287
-6.61333
-6.58931
-6.62136
-6.63863
-6.58285
-6.65608
-6.69432
-6.5976
-6.7015
-6.74043
-6.77453
-6.83415
-6.85397
-6.7933
-6.78908
-6.81455
-6.76619
-6.77739
-6.81579
-6.84629
-6.84259
-6.81422
-6.83062
-6.85456
-6.7823
-6.70541
-6.63062
-6.71152
-6.78608
-6.77785
-6.74246
-6.76484
-6.79111
-6.77926
-6.77689
-6.79059
-6.79645
-6.82672
-6.80375
-6.77433
-6.73184
-6.72018
-6.69286
-6.71134
-6.75677
-6.76673
-6.71497
-6.72768
-6.74089
-6.68873
-6.65284
-6.77014
-6.7062
-6.8049
-6.8589
-6.84456
-6.85223
-6.81035
-6.75026
-6.70493
-6.80705
-6.83706
-6.8283
-6.7752
-6.78427
-6.73914
-6.73844
-6.67029
-6.77345
-6.8173
-6.81442
-6.70856
-6.72225
-6.73578
-6.79574
-6.82722
-6.8434
-6.79246
-6.76667
-6.78253
-6.85808
-6.77808
-6.8046
-6.78347
-6.76256
-6.7233
-6.71071
-6.62902
-6.74542
-6.80772
-6.78021
-6.81394
-6.84638
-6.86284
-6.7637
-6.74167
-6.81575
-6.78552
-6.74411
-6.81649
-6.81266
-6.8044
-6.75961
-6.7342
-6.79761
-6.80196
-6.76632
-6.75343
-6.77909
-6.86781
-6.88042
-6.80306
-6.77509
-6.81652
-6.78836
-6.73764
-6.7106
-6.73104
-6.73857
-6.67136
-6.68334
-6.65416
-6.64008
-6.64482
-6.71426
-6.73924
-6.7562
-6.69867
-6.72367
-6.74128
-6.75609
-6.7252
-6.7109
-6.61728
-6.73901
-6.67792
-6.56816
-6.60222
-6.63469
-6.66857
-6.69644
-6.7016
-6.74906
-6.7375
-6.61444
-6.59093
-6.60129
-6.60402
-6.71798
-6.6377
-6.64841
-6.58246
-6.62299
-6.66992
-6.63217
-6.6384
-6.6623
-6.65646
-6.69224
-6.72005
-6.76822
-6.71223
-6.63092
-6.6143
-6.68733
-6.69338
-6.69296
-6.66952
-6.69907
-6.6967
-6.75709
-6.73327
-6.7868
-6.73143
-6.71364
-6.72701
-6.74759
-6.75516
-6.68826
-6.59393
-6.60034
-6.55885
-6.55559
-6.56281
-6.54515
-6.65626
-6.7487
-6.75196
-6.73014
-6.68752
-6.67531
-6.60994
-6.69039
-6.62527
-6.66836
-6.70604
-6.70571
-6.71973
-6.69321
-6.6403
-6.59824
-6.6022
-6.61228
-6.70631
-6.67543
-6.67598
-6.7503
-6.65762
-6.60756
-6.70443
-6.76312
-6.75363
-6.70981
-6.67859
-6.69916
-6.65333
-6.67204
-6.80925
-6.80877
-6.82839
-6.79676
-6.79076
-6.75011
-6.67243
-6.74428
-6.82902
-6.80899
-6.7902
-6.84281
-6.8403
-6.7649
-6.8087
-6.69791
-6.663
-6.68853
-6.62221
-6.65819
-6.73687
-6.74921
-6.73666
-6.72472
-6.68559
-6.64784
-6.63124
-6.63371
-6.70832
-6.67754
-6.74826
-6.73792
-6.66342
-6.66035
-6.71252
-6.77147
-6.70213
-6.70918
-6.68581
-6.64195
-6.61576
-6.65222
-6.64412
-6.77294
-6.73348
-6.75225
-6.73183
-6.73046
-6.65766
-6.67523
-6.65138
-6.70979
-6.64619
-6.66088
-6.72481
-6.76581
-6.70693
-6.79422
-6.83888
-6.85823
-6.73358
-6.7189
-6.77368
-6.78026
-6.7603
-6.73894
-6.79855
-6.77416
-6.83129
-6.76088
-6.74783
-6.73516
-6.79148
-6.7913
-6.87444
-6.86231
-6.81412
-6.78322
-6.68019
-6.73026
-6.73557
-6.69081
-6.60957
-6.54291
-6.65832
-6.73498
-6.77535
-6.83415
-6.79594
-6.70057
-6.65269
-6.67009
-6.60672
-6.64844
-6.6994
-6.62545
-6.6352
-6.62202
-6.65653
-6.7598
-6.7016
-6.73241
-6.8136
-6.85003
-6.80791
-6.82677
-6.81803
-6.80849
-6.74609
-6.69432
-6.68193
-6.68236
-6.67504
-6.66479
-6.70308
-6.75765
-6.80249
-6.8488
-6.73127
-6.81562
-6.81108
-6.8337
-6.81978
-6.80858
-6.85402
-6.81304
-6.79808
-6.72931
-6.75035
-6.79342
-6.82161
-6.85323
-6.88065
-6.84077
-6.77641
-6.75325
-6.75386
-6.82073
-6.78335
-6.72997
-6.78038
-6.7691
-6.75726
-6.7278
-6.738
-6.80262
-6.8409
-6.82956
-6.7942
-6.81586
-6.91114
-6.8806
-6.77451
-6.61489
-6.61385
-6.72229
-6.74333
-6.71242
-6.6956
-6.77225
-6.70217
-6.66719
-6.69354
-6.66552
-6.50031
-6.61691
-6.58687
-6.64775
-6.61238
-6.6448
-6.62855
-6.63273
-6.70502
-6.61697
-6.6587
-6.67686
-6.65119
-6.73141
-6.78143
-6.77251
-6.65813
-6.61049
-6.60584
-6.62082
-6.70232
-6.75559
-6.72538
-6.70077
-6.67634
-6.70321
-6.69198
-6.65563
-6.58599
-6.69454
-6.69984
-6.67904
-6.67915
-6.7692
-6.85875
-6.81551
-6.72763
-6.73777
-6.67154
-6.67452
-6.6795
-6.76066
-6.76862
-6.78716
-6.83148
-6.81398
-6.83794
-6.77801
-6.79568
-6.7841
-6.72685
-6.71449
-6.71243
-6.73437
-6.70896
-6.68802
-6.70812
-6.65671
-6.75831
-6.76433
-6.74159
-6.69921
-6.6896
-6.72458
-6.65756
-6.66371
-6.69446
-6.67769
-6.60743
-6.60236
-6.6023
-6.5557
-6.59752
-6.63611
-6.60557
-6.53865
-6.62521
-6.63497
-6.62481
-6.69773
-6.60613
-6.60904
-6.58279
-6.65685
-6.6716
-6.75644
-6.71986
-6.65843
-6.67269
-6.6657
-6.69895
-6.57633
-6.51119
-6.52697
-6.55317
-6.52444
-6.60529
-6.64042
-6.63559
-6.59402
-6.60983
-6.63677
-6.64269
-6.67192
-6.77725
-6.75893
-6.76433
-6.75311
-6.64083
-6.60982
-6.69667
-6.72224
-6.70016
-6.71734
-6.70616
-6.65154
-6.70672
-6.66187
-6.65232
-6.60149
-6.64399
-6.62113
-6.55996
-6.54302
-6.5471
-6.54908
-6.62899
-6.62339
-6.60581
-6.62482
-6.59693
-6.62175
-6.6032
-6.69522
-6.74862
-6.77785
-6.7973
-6.79411
-6.80198
-6.77045
-6.81864
-6.7566
-6.74405
-6.72853
-6.71443
-6.7148
-6.76065
-6.70924
-6.67143
-6.73614
-6.73721
-6.68896
-6.70844
-6.66783
-6.62668
-6.67763
-6.69632
-6.64492
-6.69124
-6.71102
-6.7042
-6.66182
-6.70171
-6.72428
-6.73588
-6.66261
-6.69285
-6.7343
-6.74899
-6.6851
-6.75188
-6.74263
-6.65974
-6.70536
-6.68526
-6.75659
-6.67119
-6.69243
-6.74617
-6.68399
-6.72195
-6.7113
-6.68386
-6.66989
-6.68469
-6.71517
-6.75936
-6.82729
-6.80816
-6.81864
-6.76335
-6.79642
-6.78052
-6.88913
-6.86445
-6.8301
-6.82822
-6.83899
-6.83357
-6.9183
-6.99702
-6.89528
-6.83517
-6.86993
-6.91035
-6.8026
-6.817
-6.90439
-6.90946
-6.8973
-6.81914
-6.81899
-6.82844
-6.76702
-6.67669
-6.63971
-6.63711
-6.61886
-6.6287
-6.59822
-6.67001
-6.67967
-6.685
-6.67035
-6.6086
-6.61638
-6.56299
-6.55556
-6.52158
-6.54223
-6.6264
-6.58541
-6.57511
-6.56437
-6.58904
-6.65559
-6.6896
-6.71526
-6.77731
-6.76874
-6.67763
-6.62393
-6.6652
-6.67533
-6.66422
-6.7193
-6.65742
-6.62599
-6.56739
-6.62534
-6.64043
-6.70217
-6.64275
-6.72684
-6.77412
-6.77658
-6.81534
-6.72079
-6.68894
-6.7731
-6.82102
-6.78012
-6.73583
-6.74401
-6.66655
-6.68027
-6.70172
-6.7109
-6.76656
-6.73692
-6.71416
-6.74437
-6.72731
-6.69756
-6.68305
-6.63126
-6.71423
-6.79281
-6.82473
-6.76585
-6.80934
-6.80507
-6.71531
-6.83107
-6.71366
-6.68786
-6.66951
-6.7253
-6.68321
-6.67312
-6.66373
-6.68089
-6.65874
-6.72199
-6.68938
-6.79761
-6.80294
-6.7936
-6.66085
-6.68525
-6.63703
-6.59043
-6.64531
-6.60979
-6.66274
-6.72659
-6.61752
-6.64683
-6.49789
-6.58629
-6.44505
-6.53562
-6.53309
-6.48305
-6.50946
-6.41596
-6.49582
-6.54865
-6.62949
-6.60839
-6.64163
-6.72183
-6.68429
-6.63241
-6.61252
-6.6786
-6.77343
-6.70738
-6.68841
-6.76882
-6.79886
-6.80519
-6.73018
-6.7836
-6.79065
-6.69724
-6.76619
-6.81624
-6.67906
-6.69614
-6.70557
-6.7982
-6.77108
-6.81039
-6.87839
-6.90364
-6.83511
-6.74274
-6.70983
-6.7704
-6.86488
-6.77933
-6.90226
-6.86334
-6.88833
-6.898
-6.9169
-6.90325
-6.84524
-6.78236
-6.71542
-6.65445
-6.67186
-6.72851
-6.70576
-6.67482
-6.72457
-6.66917
-6.7414
-6.77226
-6.74914
-6.77696
-6.74087
-6.85314
-6.76682
-6.76248
-6.77284
-6.74755
-6.68752
-6.6396
-6.56036
-6.60392
-6.61165
-6.66853
-6.6825
-6.691
-6.6411
-6.58975
-6.50241
-6.57588
-6.63629
-6.67555
-6.66884
-6.61577
-6.69275
-6.66056
-6.66474
-6.66866
-6.68237
-6.71658
-6.7104
-6.64833
-6.65989
-6.66973
-6.74393
-6.71793
-6.7296
-6.73624
-6.72248
-6.69131
-6.69525
-6.71348
-6.71049
-6.74178
-6.72071
-6.62853
-6.59884
-6.6144
-6.56778
-6.60711
-6.69453
-6.69008
-6.70284
-6.63994
-6.60733
-6.72759
-6.72694
-6.76985
-6.76043
-6.76209
-6.78717
-6.6724
-6.7744
-6.81368
-6.78509
-6.69005
-6.66179
-6.6802
-6.66316
-6.71055
-6.69318
-6.70456
-6.64131
-6.58526
-6.72665
-6.65447
-6.6098
-6.62411
-6.63507
-6.59789
-6.64428
-6.67846
-6.66138
-6.64657
-6.69812
-6.73465
-6.75751
-6.78009
-6.81676
-6.82656
-6.80971
-6.78983
-6.79383
-6.85247
-6.85737
-6.85542
-6.80551
-6.73827
-6.71127
-6.71301
-6.73398
-6.71379
-6.73506
-6.75637
-6.69583
-6.73002
-6.68021
-6.70905
-6.63962
-6.70394
-6.74301
-6.72019
-6.73007
-6.72072
-6.8524
-6.80333
-6.80304
-6.76951
-6.70736
-6.65864
-6.67865
-6.62983
-6.59626
-6.57443
-6.50901
-6.58097
-6.57921
-6.53763
-6.58661
-6.54687
-6.57754
-6.53605
-6.62472
-6.53285
-6.49387
-6.49235
-6.61141
-6.68264
-6.69238
-6.66104
-6.64267
-6.66961
-6.63691
-6.70049
-6.7197
-6.67186
-6.70707
-6.62052
-6.68984
-6.67735
-6.72217
-6.74215
-6.75912
-6.68662
-6.69113
-6.78833
-6.79199
-6.71384
-6.71976
-6.61028
-6.55846
-6.62394
-6.64917
-6.66579
-6.65731
-6.69848
-6.69669
-6.65667
-6.69217
-6.78366
-6.73341
-6.82842
-6.8015
-6.77745
-6.78869
-6.76814
-6.77857
-6.81192
-6.80916
-6.83095
-6.82191
-6.81693
-6.79967
-6.7619
-6.74852
-6.73091
-6.68207
-6.62406
-6.6769
-6.6714
-6.68631
-6.72599
-6.66599
-6.65679
-6.69797
-6.69644
-6.73248
-6.6809
-6.65505
-6.59211
-6.63106
-6.6033
-6.62631
-6.70374
-6.65221
-6.66658
-6.69438
-6.66571
-6.70519
-6.6927
-6.62826
-6.66643
-6.70674
-6.71167
-6.68561
-6.67523
-6.70344
-6.72911
-6.65831
-6.67601
-6.71252
-6.72126
-6.66644
-6.6447
-6.58637
-6.5883
-6.64262
-6.65359
-6.65921
-6.68744
-6.62489
-6.62039
-6.69994
-6.76741
-6.76999
-6.75911
-6.76765
-6.83148
-6.83305
-6.78764
-6.74319
-6.78155
-6.74953
-6.76622
-6.77599
-6.78109
-6.80406
-6.72284
-6.69687
-6.72903
-6.77707
-6.81329
-6.70264
-6.68311
-6.70628
-6.77105
-6.79842
-6.76285
-6.7874
-6.7879
-6.77339
-6.73052
-6.7036
-6.76413
-6.70589
-6.72897
-6.68899
-6.65654
-6.67953
-6.71454
-6.72163
-6.70586
-6.66154
-6.65691
-6.71925
-6.68406
-6.68981
-6.67466
-6.65983
-6.65426
-6.67414
-6.6032
-6.53162
-6.6112
-6.67732
-6.60903
-6.54275
-6.52512
-6.58187
-6.60281
-6.63665
-6.71129
-6.78533
-6.79839
-6.83009
-6.80399
-6.76078
-6.74035
-6.72613
-6.60211
-6.69488
-6.66101
-6.67167
-6.75015
-6.79121
-6.75911
-6.83861
-6.82887
-6.87904
-6.88964
-6.79556
-6.77597
-6.80592
-6.84343
-6.74851
-6.7123
-6.70214
-6.69749
-6.61565
-6.60501
-6.67487
-6.6672
-6.63966
-6.60356
-6.61421
-6.71685
-6.72717
-6.84325
-6.87205
-6.86426
-6.84869
-6.86451
-6.86938
-6.86634
-6.86951
-6.85302
-6.82508
-6.81312
-6.76638
-6.80049
-6.78078
-6.80343
-6.84694
-6.87306
-6.8693
-6.8893
-6.81872
-6.7922
-6.70062
-6.77066
-6.76906
-6.72811
-6.77335
-6.79354
-6.74815
-6.75073
-6.70548
-6.70195
-6.78574
-6.76604
-6.75779
-6.80497
-6.7957
-6.70627
-6.5808
-6.63206
-6.67101
-6.60334
-6.58196
-6.64793
-6.66162
-6.63072
-6.71151
-6.67812
-6.74552
-6.69346
-6.7623
-6.71281
-6.71315
-6.70259
-6.67168
-6.62003
-6.56318
-6.55398
-6.60563
-6.61139
-6.65313
-6.67895
-6.68981
-6.62179
-6.65174
-6.64988
-6.63657
-6.6155
-6.68775
-6.65245
-6.69086
-6.68227
-6.63817
-6.61332
-6.58717
-6.60472
-6.64517
-6.71754
-6.63134
-6.65907
-6.66998
-6.64599
-6.67547
-6.7693
-6.70519
-6.73345
-6.69307
-6.74082
-6.77458
-6.72439
-6.76594
-6.77016
-6.76537
-6.7705
-6.79251
-6.76139
-6.74066
-6.69427
-6.77511
-6.76398
-6.75528
-6.84214
-6.85137
-6.91322
-6.81639
-6.79631
-6.83094
-6.8075
-6.8157
-6.80634
-6.83944
-6.83608
-6.83844
-6.84051
-6.83548
-6.7962
-6.71609
-6.70006
-6.7159
-6.78946
-6.71754
-6.69689
-6.68635
-6.75921
-6.75407
-6.75832
-6.834
-6.76525
-6.85598
-6.80196
-6.75124
-6.69662
-6.74029
-6.75564
-6.70595
-6.65853
-6.67716
-6.65233
-6.69192
-6.67524
-6.63288
-6.5648
-6.5941
-6.66306
-6.66049
-6.66671
-6.69794
-6.7083
-6.68628
-6.75156
-6.80506
-6.78486
-6.75193
-6.73511
-6.71331
-6.76515
-6.71944
-6.75373
-6.75353
-6.76597
-6.76429
-6.74197
-6.76064
-6.72044
-6.6478
-6.58586
-6.56079
-6.57471
-6.64908
-6.60983
-6.61599
-6.69803
-6.68615
-6.71212
-6.78371
-6.81888
-6.75192
-6.76604
-6.72166
-6.71674
-6.6879
-6.61254
-6.65692
-6.67996
-6.67398
-6.73662
-6.72548
-6.70872
-6.73879
-6.73471
-6.75351
-6.71867
-6.6363
-6.73327
-6.71875
-6.69412
-6.67656
-6.63438
-6.63641
-6.71464
-6.74894
-6.70074
-6.68785
-6.69603
-6.72053
-6.66648
-6.63727
-6.57151
-6.59894
-6.58599
-6.56949
-6.7301
-6.67027
-6.65824
-6.78744
-6.81787
-6.77888
-6.77546
-6.81144
-6.71103
-6.66804
-6.7281
-6.70397
-6.7864
-6.75349
-6.84971
-6.78195
-6.806
-6.81782
-6.9084
-6.84421
-6.86246
-6.90251
-6.84247
-6.84378
-6.8128
-6.83674
-6.89386
-6.94657
-6.95172
-6.94842
-6.79961
-6.76566
-6.74673
-6.73216
-6.80585
-6.73961
-6.69434
-6.63103
-6.69891
-6.66162
-6.68344
-6.65308
-6.59246
-6.64041
-6.68658
-6.68911
-6.6511
-6.66075
-6.6659
-6.67509
-6.68513
-6.63786
-6.56727
-6.61628
-6.62627
-6.65275
-6.60545
-6.59714
-6.5845
-6.60374
-6.56897
-6.60012
-6.65972
-6.53151
-6.52903
-6.5422
-6.5995
-6.66648
-6.59454
-6.57378
-6.61235
-6.64212
-6.63129
-6.65239
-6.68124
-6.58999
-6.63553
-6.68445
-6.62642
-6.6299
-6.64847
-6.63953
-6.72169
-6.72964
-6.73056
-6.66446
-6.68933
-6.64272
-6.67725
-6.68916
-6.61478
-6.69343
-6.76008
-6.75555
-6.65846
-6.59139
-6.62824
-6.66706
-6.65018
-6.79393
-6.76861
-6.73715
-6.65363
-6.66964
-6.6413
-6.57576
-6.65325
-6.5986
-6.59504
-6.57514
-6.60665
-6.67568
-6.6445
-6.58996
-6.64543
-6.58874
-6.55396
-6.51147
-6.5088
-6.52919
-6.58162
-6.63485
-6.64475
-6.67357
-6.59474
-6.5908
-6.63809
-6.65244
-6.63269
-6.58553
-6.55132
-6.64158
-6.58159
-6.63125
-6.62538
-6.58836
-6.51937
-6.45088
-6.48268
-6.44728
-6.52208
-6.63212
-6.70188
-6.74049
-6.66087
-6.70886
-6.65668
-6.68315
-6.70297
-6.75372
-6.79339
-6.76727
-6.68345
-6.693
-6.63993
-6.64065
-6.6891
-6.6946
-6.7112
-6.82454
-6.75167
-6.72477
-6.74158
-6.78598
-6.75887
-6.76731
-6.73163
-6.73181
-6.73705
-6.71068
-6.78993
-6.77949
-6.74938
-6.79481
-6.72269
-6.71289
-6.70374
-6.73805
-6.71085
-6.82411
-6.9094
-6.78983
-6.70025
-6.65089
-6.68148
-6.76346
-6.68364
-6.7023
-6.67598
-6.62782
-6.63765
-6.58072
-6.61534
-6.54327
-6.60663
-6.66495
-6.60143
-6.60809
-6.58137
-6.66877
-6.74337
-6.62507
-6.70017
-6.63887
-6.63675
-6.71348
-6.76088
-6.80305
-6.78576
-6.79929
-6.81628
-6.76182
-6.67172
-6.68502
-6.72103
-6.74536
-6.68899
-6.68742
-6.74168
-6.68549
-6.67081
-6.7812
-6.79323
-6.82968
-6.79224
-6.8161
-6.73595
-6.78392
-6.80382
-6.81196
-6.71882
-6.72052
-6.68183
-6.63873
-6.61919
-6.61966
-6.68625
-6.68297
-6.60002
-6.56432
-6.46177
-6.47429
-6.55552
-6.52802
-6.544
-6.52188
-6.50182
-6.60308
-6.52912
-6.58552
-6.59355
-6.60645
-6.65174
-6.67208
-6.72432
-6.67337
-6.63316
-6.54743
-6.60367
-6.59857
-6.6593
-6.62481
-6.70285
-6.70118
-6.60805
-6.5932
-6.57116
-6.61603
-6.5908
-6.50013
-6.58043
-6.60824
-6.59025
-6.64521
-6.62165
-6.67283
-6.69989
-6.74586
-6.78552
-6.8141
-6.76432
-6.71418
-6.71908
-6.70409
-6.71061
-6.70435
-6.67164
-6.65735
-6.7118
-6.76997
-6.70738
-6.77837
-6.70685
-6.69069
-6.73089
-6.73613
-6.73936
-6.77132
-6.78446
-6.76346
-6.80056
-6.83557
-6.79498
-6.7091
-6.72241
-6.79983
-6.72337
-6.71434
-6.63612
-6.63013
-6.63828
-6.71844
-6.69011
-6.72135
-6.67593
-6.7015
-6.67207
-6.61178
-6.67702
-6.65727
-6.57737
-6.54116
-6.59078
-6.61997
-6.6301
-6.61275
-6.59421
-6.59699
-6.65551
-6.72537
-6.71705
-6.76883
-6.69155
-6.67186
-6.62587
-6.60433
-6.6627
-6.63043
-6.67693
-6.7369
-6.79176
-6.78083
-6.78675
-6.7565
-6.85534
-6.79573
-6.75798
-6.72499
-6.75787
-6.78553
-6.78508
-6.73759
-6.75489
-6.66402
-6.7241
-6.68763
-6.6405
-6.58547
-6.60527
-6.53633
-6.54124
-6.6045
-6.60609
-6.68314
-6.65647
-6.64846
-6.64237
-6.57389
-6.54927
-6.64288
-6.65708
-6.61232
-6.6243
-6.62079
-6.68603
-6.66814
-6.7203
-6.71788
-6.68211
-6.64726
-6.66669
-6.63485
-6.55518
-6.55077
-6.56237
-6.54877
-6.57883
-6.66991
-6.66025
-6.71643
-6.65685
-6.62819
-6.57519
-6.50879
-6.54804
-6.64152
-6.61867
-6.58995
-6.60134
-6.55392
-6.56132
-6.62628
-6.60812
-6.60279
-6.56997
-6.54953
-6.58229
-6.54677
-6.62327
-6.67201
-6.67901
-6.72211
-6.7664
-6.78651
-6.78364
-6.76106
-6.71688
-6.71079
-6.69989
-6.67886
-6.7378
-6.64411
-6.67128
-6.5829
-6.55529
-6.62888
-6.59189
-6.53403
-6.52021
-6.55232
-6.63043
-6.64623
-6.71466
-6.67519
-6.66605
-6.69095
-6.73405
-6.63824
-6.70794
-6.73354
-6.68018
-6.73468
-6.7032
-6.68996
-6.67274
-6.74222
-6.68411
-6.70106
-6.55772
-6.55851
-6.72199
-6.75944
-6.75704
-6.73192
-6.68243
-6.67483
-6.56164
-6.68285
-6.70137
-6.79305
-6.64589
-6.64847
-6.66003
-6.61081
-6.67504
-6.76059
-6.73013
-6.7935
-6.67673
-6.72682
-6.72007
-6.69912
-6.71021
-6.62694
-6.69245
-6.69574
-6.72321
-6.75968
-6.78392
-6.78031
-6.81641
-6.77699
-6.73059
-6.72492
-6.74597
-6.80103
-6.73886
-6.75586
-6.79638
-6.79961
-6.69808
-6.6842
-6.67445
-6.70834
-6.73041
-6.71209
-6.71508
-6.67166
-6.64673
-6.71761
-6.70518
-6.774
-6.73167
-6.65002
-6.60355
-6.69544
-6.72755
-6.73122
-6.65047
-6.72126
-6.6881
-6.62228
-6.6434
-6.65535
-6.61007
-6.6117
-6.58379
-6.54176
-6.51908
-6.62347
-6.6469
-6.508
-6.50132
-6.56876
-6.58897
-6.65413
-6.65504
-6.56783
-6.57287
-6.55875
-6.58617
-6.61913
-6.65151
-6.66622
-6.6847
-6.69397
-6.66086
-6.70693
-6.6236
-6.6502
-6.77919
-6.80966
-6.83924
-6.80315
-6.81922
-6.82675
-6.77787
-6.79404
-6.81343
-6.75542
-6.73968
-6.59094
-6.71238
-6.69573
-6.68737
-6.65202
-6.78723
-6.90323
-6.90663
-6.89944
-6.82348
-6.88376
-6.88181
-6.82638
-6.86946
-6.76654
-6.75962
-6.75774
-6.7947
-6.8189
-6.80909
-6.74519
-6.75544
-6.77522
-6.74171
-6.75098
-6.72052
-6.80866
-6.85943
-6.83409
-6.89981
-6.85018
-6.76988
-6.78101
-6.76882
-6.73661
-6.72433
-6.76256
-6.63365
-6.60737
-6.48765
-6.5797
-6.65903
-6.64154
-6.64387
-6.73862
-6.73386
-6.71434
-6.73266
-6.69396
-6.60062
-6.58032
-6.62941
-6.59377
-6.60518
-6.61786
-6.60098
-6.5479
-6.64374
-6.64385
-6.58937
-6.61722
-6.62449
-6.69692
-6.70188
-6.72443
-6.6211
-6.63472
-6.64941
-6.59322
-6.61662
-6.75818
-6.67801
-6.63768
-6.65319
-6.61461
-6.65165
-6.63376
-6.66109
-6.6608
-6.68204
-6.66071
-6.67909
-6.68029
-6.7627
-6.81676
-6.67518
-6.69633
-6.70749
-6.71986
-6.71645
-6.67966
-6.68746
-6.69319
-6.70461
-6.59751
-6.66193
-6.5995
-6.67812
-6.73493
-6.69786
-6.73116
-6.73966
-6.63293
-6.73536
-6.78252
-6.79132
-6.77738
-6.74325
-6.74225
-6.7136
-6.76548
-6.69713
-6.70439
-6.70878
-6.65167
-6.69335
-6.65968
-6.74574
-6.74264
-6.72191
-6.73451
-6.77367
-6.69194
-6.77597
-6.79181
-6.76222
-6.70701
-6.70848
-6.61408
-6.70442
-6.68349
-6.62492
-6.6529
-6.68048
-6.67034
-6.66642
-6.66235
-6.592
-6.52608
-6.52408
-6.57349
-6.59669
-6.66672
-6.69018
-6.74499
-6.69367
-6.74631
-6.77186
-6.71997
-6.68591
-6.72506
-6.71232
-6.75592
-6.7007
-6.73196
-6.71957
-6.71606
-6.70095
-6.68146
-6.72046
-6.76984
-6.66842
-6.62344
-6.5837
-6.57062
-6.5502
-6.57582
-6.54373
-6.59099
-6.54435
-6.53519
-6.61422
-6.58119
-6.57796
-6.52551
-6.52923
-6.57217
-6.59531
-6.54876
-6.56421
-6.68437
-6.68142
-6.6761
-6.66296
-6.76203
-6.84275
-6.83816
-6.84671
-6.83123
-6.80991
-6.77478
-6.79462
-6.73034
-6.76291
-6.72792
-6.73782
-6.75202
-6.7889
-6.78369
-6.7345
-6.79405
-6.84625
-6.80991
-6.78966
-6.78356
-6.76428
-6.76176
-6.70975
-6.65868
-6.61748
-6.6614
-6.67468
-6.65311
-6.73912
-6.68845
-6.64399
-6.65822
-6.693
-6.7423
-6.75953
-6.7411
-6.82176
-6.8224
-6.74883
-6.70252
-6.71435
-6.6443
-6.71951
-6.7285
-6.76883
-6.68226
-6.68682
-6.61771
-6.5429
-6.59741
-6.56498
-6.64286
-6.7301
-6.76998
-6.74284
-6.78696
-6.78455
-6.75586
-6.69914
-6.75375
-6.75136
-6.83227
-6.77569
-6.69824
-6.70649
-6.71247
-6.67646
-6.7069
-6.74647
-6.77896
-6.826
-6.75064
-6.72833
-6.78587
-6.81935
-6.83085
-6.82193
-6.77742
-6.85805
-6.78905
-6.79531
-6.69081
-6.70258
-6.72855
-6.70878
-6.72009
-6.70173
-6.66844
-6.62305
-6.61438
-6.72641
-6.6336
-6.67733
-6.69957
-6.62807
-6.67632
-6.7145
-6.69465
-6.71866
-6.65901
-6.71652
-6.65006
-6.70326
-6.69962
-6.63104
-6.6087
-6.67091
-6.67296
-6.58546
-6.5695
-6.56056
-6.63315
-6.62117
-6.64013
-6.62736
-6.64267
-6.60018
-6.46778
-6.50023
-6.52392
-6.56791
-6.64933
-6.69137
-6.63669
-6.63352
-6.60471
-6.68321
-6.65625
-6.62226
-6.68776
-6.71852
-6.71578
-6.65343
-6.70644
-6.71961
-6.68164
-6.65427
-6.69739
-6.55894
-6.56586
-6.62774
-6.69585
-6.60981
-6.64209
-6.64531
-6.66742
-6.70494
-6.65363
-6.64751
-6.66344
-6.6859
-6.62056
-6.67912
-6.59721
-6.57964
-6.56494
-6.60098
-6.60158
-6.60279
-6.63009
-6.57834
-6.66387
-6.60954
-6.64157
-6.67016
-6.62127
-6.64748
-6.63681
-6.69596
-6.63669
-6.56469
-6.56176
-6.63682
-6.65295
-6.57489
-6.53276
-6.59383
-6.50537
-6.48965
-6.50397
-6.49831
-6.53342
-6.5983
-6.63466
-6.66867
-6.64467
-6.68525
-6.70328
-6.63131
-6.73771
-6.71037
-6.70515
-6.69891
-6.69975
-6.69209
-6.61462
-6.72061
-6.67871
-6.75787
-6.76254
-6.8152
-6.80861
-6.71942
-6.78115
-6.7996
-6.81012
-6.75476
-6.79614
-6.67776
-6.72978
-6.76441
-6.77889
-6.7871
-6.73987
-6.73924
-6.72967
-6.71002
-6.69018
-6.68897
-6.67567
-6.79607
-6.73974
-6.75929
-6.75351
-6.81464
-6.77938
-6.84608
-6.76425
-6.73794
-6.72957
-6.68795
-6.70068
-6.72433
-6.67635
-6.73506
-6.69034
-6.71013
-6.63734
-6.59068
-6.62608
-6.59374
-6.63055
-6.65458
-6.72618
-6.63784
-6.62582
-6.63738
-6.5999
-6.64482
-6.72174
-6.72071
-6.68347
-6.72543
-6.67259
-6.68059
-6.59913
-6.57742
-6.55018
-6.59167
-6.57786
-6.5849
-6.5181
-6.594
-6.60287
-6.57964
-6.55866
-6.5667
-6.58666
-6.53525
-6.56545
-6.56424
-6.63954
-6.65163
-6.66583
-6.64662
-6.66297
-6.6177
-6.60589
-6.6913
-6.72757
-6.69286
-6.73298
-6.74001
-6.7323
-6.72605
-6.73342
-6.71979
-6.72162
-6.69927
-6.78532
-6.75115
-6.68267
-6.77451
-6.71609
-6.73782
-6.68802
-6.7601
-6.7447
-6.78193
-6.83481
-6.81986
-6.78699
-6.82001
-6.79222
-6.75586
-6.7901
-6.76344
-6.69157
-6.74123
-6.71303
-6.72351
-6.71679
-6.76414
-6.81641
-6.66136
-6.60409
-6.58245
-6.53614
-6.55843
-6.68756
-6.68779
-6.72112
-6.67558
-6.74305
-6.81889
-6.81227
-6.68678
-6.65652
-6.6715
-6.77304
-6.84239
-6.81182
-6.73803
-6.7935
-6.78524
-6.83542
-6.8079
-6.78772
-6.74145
-6.65182
-6.69834
-6.6433
-6.62637
-6.66296
-6.63549
-6.66056
-6.60203
-6.63175
-6.65494
-6.61887
-6.66453
-6.70249
-6.74798
-6.78716
-6.81445
-6.75158
-6.79859
-6.7147
-6.65852
-6.64347
-6.65998
-6.56543
-6.57914
-6.60876
-6.6443
-6.58906
-6.55862
-6.58621
-6.60933
-6.65349
-6.66118
-6.69603
-6.75008
-6.74144
-6.74453
-6.72458
-6.81724
-6.85006
-6.73171
-6.66601
-6.71224
-6.73442
-6.74832
-6.75499
-6.73535
-6.77938
-6.70613
-6.67143
-6.64588
-6.66967
-6.71817
-6.69621
-6.65947
-6.7021
-6.683
-6.58379
-6.64253
-6.57311
-6.53869
-6.64289
-6.66512
-6.65055
-6.61524
-6.63995
-6.60303
-6.55542
-6.56235
-6.5719
-6.54855
-6.52768
-6.62165
-6.55497
-6.58044
-6.60596
-6.59384
-6.59161
-6.69036
-6.68088
-6.65314
-6.73115
-6.74265
-6.66921
-6.66905
-6.69223
-6.70055
-6.73072
-6.66321
-6.62237
-6.63097
-6.58194
-6.63296
-6.60102
-6.59259
-6.53794
-6.57341
-6.62703
-6.67985
-6.68119
-6.6277
-6.6605
-6.65692
-6.67197
-6.61766
-6.71869
-6.65529
-6.69079
-6.72421
-6.74086
-6.79225
-6.64602
-6.61491
-6.6855
-6.67951
-6.6522
-6.6196
-6.64732
-6.62201
-6.69264
-6.69757
-6.68617
-6.71159
-6.62629
-6.61683
-6.517
-6.63677
-6.59317
-6.64647
-6.66399
-6.70065
-6.74008
-6.6103
-6.68322
-6.68539
-6.69669
-6.65706
-6.58208
-6.57456
-6.71374
-6.73668
-6.83235
-6.84976
-6.86234
-6.877
-6.83271
-6.86958
-6.78977
-6.74207
-6.77092
-6.73838
-6.78055
-6.77838
-6.66911
-6.74894
-6.6988
-6.71966
-6.79612
-6.7612
-6.83527
-6.81751
-6.82674
-6.85404
-6.85104
-6.81012
-6.72428
-6.68606
-6.68161
-6.71873
-6.67548
-6.73907
-6.80948
-6.81317
-6.83442
-6.84247
-6.73453
-6.7618
-6.79487
-6.78309
-6.76351
-6.73426
-6.72355
-6.74471
-6.71522
-6.7123
-6.6552
-6.6428
-6.67945
-6.67624
-6.73375
-6.70076
-6.74021
-6.69592
-6.70001
-6.79048
-6.73991
-6.6797
-6.64908
-6.6855
-6.60339
-6.59787
-6.65746
-6.60348
-6.59239
-6.50625
-6.47982
-6.51736
-6.53897
-6.60393
-6.61983
-6.7122
-6.72212
-6.60211
-6.61557
-6.59599
-6.59032
-6.61423
-6.69413
-6.71052
-6.71463
-6.70809
-6.65912
-6.68349
-6.77619
-6.79657
-6.76702
-6.77103
-6.70137
-6.65709
-6.76915
-6.71919
-6.69349
-6.69666
-6.73611
-6.7289
-6.70214
-6.736
-6.81063
-6.70603
-6.71213
-6.66417
-6.62175
-6.5779
-6.62402
-6.65309
-6.60596
-6.72313
-6.63433
-6.74754
-6.73813
-6.65511
-6.62418
-6.60335
-6.59901
-6.61574
-6.69182
-6.71017
-6.6355
-6.61319
-6.5951
-6.641
-6.61502
-6.58488
-6.64886
-6.69399
-6.71761
-6.73291
-6.77228
-6.71838
-6.71605
-6.68792
-6.63794
-6.65117
-6.76
-6.65481
-6.67546
-6.66254
-6.6395
-6.64892
-6.70793
-6.73198
-6.74386
-6.69301
-6.72337
-6.68778
-6.73942
-6.78243
-6.75363
-6.75983
-6.73823
-6.7535
-6.71714
-6.63622
-6.62333
-6.60911
-6.65871
-6.6739
-6.73413
-6.72383
-6.69973
-6.7014
-6.70448
-6.66991
-6.64677
-6.67509
-6.72429
-6.75046
-6.69461
-6.69812
-6.76582
-6.71534
-6.75776
-6.73087
-6.71441
-6.63462
-6.63599
-6.68595
-6.64811
-6.68318
-6.68402
-6.69504
-6.64037
-6.59203
-6.59942
-6.64768
-6.63228
-6.58335
-6.61983
-6.62918
-6.67713
-6.63137
-6.69419
-6.69184
-6.64373
-6.61897
-6.64465
-6.79004
-6.79856
-6.75022
-6.74461
-6.79041
-6.75797
-6.75449
-6.74344
-6.70431
-6.73936
-6.75523
-6.73882
-6.79401
-6.75228
-6.72987
-6.78537
-6.76109
-6.72929
-6.64185
-6.70777
-6.6314
-6.66798
-6.71802
-6.65077
-6.68253
-6.64671
-6.70848
-6.62168
-6.6346
-6.67979
-6.68346
-6.7362
-6.70781
-6.64209
-6.65409
-6.72103
-6.70868
-6.78592
-6.71724
-6.68852
-6.72965
-6.73095
-6.75346
-6.71232
-6.75439
-6.75282
-6.74245
