2253.7037
2092.9426
1623.7687
1356.0756
1133.6667
999.69729
884.50103
841.58974
740.1512
692.03055
650.99319
580.49138
556.59248
522.0384
521.18347
468.77397
468.77397
468.77397
468.77397
465.18856
465.18856
460.89036
452.28206
439.81455
439.81455
439.81455
436.16949
435.47409
428.21909
428.21909
423.72022
423.72022
423.72022
423.72022
420.59943
420.59943
416.46522
416.46522
416.46522
416.46522
416.46522
416.46522
415.51368
414.13424
412.65238
412.65238
412.65238
411.38682
411.38682
411.38682
411.38682
411.38682
411.38682
411.38682
411.38682
411.38682
409.90497
409.90497
409.90497
409.90497
409.90497
409.90497
409.90497
409.90497
409.90497
409.90497
409.90497
409.90497
409.90497
409.90497
408.95343
408.95343
408.95343
408.95343
408.95343
408.95343
408.95343
408.95343
408.95343
408.95343
408.95343
408.95343
408.95343
408.95343
408.95343
408.95343
408.95343
408.95343
408.95343
408.95343
408.95343
408.95343
408.95343
408.95343
408.95343
408.95343
408.95343
408.95343
408.95343
408.95343
