1179.42
1179.42
1179.42
1161.42
1148.67
1148.67
1148.67
1122.17
1122.17
1122.17
1122.17
1122.17
1122.17
1122.17
1086.07
1086.07
1086.07
1060.53
1060.53
1010.22
1010.22
1010.22
1010.22
1010.22
895.242
895.242
895.242
895.242
882.123
882.123
882.123
854.454
854.454
854.454
854.454
854.454
854.454
854.454
854.454
854.454
854.454
770.439
770.439
770.439
770.439
770.439
770.439
770.439
770.439
761.572
761.572
761.572
761.572
761.572
761.572
714.527
714.166
714.166
690.415
681.082
681.082
681.082
681.082
632.186
632.186
538.26
538.26
538.26
538.26
538.26
538.26
538.26
538.26
538.26
472.174
460.708
460.708
460.708
423.4
423.4
423.4
423.4
423.4
398.179
398.179
398.179
398.179
398.179
398.179
398.179
360.76
360.76
360.76
360.76
360.76
360.76
346.075
346.075
346.075
346.075
