0 7 31 45 30 22 56 20 46 42 41 23 6 17 36 12 33 10 47 54 39 61 21 52 50 35 13 38 28 62 34 44 14 60 37 29 53 5 9 16 18 24 1 4 43 59 32 8 27 63 2 19 25 51 15 55 58 26 48 40 49 3 57 11
0 32 29 26 38 2 19 36 12 39 11 16 24 1 44 8 42 27 57 54 5 51 3 59 6 40 48 10 33 46 63 50 60 4 41 28 49 53 30 37 61 22 18 25 34 13 9 14 21 20 47 55 31 15 17 58 7 35 62 23 56 52 43 45
0 32 29 26 38 2 19 36 12 39 11 16 42 27 57 44 54 31 55 47 20 6 40 48 10 33 46 63 50 60 4 24 5 51 3 59 21 1 14 9 13 34 25 18 22 61 37 30 53 49 28 41 23 8 62 35 7 58 17 15 56 52 43 45
0 32 29 26 38 2 19 36 12 42 27 57 44 5 51 3 59 6 40 48 39 11 16 54 10 33 46 63 50 60 4 24 31 55 47 20 21 1 14 9 13 34 25 18 22 61 37 30 53 45 43 52 8 28 35 41 7 23 58 17 15 49 56 62
0 18 25 34 13 9 14 1 21 20 47 11 55 39 31 24 32 29 26 38 2 19 22 61 37 27 57 44 5 51 3 59 6 40 48 16 54 10 33 46 63 50 60 4 36 12 42 30 53 49 28 41 62 8 23 56 15 17 58 7 35 52 43 45
0 18 25 63 50 60 4 22 61 37 30 53 49 34 13 9 14 1 21 20 47 11 55 39 31 24 32 29 26 38 2 19 36 12 42 27 57 44 5 51 3 59 6 40 48 16 54 10 33 46 28 41 62 8 23 56 15 17 58 7 35 52 43 45
0 18 25 34 13 9 14 30 21 20 47 11 55 39 31 24 32 29 57 27 42 12 36 19 2 38 26 59 6 40 48 16 54 10 33 46 63 50 60 4 1 22 61 44 5 51 3 37 53 49 28 41 62 8 23 56 15 17 58 7 35 52 43 45
0 18 25 34 13 9 14 1 21 32 29 26 38 2 19 36 12 42 27 57 20 47 11 55 39 31 24 44 5 51 3 59 6 40 48 16 54 10 33 46 63 49 60 45 43 22 61 37 30 53 28 50 4 41 62 8 23 56 15 17 58 7 35 52
0 18 25 34 13 9 14 1 26 38 2 19 36 12 16 42 27 57 30 21 20 47 11 55 39 31 24 32 29 22 61 44 5 51 3 37 53 49 54 10 33 46 63 50 60 45 43 59 6 40 48 4 41 28 62 8 23 56 15 17 58 7 35 52
0 18 25 41 4 6 40 48 28 62 8 23 56 15 34 13 9 14 1 21 20 47 11 55 32 26 38 2 19 36 12 16 42 27 57 30 39 31 24 29 22 61 44 5 51 3 37 53 49 54 10 33 46 63 50 60 59 17 45 43 52 35 7 58
0 18 25 52 35 7 58 17 15 56 23 8 62 41 28 48 40 6 59 34 13 9 14 1 21 32 29 24 33 60 20 47 11 55 39 57 27 42 12 36 19 4 50 63 46 10 54 49 53 37 3 51 5 44 61 22 31 30 16 2 38 26 43 45
0 18 25 39 55 11 47 20 57 27 42 12 36 19 4 7 35 62 8 23 56 15 34 13 9 14 1 21 24 33 32 31 30 29 3 37 53 49 28 41 17 58 16 54 10 46 63 50 60 22 61 44 5 26 6 40 48 38 2 51 59 45 43 52
0 18 25 39 55 11 47 20 57 27 42 12 36 19 4 7 35 62 8 23 56 15 34 13 9 14 1 52 41 28 48 40 6 58 17 22 61 37 30 51 5 44 24 21 33 32 60 26 38 2 16 31 29 3 53 49 54 10 46 63 50 59 43 45
0 18 25 39 55 11 47 20 57 27 42 12 36 19 4 7 35 62 8 23 56 15 34 13 9 14 1 52 41 28 48 40 6 58 17 22 61 37 30 51 5 44 24 21 33 32 60 26 38 2 16 31 29 3 53 49 54 10 46 63 50 59 43 45
0 18 25 52 35 7 58 17 15 56 23 8 62 41 28 48 40 6 39 55 11 47 20 57 27 42 12 36 19 4 1 14 22 61 37 30 51 34 13 9 5 44 24 21 33 32 60 26 38 2 16 31 29 3 53 49 54 10 46 63 50 59 43 45
0 18 25 52 35 7 58 17 39 55 11 47 20 57 27 15 56 23 8 62 41 28 48 40 6 42 12 36 19 4 1 14 34 22 61 37 30 51 5 44 24 13 9 21 33 32 60 26 38 2 16 31 29 3 53 49 54 10 46 63 50 45 43 59
0 18 25 52 35 7 58 17 39 55 11 47 20 57 27 15 56 23 8 62 41 28 48 40 6 42 12 36 19 4 1 14 34 22 61 37 30 51 5 44 24 13 9 21 33 32 60 26 38 2 16 31 29 3 53 49 54 10 46 63 50 45 43 59
0 18 25 52 35 7 58 17 39 55 11 47 20 57 27 15 56 23 8 62 41 28 48 40 6 42 12 36 19 4 1 14 22 61 37 30 51 34 5 44 13 9 21 24 33 32 31 29 3 53 59 26 38 2 16 49 54 10 46 63 50 60 43 45
0 18 25 52 35 7 58 17 31 29 3 53 49 54 10 46 15 39 55 11 47 20 57 27 56 23 8 62 42 48 40 6 28 41 12 36 19 4 1 14 22 61 37 30 51 34 5 44 24 13 9 21 33 32 60 26 38 2 16 63 50 59 43 45
0 18 25 52 35 7 39 55 11 47 20 57 27 56 15 17 58 23 42 48 40 6 28 8 62 41 12 36 19 4 1 14 22 61 37 30 51 34 13 9 5 44 24 21 33 32 60 26 38 2 16 31 29 3 53 49 54 10 46 63 50 59 43 45
0 18 7 35 52 41 62 8 23 16 2 38 26 25 58 17 39 55 46 11 47 20 57 27 15 56 42 48 40 6 28 12 36 19 4 1 14 22 61 37 30 51 34 13 9 5 44 24 21 33 31 32 29 3 60 53 49 54 10 63 50 59 43 45
0 18 25 41 52 35 7 39 55 11 47 20 57 27 56 15 17 58 23 42 48 40 6 28 8 62 12 36 19 4 1 14 22 61 37 30 51 34 13 9 5 44 24 21 33 32 31 29 3 53 60 26 38 2 16 49 54 10 46 63 50 59 43 45
0 18 25 39 15 11 47 20 57 27 56 55 17 52 35 7 58 23 8 42 48 40 6 28 62 41 12 36 19 4 1 14 22 61 37 30 51 34 13 9 5 44 24 21 29 32 31 33 3 53 60 26 38 2 16 49 54 10 46 63 50 59 43 45
0 18 25 52 35 41 7 58 17 51 34 13 9 5 44 24 21 33 39 55 11 47 20 57 27 56 15 32 60 26 38 2 16 23 8 62 28 42 48 40 6 12 36 19 4 1 14 22 61 37 31 29 3 53 49 54 10 46 30 63 50 59 43 45
0 18 25 39 55 11 47 20 57 17 52 41 35 7 58 23 42 48 40 6 28 8 62 12 36 19 4 1 14 22 61 37 30 51 34 13 9 5 44 24 21 53 3 29 31 16 2 38 26 60 33 32 49 54 27 56 15 10 46 63 50 59 43 45
0 18 25 39 55 11 47 20 57 17 52 41 35 7 58 23 42 48 40 6 28 8 62 12 36 19 4 1 14 22 61 37 30 51 34 13 9 5 44 24 21 53 3 29 31 16 2 38 26 60 33 32 49 54 27 56 15 10 46 63 50 59 43 45
0 18 25 17 55 11 47 20 57 27 56 15 39 52 35 41 7 58 23 8 62 38 2 16 28 42 48 40 6 12 36 19 4 1 14 22 61 37 30 51 34 13 9 5 44 24 21 53 3 29 31 26 60 33 32 49 54 10 46 63 50 59 43 45
0 18 41 52 35 25 7 58 17 39 51 34 13 9 5 44 24 21 33 32 55 11 47 20 57 31 29 3 53 49 54 10 46 15 27 56 8 23 62 28 42 48 40 6 12 36 19 4 1 14 22 61 37 30 60 26 38 2 16 63 50 59 43 45
0 18 25 41 52 35 7 58 17 39 55 11 47 20 57 15 56 27 28 23 8 62 38 2 16 42 48 40 6 12 36 19 4 1 14 22 61 37 30 51 34 13 9 5 44 24 21 53 3 29 31 26 60 33 32 49 54 10 46 63 50 59 43 45
0 18 25 41 52 35 7 58 17 39 55 11 47 20 57 15 56 27 28 23 8 62 38 2 16 42 48 40 6 12 36 19 4 1 14 22 61 37 30 51 34 13 9 5 44 24 21 53 3 29 31 26 60 33 32 49 54 10 46 63 50 59 43 45
0 18 25 52 35 41 62 7 58 17 39 55 11 15 20 57 27 56 47 23 8 38 2 16 28 42 48 40 6 12 36 19 4 1 14 22 61 37 30 51 34 33 9 5 44 24 21 13 53 60 26 31 29 3 32 49 54 10 46 63 50 59 43 45
0 18 41 52 35 25 7 58 17 39 55 11 15 20 57 27 56 47 23 8 62 28 38 2 16 42 48 40 6 12 36 19 4 1 14 22 61 37 30 51 34 13 9 5 44 24 21 53 3 29 31 26 60 33 32 49 54 10 46 63 50 59 43 45
0 18 41 52 35 25 7 58 17 39 55 11 15 20 57 27 56 47 23 8 62 38 2 16 28 42 48 40 6 12 36 19 4 1 14 22 61 37 30 51 34 13 9 5 44 24 21 53 3 29 31 26 60 33 32 49 54 10 46 63 50 59 43 45
0 18 41 52 35 25 7 58 62 17 39 55 11 15 20 49 32 3 29 31 26 60 53 13 21 24 44 5 9 33 34 51 30 37 61 22 14 1 4 19 36 12 6 40 48 42 28 16 2 38 8 23 47 56 27 57 54 10 46 63 50 59 43 45
0 18 25 41 52 35 7 23 8 62 38 2 58 17 39 55 11 47 20 57 15 56 27 16 28 42 48 40 6 12 36 19 4 1 14 43 59 22 61 37 3 30 51 34 33 9 5 44 24 21 13 53 60 26 31 29 32 49 54 10 46 63 50 45
0 18 41 52 35 25 7 58 17 39 55 11 15 20 57 27 56 47 23 8 62 38 2 16 28 42 48 40 6 12 36 19 4 1 14 22 61 37 5 44 24 13 9 21 33 31 34 32 29 3 53 49 54 10 46 63 30 51 60 26 50 59 43 45
0 18 25 52 41 35 7 23 8 62 38 2 58 17 39 55 11 47 20 57 15 56 27 16 28 42 48 40 6 12 36 19 4 1 14 22 5 44 61 37 24 13 9 21 33 31 34 32 29 3 53 49 54 10 46 63 30 51 60 26 50 59 43 45
0 18 25 52 41 35 7 23 8 62 38 2 58 17 39 55 11 47 20 57 15 56 27 16 28 42 48 40 6 12 36 19 4 1 14 22 5 44 61 37 24 13 9 21 33 31 34 32 29 3 53 49 54 10 46 63 30 51 60 26 50 59 43 45
0 18 41 52 35 25 7 58 23 8 62 38 2 17 39 55 11 47 20 57 15 27 56 46 16 28 42 48 40 6 12 36 19 4 1 14 43 59 22 61 37 29 30 51 34 33 9 5 44 13 24 21 53 3 31 26 60 32 49 54 10 63 50 45
0 18 25 52 35 41 7 58 23 8 62 17 39 51 55 11 47 20 57 15 56 27 28 38 2 16 42 48 40 6 12 36 19 4 1 14 43 59 22 61 37 29 30 34 13 9 5 44 24 21 53 3 31 33 32 49 54 10 46 63 60 26 50 45
0 18 41 52 35 25 7 23 8 62 38 2 58 17 39 51 55 11 47 20 57 15 27 56 46 16 28 42 48 40 6 12 36 19 4 1 14 43 59 22 61 37 29 30 34 13 9 5 44 24 21 53 3 33 31 32 49 54 10 63 60 26 50 45
0 18 41 52 35 25 7 23 8 62 38 2 58 17 39 51 55 11 47 20 57 15 27 56 46 16 28 42 48 40 6 12 36 19 4 1 14 43 59 22 61 37 29 30 34 13 9 5 44 24 21 53 3 33 31 32 49 54 10 63 60 26 50 45
0 18 41 52 35 25 7 62 23 8 38 2 58 17 39 51 55 11 47 20 57 15 27 56 46 16 28 42 48 40 6 12 36 19 4 1 14 43 59 22 61 37 29 30 34 13 9 5 44 24 21 53 3 33 31 32 49 54 10 63 60 26 50 45
0 18 41 52 35 25 7 62 23 8 38 2 58 17 39 51 55 11 47 20 57 15 27 56 46 16 28 42 48 40 6 12 36 19 4 1 14 43 59 22 61 37 29 30 34 3 13 9 5 44 24 21 53 33 31 32 49 54 10 63 60 26 50 45
0 18 41 52 35 25 7 58 17 39 51 55 11 15 20 57 27 56 47 16 28 8 62 38 2 23 42 48 40 6 12 36 19 4 1 14 43 59 22 61 37 29 30 34 13 9 5 44 24 21 53 3 33 31 32 49 54 10 46 63 60 26 50 45
0 18 41 52 35 25 7 58 23 8 62 38 17 39 51 55 57 20 11 15 27 56 47 2 16 28 42 48 40 6 12 36 19 4 1 14 43 59 22 61 37 29 30 34 3 13 9 5 44 24 21 53 33 31 32 49 54 10 46 63 60 26 50 45
0 18 41 52 35 25 7 58 17 39 51 55 11 15 20 57 27 56 47 16 28 8 62 38 2 23 42 48 40 6 12 36 19 4 1 14 43 59 22 61 37 29 30 34 33 9 5 13 44 24 21 53 3 31 49 32 54 10 46 63 60 26 50 45
0 18 41 52 35 25 7 58 17 39 51 55 11 15 20 57 27 56 47 16 28 8 62 38 2 23 42 48 40 6 12 36 19 4 1 14 43 59 22 61 37 29 30 34 33 9 5 13 44 24 21 53 3 31 49 32 54 10 46 63 60 26 50 45
0 18 41 52 35 25 7 58 17 39 51 55 11 15 20 57 27 56 47 16 28 8 62 38 2 23 42 48 40 6 12 36 19 4 1 14 43 59 22 61 37 29 30 34 33 9 5 13 44 24 21 53 3 31 49 32 54 10 46 63 60 26 50 45
0 18 41 52 35 25 7 58 17 39 51 55 11 15 20 57 27 56 47 16 28 8 62 38 2 23 42 48 40 6 12 36 19 4 1 14 43 59 22 61 37 29 30 34 33 9 5 13 44 24 21 53 3 31 49 32 54 10 46 63 60 26 50 45
0 18 41 52 35 25 7 58 23 62 17 39 51 55 11 47 27 56 15 57 20 28 16 8 38 2 42 48 40 6 12 36 19 4 1 14 43 59 22 5 44 61 37 29 30 34 33 9 13 24 21 53 3 31 32 49 54 10 46 63 60 26 50 45
0 18 41 52 35 25 7 58 23 62 17 39 51 55 11 15 20 57 27 56 47 8 28 38 16 2 42 48 40 6 12 36 19 4 1 14 43 59 22 5 44 53 61 37 24 13 9 21 3 33 31 30 34 29 32 49 54 10 46 63 60 26 50 45
0 18 41 52 35 25 7 58 23 8 62 17 39 51 55 15 56 27 47 11 57 20 16 28 38 2 42 48 40 6 12 36 19 4 1 14 43 59 22 5 44 61 37 24 13 9 21 33 31 34 53 3 29 30 32 49 54 10 46 63 60 26 50 45
0 18 52 41 35 25 7 58 62 17 39 51 55 11 47 27 56 15 57 20 28 23 8 16 38 2 42 48 40 6 12 4 19 36 1 14 43 59 22 5 44 61 37 24 13 9 21 29 30 34 53 3 33 31 49 32 54 10 46 63 60 26 50 45
0 18 52 41 35 25 7 58 62 17 39 51 55 11 47 27 56 15 57 20 28 23 8 16 38 2 42 48 40 6 12 4 19 36 1 14 43 59 22 5 44 61 37 24 13 9 21 29 30 34 53 3 33 31 49 32 54 10 46 63 60 26 50 45
0 18 52 41 35 25 7 58 62 17 39 51 55 11 47 27 56 15 57 20 28 23 8 16 38 2 42 48 40 6 12 4 19 36 1 14 43 59 22 5 44 61 37 24 13 9 21 29 30 34 53 3 33 31 49 32 54 10 46 63 60 26 50 45
0 18 52 41 35 25 7 58 62 17 39 51 55 11 47 27 56 15 57 20 28 23 8 16 38 2 42 48 40 6 12 4 19 36 1 14 43 59 22 5 44 61 37 24 13 9 21 29 30 34 53 3 33 31 49 32 54 10 46 63 60 26 50 45
0 18 52 41 35 25 7 58 62 17 39 51 55 11 47 27 56 15 57 20 28 23 8 16 38 2 42 48 40 6 12 4 19 36 1 14 43 59 22 5 44 61 37 24 13 9 21 29 30 34 53 3 33 31 49 32 54 10 46 63 60 26 50 45
0 18 52 41 35 25 7 58 62 17 39 51 55 11 47 27 56 15 57 20 28 23 8 16 38 2 42 48 40 6 12 4 19 36 1 14 43 59 22 5 44 61 37 24 13 9 21 29 30 34 53 3 33 31 49 32 54 10 46 63 60 26 50 45
0 18 52 41 35 25 7 58 62 17 39 51 55 11 47 27 56 15 57 20 28 23 8 16 38 2 42 48 40 6 12 4 19 36 1 14 43 59 22 5 44 61 37 24 13 9 21 29 30 34 53 3 33 31 49 32 54 10 46 63 60 26 50 45
0 18 52 41 35 25 7 58 62 17 39 51 55 11 47 27 56 15 57 20 28 23 8 16 38 2 42 48 40 6 12 4 19 36 1 14 43 59 22 5 44 61 37 24 13 9 21 29 30 34 53 3 33 31 49 32 54 10 46 63 60 26 50 45
0 18 52 41 35 7 25 62 58 23 8 38 2 17 39 51 55 11 47 46 10 54 27 56 15 20 57 16 28 42 48 40 6 12 4 19 36 1 14 43 59 22 5 44 61 37 24 13 9 21 3 30 34 29 53 33 31 32 49 63 60 26 50 45
0 18 52 41 35 7 25 62 58 23 8 38 2 17 39 51 55 11 47 46 10 54 27 56 15 20 57 16 28 42 48 40 6 12 4 19 36 1 14 43 59 22 5 44 61 37 24 13 9 21 3 30 34 29 53 33 31 32 49 63 60 26 50 45
0 18 52 41 35 7 25 62 58 23 8 38 2 17 39 51 55 11 47 46 10 54 27 56 15 20 57 16 28 42 48 40 6 12 4 19 36 1 14 43 59 22 5 44 61 37 24 13 9 21 3 30 34 29 53 33 31 32 49 63 60 26 50 45
0 18 41 52 35 25 7 62 58 23 38 2 8 17 39 51 55 11 47 46 10 54 27 56 15 57 20 16 28 42 48 40 6 12 4 19 36 1 14 43 59 22 5 44 61 37 24 13 9 21 29 30 34 33 53 3 31 32 49 63 60 26 50 45
0 18 41 52 35 7 25 62 58 23 8 38 2 28 17 39 51 55 27 56 15 57 20 54 10 46 47 11 16 42 48 40 6 12 4 19 36 1 14 43 59 22 5 44 61 37 24 13 9 53 21 3 33 31 30 34 29 32 49 63 60 26 50 45
0 18 41 52 35 7 25 62 58 23 8 38 2 28 17 39 51 55 27 56 15 57 20 54 10 46 47 11 16 42 48 40 6 12 4 19 36 1 14 43 59 22 5 44 61 37 24 13 9 53 21 3 33 31 30 34 29 32 49 63 60 26 50 45
0 18 41 52 35 7 25 62 58 23 8 38 2 28 17 39 51 55 27 56 15 57 20 54 10 46 47 11 16 42 48 40 6 12 4 19 36 1 14 43 59 22 5 44 61 37 24 13 9 53 21 3 33 31 30 34 29 32 49 63 60 26 50 45
0 18 41 52 35 7 25 62 58 23 38 2 8 17 39 51 55 11 56 27 57 20 15 54 10 46 47 16 28 42 48 40 6 12 4 19 36 1 14 43 59 22 5 44 61 37 24 13 9 21 29 30 34 33 53 3 31 32 49 63 60 26 50 45
0 18 41 52 35 25 7 62 58 23 8 2 38 17 39 51 55 11 47 46 10 54 27 56 15 57 20 16 28 42 48 40 6 12 4 19 36 1 14 43 59 22 5 44 61 37 24 13 9 21 29 30 34 33 3 53 31 32 49 63 60 26 45 50
0 18 41 52 35 7 25 58 23 8 2 38 62 17 39 51 55 11 56 27 57 20 15 54 10 46 47 16 28 42 48 40 6 12 4 19 36 1 14 43 59 22 5 44 61 37 24 13 9 21 33 31 30 34 53 3 29 32 49 63 60 26 50 45
0 18 41 52 35 7 25 58 23 8 2 38 62 17 39 51 55 11 56 27 57 20 15 54 10 46 47 16 28 42 48 40 6 12 4 19 36 1 14 43 59 22 5 44 61 37 24 13 9 21 33 31 30 34 53 3 29 32 49 63 60 26 50 45
0 18 41 52 35 7 25 58 23 8 2 38 62 17 39 51 55 11 56 27 57 20 15 54 10 46 47 16 28 42 48 40 6 12 4 19 36 1 14 43 59 22 5 44 61 37 24 13 9 21 33 31 30 34 53 3 29 32 49 63 60 26 50 45
0 18 41 52 35 7 25 58 23 8 2 38 62 17 39 51 55 11 56 27 57 20 15 54 10 46 47 16 28 42 48 40 6 12 4 19 36 1 14 43 59 22 5 44 61 37 24 13 9 21 33 31 30 34 53 3 29 32 49 63 60 26 50 45
0 18 41 52 35 25 7 62 58 23 38 2 8 17 39 51 55 11 47 46 20 57 15 10 54 56 27 16 28 42 48 40 6 12 4 19 36 1 45 14 43 59 22 5 44 61 37 24 13 9 21 3 33 31 30 53 29 34 32 49 63 60 26 50
0 18 41 52 35 25 7 62 58 23 38 2 8 17 39 51 55 11 47 46 20 57 15 10 54 56 27 16 28 42 48 40 6 12 4 19 36 1 45 14 43 59 22 5 44 61 37 24 13 9 21 3 33 31 30 53 29 34 32 49 63 60 26 50
0 18 52 41 35 25 7 62 58 2 23 8 38 17 39 51 55 11 47 46 20 57 15 10 54 56 27 16 28 42 48 40 6 12 4 19 36 1 14 45 43 59 22 5 44 61 37 24 13 9 53 21 3 33 31 30 34 29 32 49 63 60 26 50
0 18 52 41 35 25 7 62 58 2 23 8 38 17 39 51 55 11 47 46 20 57 15 10 54 56 27 16 28 42 48 40 6 12 4 19 36 1 14 45 43 59 22 5 44 61 37 24 13 9 53 21 3 33 31 30 34 29 32 49 63 60 26 50
0 18 41 52 35 25 7 62 58 23 8 2 38 17 39 51 55 11 47 46 20 57 15 10 54 56 27 16 28 42 48 40 6 12 4 19 36 1 45 14 43 59 22 5 44 61 37 24 13 9 21 29 53 3 33 31 30 34 32 49 63 60 26 50
0 18 41 52 35 25 7 62 58 23 8 2 38 17 39 51 55 11 47 46 20 57 15 10 54 56 27 16 28 42 48 40 6 12 4 19 36 1 45 14 43 59 22 5 44 61 37 24 13 9 21 29 53 3 33 31 30 34 32 49 63 60 26 50
0 18 52 41 35 25 7 62 58 23 8 2 38 17 39 51 55 11 47 46 20 57 15 10 54 56 27 16 28 42 48 40 6 12 4 19 36 1 45 14 43 59 22 5 44 61 37 24 13 9 21 29 3 53 33 31 30 34 32 49 63 60 26 50
0 18 41 52 35 25 7 62 58 23 8 2 38 17 39 51 55 11 56 27 57 20 15 54 10 46 47 16 28 42 48 40 6 12 4 19 36 1 45 14 43 59 22 5 44 61 37 24 13 9 21 29 53 3 33 31 30 34 32 49 63 60 26 50
0 18 35 41 52 25 7 62 58 2 23 8 38 17 39 51 55 57 20 11 47 46 10 54 15 56 27 16 28 42 48 40 6 12 4 19 36 1 45 14 43 59 22 5 44 61 37 24 13 9 21 29 53 3 33 31 30 34 32 49 63 60 26 50
0 18 41 52 35 25 7 62 58 23 2 8 38 17 39 51 55 57 20 11 56 27 15 54 10 46 47 16 28 42 48 40 6 12 4 19 36 1 45 14 43 59 22 5 44 61 37 24 13 9 21 29 53 3 33 31 30 34 32 49 63 60 26 50
0 18 52 41 35 25 7 62 58 23 2 8 38 17 39 51 55 57 20 11 56 27 15 54 10 46 47 16 28 42 48 40 6 12 4 19 36 1 45 14 43 59 22 5 44 61 37 24 13 9 21 29 3 53 33 31 30 34 32 49 63 60 26 50
0 18 52 41 35 25 7 62 58 23 2 8 38 17 39 51 55 57 20 11 56 27 15 54 10 46 47 16 28 42 48 40 6 12 4 19 36 1 45 14 43 59 22 5 44 61 37 24 13 9 21 29 3 53 33 31 30 34 32 49 63 60 26 50
0 18 52 41 35 25 7 62 58 23 2 8 38 17 39 51 55 57 20 11 56 27 15 54 10 46 47 16 28 42 48 40 6 12 4 19 36 1 45 14 43 59 22 5 44 61 37 24 13 9 21 29 3 53 33 31 30 34 32 49 63 60 26 50
0 18 52 41 35 25 7 62 58 23 2 8 38 17 39 51 55 57 20 11 56 27 15 54 10 46 47 16 28 42 48 40 6 12 4 19 36 1 45 14 43 59 22 5 44 61 37 24 13 9 21 29 3 53 33 31 30 34 32 49 63 60 26 50
0 18 52 41 35 25 7 62 58 23 2 8 38 17 39 51 55 57 20 11 56 27 15 54 10 46 47 16 28 42 48 40 6 12 4 19 36 1 45 14 43 59 22 5 44 61 37 24 13 9 21 29 3 53 33 31 30 34 32 49 63 60 26 50
0 18 52 41 35 7 25 62 58 23 2 8 38 17 39 51 55 57 20 11 56 27 15 54 10 46 47 16 28 42 48 40 6 12 4 19 36 1 45 14 43 59 22 5 44 61 37 24 13 9 21 29 3 53 33 31 30 34 32 49 63 60 26 50
0 18 52 35 41 7 25 62 58 23 2 8 38 17 39 51 55 20 57 15 56 27 54 10 46 11 47 16 28 42 48 40 6 12 4 19 36 1 45 14 43 59 22 5 44 61 21 37 24 13 9 3 53 33 31 30 34 29 32 49 63 60 26 50
0 18 52 35 41 7 25 62 58 23 2 8 38 17 39 51 55 20 57 15 56 27 54 10 46 11 47 16 28 42 48 40 6 12 4 19 36 1 45 14 43 59 22 5 44 61 21 37 24 13 9 3 53 33 31 30 34 29 32 49 63 60 26 50
0 18 52 35 41 7 25 62 58 23 2 8 38 17 39 51 55 20 57 15 56 27 54 10 46 11 47 16 28 42 48 40 6 12 4 19 36 1 45 14 43 59 22 5 44 61 21 37 24 13 9 3 53 33 31 30 34 29 32 49 63 60 26 50
0 18 52 41 35 7 25 62 58 23 2 8 38 17 39 51 55 57 20 15 56 27 54 10 46 11 47 16 28 42 48 40 6 12 4 19 36 1 45 14 43 59 22 5 44 61 37 24 13 9 21 29 53 3 33 31 30 34 32 49 63 60 26 50
0 18 52 41 35 25 7 62 58 23 2 8 28 38 17 39 51 55 57 20 15 56 27 54 10 46 11 47 16 42 48 40 6 12 4 19 36 1 45 14 43 59 22 5 44 61 37 24 13 9 21 29 53 3 33 31 30 34 32 49 63 60 26 50
0 18 12 6 40 48 42 28 16 47 11 46 10 54 27 56 15 57 20 55 63 51 39 17 38 2 8 23 58 62 7 25 52 41 35 4 19 36 1 45 14 43 59 22 5 44 61 21 37 24 13 9 3 29 53 33 31 30 34 32 49 60 26 50
0 18 52 41 35 7 25 62 58 23 8 28 16 47 46 10 54 15 27 56 11 20 57 55 51 39 17 38 2 42 48 40 6 12 4 19 36 1 45 14 43 59 22 5 44 61 37 24 13 9 21 29 53 3 33 31 30 34 32 49 63 60 26 50
0 18 52 12 6 40 48 42 28 16 47 11 46 10 54 27 56 15 57 20 55 63 51 39 17 38 2 8 23 58 62 7 25 41 35 4 19 36 1 45 14 43 59 22 5 44 61 21 37 24 13 9 3 29 53 33 31 30 34 32 49 60 26 50
0 18 52 12 6 40 48 42 28 16 47 11 46 10 54 27 56 15 57 20 55 63 51 39 17 38 2 8 23 58 62 7 25 41 35 4 19 36 1 45 14 43 59 22 5 44 61 21 37 24 13 9 3 29 53 33 31 30 34 32 49 60 26 50
0 18 52 12 6 40 48 42 28 16 47 11 46 10 54 27 56 15 57 20 55 63 51 39 17 38 2 8 23 58 62 7 25 41 35 4 19 36 1 45 14 43 59 22 5 44 61 21 37 24 13 9 3 29 53 33 31 30 34 32 49 60 26 50
0 18 52 12 6 40 48 42 28 16 47 11 46 10 54 27 56 15 57 20 55 63 51 39 17 38 2 8 23 58 62 7 25 41 35 4 19 36 1 45 14 43 59 22 5 44 61 21 37 24 13 9 3 29 53 33 31 30 34 32 49 60 26 50
0 18 52 12 6 40 48 42 28 16 47 11 46 10 54 27 56 15 57 20 55 63 51 39 17 38 2 8 23 58 62 7 25 41 35 4 19 36 1 45 14 43 59 22 5 44 61 21 37 24 13 9 3 29 53 33 31 30 34 32 49 60 26 50
0 18 52 12 6 40 48 42 28 16 47 11 46 10 54 27 56 15 57 20 55 63 51 39 17 38 2 8 23 58 62 7 25 41 35 4 19 36 1 45 14 43 59 22 5 44 61 21 37 24 13 9 3 29 53 33 31 30 34 32 49 60 26 50
0 18 52 12 6 40 48 42 28 16 47 11 46 10 54 27 56 15 57 20 55 63 51 39 17 38 2 8 23 58 62 7 25 41 35 4 19 36 1 45 14 43 59 22 5 44 61 21 37 24 13 9 3 29 53 33 31 30 34 32 49 60 26 50
0 18 52 12 6 40 48 42 28 16 47 11 46 10 54 27 56 15 57 20 55 63 51 39 17 38 2 8 23 58 62 7 25 41 35 4 19 36 1 45 14 43 59 22 5 44 61 21 37 24 13 9 3 29 53 33 31 30 34 32 49 60 26 50
0 18 52 12 6 40 48 42 28 16 47 11 46 10 54 27 56 15 57 20 55 63 51 39 17 38 2 8 23 58 62 7 25 41 35 4 19 36 1 45 14 43 59 22 5 44 61 21 37 24 13 9 3 29 53 33 31 30 34 32 49 60 26 50
0 18 52 41 35 7 25 62 58 23 2 8 16 47 11 46 10 54 27 56 15 57 20 55 51 39 17 38 28 42 48 40 6 12 4 19 36 1 45 14 43 59 22 5 44 9 13 24 37 61 21 29 3 53 33 31 30 34 32 49 63 60 26 50
0 18 52 41 35 7 25 62 58 23 2 8 16 47 11 46 10 54 27 56 15 57 20 55 51 39 17 38 28 42 48 40 6 12 4 19 36 1 45 14 43 59 22 5 44 9 13 24 37 61 21 29 3 53 33 31 30 34 32 49 63 60 26 50
0 18 52 41 35 7 25 62 58 23 2 8 16 47 11 46 10 54 27 56 15 57 20 55 51 39 17 38 28 42 48 40 6 12 4 19 36 1 45 14 43 59 22 5 44 9 13 24 37 61 21 29 3 53 33 31 30 34 32 49 63 60 26 50
0 18 52 41 35 7 25 62 58 23 2 8 16 47 11 46 10 54 27 56 15 57 20 55 51 39 17 38 28 42 48 40 6 12 4 19 36 1 45 14 43 59 22 5 44 9 13 24 37 61 21 29 3 53 33 31 30 34 32 49 63 60 26 50
0 18 52 41 35 7 25 62 58 23 2 8 16 47 11 46 10 54 27 56 15 57 20 55 51 39 17 38 28 42 48 40 6 12 4 19 36 1 45 14 43 59 22 5 44 9 13 24 37 61 21 29 3 53 33 31 30 34 32 49 63 60 26 50
0 18 52 41 35 7 25 62 58 23 2 8 16 47 11 46 10 54 27 56 15 57 20 55 51 39 17 38 28 42 48 40 6 12 4 19 36 1 45 14 43 59 22 5 44 9 13 24 37 61 21 29 3 53 33 31 30 34 32 49 63 60 26 50
0 18 52 41 35 7 25 62 58 23 2 8 16 47 11 46 10 54 27 56 15 57 20 55 51 39 17 38 28 42 48 40 6 12 4 19 36 1 45 14 43 59 22 5 44 9 13 24 37 61 21 29 3 53 33 31 30 34 32 49 63 60 26 50
0 18 52 41 12 6 40 48 42 16 47 11 46 10 54 27 56 15 20 57 55 51 39 17 38 28 8 2 23 58 62 7 25 35 4 19 36 1 45 14 43 59 22 5 44 61 37 24 13 9 21 29 53 3 33 31 30 34 32 49 63 60 26 50
0 18 52 41 12 6 40 48 42 16 47 11 46 10 54 27 56 15 20 57 55 51 39 17 38 28 8 2 23 58 62 7 25 35 4 19 36 1 45 14 43 59 22 5 44 61 37 24 13 9 21 29 53 3 33 31 30 34 32 49 63 60 26 50
0 18 52 41 12 6 40 48 42 16 47 11 46 10 54 27 56 15 20 57 55 51 39 17 38 28 8 2 23 58 62 7 25 35 4 19 36 1 45 14 43 59 22 5 44 61 37 24 13 9 21 29 53 3 33 31 30 34 32 49 63 60 26 50
0 18 52 41 12 6 40 48 42 16 47 11 46 10 54 27 56 15 20 57 55 51 39 17 38 28 8 2 23 58 62 7 25 35 4 19 36 1 45 14 43 59 22 5 44 61 37 24 13 9 21 29 53 3 33 31 30 34 32 49 63 60 26 50
0 18 52 41 12 6 40 48 42 16 47 11 46 10 54 27 56 15 20 57 55 51 39 17 38 28 8 2 23 58 62 7 25 35 4 19 36 1 45 14 43 59 22 5 44 61 37 24 13 9 21 29 3 53 33 31 30 34 32 49 63 60 26 50
0 18 52 35 41 25 7 62 58 23 2 8 28 38 17 39 51 55 57 20 15 56 27 54 10 46 11 47 16 42 48 40 6 12 4 19 36 1 45 14 43 59 22 5 44 9 13 61 21 37 24 29 3 53 33 31 30 34 32 49 63 60 26 50
0 18 52 35 41 25 7 62 58 23 2 8 28 38 17 39 51 55 57 20 15 56 27 54 10 46 11 47 16 42 48 40 6 12 4 19 36 1 45 14 43 59 22 5 44 9 13 61 21 37 24 29 3 53 33 31 30 34 32 49 63 60 26 50
0 18 52 35 41 25 7 62 58 23 2 8 28 38 17 39 51 55 57 20 15 56 27 54 10 46 11 47 16 42 48 40 6 12 4 19 36 1 45 14 43 59 22 5 44 9 13 61 21 37 24 29 3 53 33 31 30 34 32 49 63 60 26 50
0 18 52 35 41 25 7 62 58 23 2 8 28 38 17 39 51 55 57 20 15 56 27 54 10 46 11 47 16 42 48 40 6 12 4 19 36 1 45 14 43 59 22 5 44 9 13 61 21 37 24 29 3 53 33 31 30 34 32 49 63 60 26 50
0 18 52 35 41 25 7 62 58 23 2 8 28 38 17 39 51 55 57 20 15 56 27 54 10 46 11 47 16 42 48 40 6 12 4 19 36 1 45 14 43 59 22 5 44 9 13 61 21 37 24 29 3 53 33 31 30 34 32 49 63 60 26 50
0 18 52 35 41 7 25 62 58 23 2 8 28 38 17 39 51 55 57 20 56 27 15 54 10 46 11 47 16 42 48 40 6 12 4 19 36 1 45 14 43 59 22 5 44 9 13 61 37 24 21 29 53 3 33 31 30 34 32 49 63 60 26 50
0 18 52 35 41 7 25 62 58 23 2 8 28 38 17 39 51 55 57 20 56 27 15 54 10 46 11 47 16 42 48 40 6 12 4 19 36 1 45 14 43 59 22 5 44 9 13 61 37 24 21 29 53 3 33 31 30 34 32 49 63 60 26 50
0 18 52 35 41 7 25 62 58 23 2 8 28 38 17 39 51 55 57 20 56 27 15 54 10 46 11 47 16 42 48 40 6 12 4 19 36 1 45 14 43 59 22 5 44 9 13 61 37 24 21 29 53 3 33 31 30 34 32 49 63 60 26 50
0 18 52 35 41 7 25 62 58 23 2 8 28 38 17 39 51 55 57 20 56 27 15 54 10 46 11 47 16 42 48 40 6 12 4 19 36 1 45 14 43 59 22 5 44 9 13 61 37 24 21 29 53 3 33 31 30 34 32 49 63 60 26 50
0 18 52 35 41 7 25 62 58 23 2 8 28 38 17 39 51 55 57 20 56 27 15 54 10 46 11 47 16 42 48 40 6 12 4 19 36 1 45 14 43 59 22 5 44 9 13 61 37 24 21 29 53 3 33 31 30 34 32 49 63 60 26 50
0 18 52 35 41 7 25 62 58 23 2 8 28 38 17 39 51 55 57 20 15 56 27 54 10 46 11 47 16 42 48 40 6 12 4 19 36 1 45 14 43 59 22 5 44 9 13 61 21 37 24 29 3 53 33 31 30 34 32 49 63 60 26 50
0 18 52 35 41 7 25 62 58 23 2 8 28 38 17 39 51 55 57 20 15 56 27 54 10 46 11 47 16 42 48 40 6 12 4 19 36 1 45 14 43 59 22 5 44 9 13 61 21 37 24 29 3 53 33 31 30 34 32 49 63 60 26 50
0 18 52 35 41 7 25 62 58 23 2 8 28 38 17 39 51 55 57 20 15 56 27 54 10 46 11 47 16 42 48 40 6 12 4 19 36 1 45 14 43 59 22 5 44 9 13 61 21 37 24 29 3 53 33 31 30 34 32 49 63 60 26 50
0 18 52 41 35 7 25 62 58 23 2 8 28 38 17 39 51 55 57 20 15 10 54 27 56 46 11 47 16 42 48 40 6 12 4 19 36 1 45 14 43 59 22 5 44 9 13 61 37 24 21 29 53 3 33 31 30 34 32 49 63 60 26 50
0 18 52 41 35 7 25 62 58 23 2 8 28 38 17 39 51 55 57 20 15 10 54 27 56 46 11 47 16 42 48 40 6 12 4 19 36 1 45 14 43 59 22 5 44 9 13 61 37 24 21 29 53 3 33 31 30 34 32 49 63 60 26 50
0 18 52 41 35 7 25 62 58 23 2 8 28 38 17 39 51 55 57 20 15 10 54 27 56 46 11 47 16 42 48 40 6 12 4 19 36 1 45 14 43 59 22 5 44 9 13 61 37 24 21 29 53 3 33 31 30 34 32 49 63 60 26 50
0 18 52 35 41 25 7 62 58 23 2 8 28 38 17 39 51 55 57 20 15 10 54 27 56 46 11 47 16 42 48 40 6 12 4 19 36 1 45 14 43 59 22 5 44 9 13 61 21 37 24 29 53 3 33 31 30 34 32 49 63 60 26 50
0 18 52 35 41 7 25 62 58 23 2 8 28 38 17 39 51 55 57 20 15 10 54 27 56 46 11 47 16 42 48 40 6 12 4 19 36 1 45 14 43 59 22 5 44 9 13 61 37 24 21 29 3 53 33 31 30 34 32 49 63 60 26 50
0 52 18 41 35 7 25 38 62 58 23 2 8 28 17 39 51 55 57 20 15 10 54 56 27 46 11 47 16 42 48 40 6 12 4 19 36 1 45 14 43 59 22 5 44 9 13 61 37 24 21 29 53 3 33 31 30 34 32 49 63 60 26 50
0 52 18 41 35 7 25 38 62 58 23 2 8 28 17 39 51 55 57 20 15 10 54 56 27 46 11 47 16 42 48 40 6 12 4 19 36 1 45 14 43 59 22 5 44 9 13 61 37 24 21 29 53 3 33 31 30 34 32 49 63 60 26 50
0 52 18 41 35 7 25 38 62 58 23 2 8 28 17 39 51 55 57 20 15 10 54 56 27 46 11 47 16 42 48 40 6 12 4 19 36 1 45 14 43 59 22 5 44 9 13 61 37 24 21 29 53 3 33 31 30 34 32 49 63 60 26 50
0 18 52 35 41 25 7 62 58 23 2 8 28 38 17 39 51 57 55 20 15 10 54 27 56 46 11 47 16 42 48 40 6 12 4 19 36 1 45 14 43 59 22 5 44 9 13 61 21 37 24 29 3 53 33 31 30 34 32 49 63 60 26 50
0 18 52 35 41 25 7 62 58 23 2 8 28 38 17 39 51 57 55 20 15 10 54 27 56 46 11 47 16 42 48 40 6 12 4 19 36 1 45 14 43 59 22 5 44 9 13 61 21 37 24 29 3 53 33 31 30 34 32 49 63 60 26 50
0 18 52 35 41 7 25 62 58 23 2 8 28 38 17 39 51 55 57 20 15 10 54 56 27 46 11 47 16 42 48 40 6 12 4 19 36 1 45 14 43 59 22 5 44 9 13 61 21 37 24 29 3 53 33 31 30 34 32 49 63 60 26 50
0 18 52 35 41 7 25 62 58 23 2 8 28 38 17 39 51 55 57 20 15 10 54 56 27 46 11 47 16 42 48 40 6 12 4 19 36 1 45 14 43 59 22 5 44 9 13 61 21 37 24 29 3 53 33 31 30 34 32 49 63 60 26 50
0 18 52 35 41 7 25 62 58 23 2 8 28 38 17 39 51 57 55 20 15 10 54 27 56 46 11 47 16 42 48 40 6 12 4 19 36 1 45 14 43 59 22 5 44 9 13 61 21 37 24 29 3 53 33 31 30 34 32 49 63 60 26 50
0 18 52 35 41 7 25 62 58 23 2 8 28 38 17 39 51 57 55 20 15 10 54 27 56 46 11 47 16 42 48 40 6 12 4 19 36 1 45 14 43 59 22 5 44 9 13 61 21 37 24 29 3 53 33 31 30 34 32 49 63 60 26 50
0 18 52 35 41 7 25 38 62 58 23 2 8 28 17 39 51 55 57 20 15 10 54 56 27 46 11 47 16 42 48 40 6 12 4 19 36 1 45 14 43 59 22 5 44 9 13 61 37 24 21 29 3 53 33 31 30 34 32 49 63 60 26 50
0 18 52 35 41 7 25 38 62 58 23 2 8 28 17 39 51 55 57 20 15 10 54 56 27 46 11 47 16 42 48 40 6 12 4 19 36 1 45 14 43 59 22 5 44 9 13 61 37 24 21 29 3 53 33 31 30 34 32 49 63 60 26 50
0 18 52 35 41 7 25 38 62 58 23 2 8 28 17 39 51 55 57 20 15 10 54 56 27 46 11 47 16 42 48 40 6 12 4 19 36 1 45 14 43 59 22 5 44 9 13 61 37 24 21 29 3 53 33 31 30 34 32 49 63 60 26 50
0 18 52 35 41 7 25 38 62 58 23 2 8 28 17 39 51 55 57 20 15 10 54 56 27 46 11 47 16 42 48 40 6 12 4 19 36 1 45 14 43 59 22 5 44 9 13 61 37 24 21 29 3 53 33 31 30 34 32 49 63 60 26 50
0 18 52 35 41 7 25 62 58 23 2 8 28 38 17 39 51 55 57 20 15 10 54 27 56 46 11 47 16 42 48 40 6 12 4 19 36 1 45 14 43 59 22 5 44 9 13 61 21 24 37 29 3 53 33 31 30 34 32 49 63 60 26 50
0 18 52 12 6 40 48 42 16 47 11 46 56 27 54 10 15 20 57 55 51 39 17 38 28 8 2 23 58 62 25 7 35 41 4 19 36 1 45 14 43 59 22 5 44 9 13 61 21 37 24 29 3 53 33 31 30 34 32 49 63 60 26 50
0 18 52 12 6 40 48 42 16 47 11 46 56 27 54 10 15 20 57 55 51 39 17 38 28 8 2 23 58 62 25 7 35 41 4 19 36 1 45 14 43 59 22 5 44 9 13 61 21 37 24 29 3 53 33 31 30 34 32 49 63 60 26 50
0 18 52 41 35 25 7 62 38 58 23 2 8 28 17 39 51 55 57 20 15 10 54 56 27 46 11 47 16 42 48 40 6 12 4 19 36 1 45 14 43 59 22 5 44 9 13 61 21 24 37 29 3 53 33 31 30 34 32 49 63 60 26 50
0 18 52 41 35 25 7 62 38 58 23 2 8 28 17 39 51 55 57 20 15 10 54 56 27 46 11 47 16 42 48 40 6 12 4 19 36 1 45 14 43 59 22 5 44 9 13 61 21 24 37 29 3 53 33 31 30 34 32 49 63 60 26 50
0 18 52 41 35 25 7 62 38 58 23 2 8 28 17 39 51 55 57 20 15 10 54 56 27 46 11 47 16 42 48 40 6 12 4 19 36 1 45 14 43 59 22 5 44 9 13 61 21 24 37 29 3 53 33 31 30 34 32 49 63 60 26 50
0 18 52 41 35 25 7 62 38 58 23 2 8 28 17 39 51 55 57 20 15 10 54 56 27 46 11 47 16 42 48 40 6 12 4 19 36 1 45 14 43 59 22 5 44 9 13 61 21 24 37 29 3 53 33 31 30 34 32 49 63 60 26 50
0 18 52 41 35 25 7 62 38 58 23 2 8 28 17 39 51 55 57 20 15 10 54 56 27 46 11 47 16 42 48 40 6 12 4 19 36 1 45 14 43 59 22 5 44 9 13 61 21 24 37 29 3 53 33 31 30 34 32 49 63 60 26 50
0 18 52 35 41 7 25 62 58 23 2 8 28 38 17 39 51 57 55 20 15 10 54 56 27 46 11 47 16 42 48 40 6 12 4 19 36 1 45 14 43 59 22 5 44 9 13 61 21 24 37 29 3 53 33 31 30 34 32 49 63 60 26 50
0 18 52 35 41 7 25 62 58 23 2 8 28 38 17 39 51 57 55 20 15 10 54 56 27 46 11 47 16 42 48 40 6 12 4 19 36 1 45 14 43 59 22 5 44 9 13 61 21 24 37 29 3 53 33 31 30 34 32 49 63 60 26 50
0 18 52 35 41 7 25 62 38 58 23 2 8 28 17 39 51 57 55 20 15 10 54 56 27 46 11 47 16 42 48 40 6 12 4 19 36 1 45 14 43 59 22 5 44 9 13 61 21 37 24 29 3 53 33 31 30 34 32 49 63 60 26 50
0 18 52 35 41 7 25 62 38 58 23 2 8 28 17 39 51 57 55 20 15 10 54 56 27 46 11 47 16 42 48 40 6 12 4 19 36 1 45 14 43 59 22 5 44 9 13 61 21 37 24 29 3 53 33 31 30 34 32 49 63 60 26 50
0 18 52 35 41 7 25 62 38 58 23 2 8 28 17 39 51 57 55 20 15 10 54 56 27 46 11 47 16 42 48 40 6 12 4 19 36 1 45 14 43 59 22 5 44 9 13 61 21 37 24 29 3 53 33 31 30 34 32 49 63 60 26 50
0 18 52 35 41 7 25 62 38 58 23 2 8 28 17 39 51 55 57 20 15 10 54 56 27 46 11 47 16 42 48 40 6 12 4 19 36 1 45 14 43 59 22 5 44 9 13 61 21 24 37 29 3 53 33 31 30 34 32 49 63 60 26 50
0 18 52 35 41 7 25 62 38 58 23 2 8 28 17 39 51 55 57 20 15 10 54 56 27 46 11 47 16 42 48 40 6 12 4 19 36 1 45 14 43 59 22 5 44 9 13 61 21 24 37 29 3 53 33 31 30 34 32 49 63 60 26 50
0 18 52 35 41 7 25 62 38 58 23 2 8 28 17 39 51 55 57 20 15 10 54 56 27 46 11 47 16 42 48 40 6 12 4 19 36 1 45 14 43 59 22 5 44 9 13 61 21 24 37 29 3 53 33 31 30 34 32 49 63 60 26 50
0 18 52 35 41 7 25 62 38 58 23 2 8 28 17 39 51 55 57 20 15 10 54 56 27 46 11 47 16 42 48 40 6 12 4 19 36 1 45 14 43 59 22 5 44 9 13 61 21 24 37 29 3 53 33 31 30 34 32 49 63 60 26 50
0 18 52 35 41 7 25 62 38 58 23 2 8 28 17 39 51 55 57 20 15 10 54 56 27 46 11 47 16 42 48 40 6 12 4 19 36 1 45 14 43 59 22 5 44 9 13 61 21 24 37 29 3 53 33 31 30 34 32 49 63 60 26 50
0 18 52 35 41 7 25 62 38 58 23 2 8 28 17 39 51 55 57 20 15 10 54 56 46 27 11 47 16 42 48 40 6 12 4 19 36 1 45 14 43 59 22 5 44 9 13 61 21 24 37 29 3 53 33 31 30 34 32 49 63 60 26 50
0 18 52 35 12 6 40 48 42 16 47 11 46 56 27 54 10 15 20 55 57 51 39 17 38 28 8 2 23 58 62 25 7 41 4 19 36 1 45 14 43 59 22 5 44 9 13 61 21 37 24 29 3 53 33 31 30 34 32 49 63 60 26 50
0 18 52 35 41 7 25 62 38 58 23 2 8 28 17 39 51 57 55 20 15 10 54 27 56 46 11 47 16 42 48 40 6 12 4 19 36 1 45 14 43 59 22 5 44 9 13 61 21 24 37 29 3 53 33 31 30 34 32 49 63 60 26 50
0 18 52 35 41 7 25 62 38 58 23 2 8 28 17 39 51 57 55 20 15 10 54 27 56 46 11 47 16 42 48 40 6 12 4 19 36 1 45 14 43 59 22 5 44 9 13 61 21 24 37 29 3 53 33 31 30 34 32 49 63 60 26 50
0 18 52 35 41 7 25 62 38 58 23 2 8 28 17 39 51 57 55 20 15 10 54 27 56 46 11 47 16 42 48 40 6 12 4 19 36 1 45 14 43 59 22 5 44 9 13 61 21 24 37 29 3 53 33 31 30 34 32 49 63 60 26 50
0 18 52 7 25 62 58 23 2 8 28 38 17 39 51 55 57 20 15 10 54 56 27 46 11 47 16 42 48 40 6 12 41 35 4 19 36 1 45 14 43 59 22 5 44 9 13 61 21 37 24 29 53 3 33 31 30 34 32 49 63 60 26 50
0 18 52 7 25 62 58 23 2 8 28 38 17 39 51 55 57 20 15 10 54 56 27 46 11 47 16 42 48 40 6 12 41 35 4 19 36 1 45 14 43 59 22 5 44 9 13 61 21 37 24 29 53 3 33 31 30 34 32 49 63 60 26 50
0 18 52 7 25 62 58 23 2 8 28 38 17 39 51 55 57 20 15 10 54 56 27 46 11 47 16 42 48 40 6 12 41 35 4 19 36 1 45 14 43 59 22 5 44 9 13 61 21 37 24 29 53 3 33 31 30 34 32 49 63 60 26 50
0 18 52 7 25 62 58 23 2 8 28 38 17 39 51 55 57 20 15 10 54 56 27 46 11 47 16 42 48 40 6 12 41 35 4 19 36 1 45 14 43 59 22 5 44 9 13 61 21 37 24 29 53 3 33 31 30 34 32 49 63 60 26 50
0 18 52 7 25 62 58 23 2 8 28 38 17 39 51 55 57 20 15 10 54 56 27 46 11 47 16 42 48 40 6 12 41 35 4 19 36 1 45 14 43 59 22 5 44 9 13 61 21 37 24 29 53 3 33 31 30 34 32 49 63 60 26 50
0 18 52 7 25 62 58 23 2 8 28 38 17 39 51 55 57 20 15 10 54 56 27 46 11 47 16 42 48 40 6 12 41 35 4 19 36 1 45 14 43 59 22 5 44 9 13 61 21 37 24 29 53 3 33 31 30 34 32 49 63 60 26 50
0 18 52 7 25 62 58 23 2 8 28 38 17 39 51 55 57 20 15 10 54 56 27 46 11 47 16 42 48 40 6 12 41 35 4 19 36 1 45 14 43 59 22 5 44 9 13 61 21 37 24 29 53 3 33 31 30 34 32 49 63 60 26 50
0 18 52 7 25 62 58 23 2 8 28 38 17 39 51 55 57 20 15 10 54 56 27 46 11 47 16 42 48 40 6 12 41 35 4 19 36 1 45 14 43 59 22 5 44 9 13 61 21 37 24 29 53 3 33 31 30 34 32 49 63 60 26 50
0 18 52 35 41 7 25 62 38 58 23 2 8 28 17 39 51 55 57 20 46 10 15 54 56 27 11 47 16 42 48 40 6 12 4 19 36 1 45 14 43 59 22 5 44 9 13 61 21 24 37 29 3 53 33 31 30 34 32 49 63 60 26 50
0 18 52 35 41 7 25 62 38 58 23 2 8 28 17 39 51 55 57 20 46 10 15 54 56 27 11 47 16 42 48 40 6 12 4 19 36 1 45 14 43 59 22 5 44 9 13 61 21 24 37 29 3 53 33 31 30 34 32 49 63 60 26 50
0 18 52 35 41 7 25 62 38 58 23 2 8 28 17 39 51 55 57 20 46 10 15 54 56 27 11 47 16 42 48 40 6 12 4 19 36 1 45 14 43 59 22 5 44 9 13 61 21 24 37 29 3 53 33 31 30 34 32 49 63 60 26 50
0 18 52 35 41 7 25 62 38 58 23 2 8 28 17 39 51 55 57 20 46 10 15 54 56 27 11 47 16 42 48 40 6 12 4 19 36 1 45 14 43 59 22 5 9 44 13 61 21 24 37 29 3 53 33 31 30 34 32 49 63 60 26 50
0 18 52 35 41 7 25 62 38 58 23 2 8 28 17 39 51 55 57 20 46 10 15 54 56 27 11 47 16 42 48 40 6 12 4 19 36 1 45 14 43 59 22 5 9 44 13 61 21 24 37 29 3 53 33 31 30 34 32 49 63 60 26 50
0 18 52 35 41 7 25 62 38 58 23 2 8 28 17 39 51 57 55 20 46 10 15 54 56 27 11 47 16 42 48 40 6 12 4 19 36 1 45 14 43 59 22 5 44 9 13 61 21 24 37 29 3 53 33 31 30 34 32 49 63 60 26 50
0 18 52 35 41 7 25 62 38 58 23 2 8 28 17 39 51 57 55 20 46 10 15 54 56 27 11 47 16 42 48 40 6 12 4 19 36 1 45 14 43 59 22 5 44 9 13 61 21 24 37 29 3 53 33 31 30 34 32 49 63 60 26 50
0 18 52 35 41 7 25 62 38 58 23 2 8 28 17 39 51 57 55 20 46 10 15 54 56 27 11 47 16 42 48 40 6 12 4 19 36 1 45 14 43 59 22 5 44 9 13 61 21 24 37 29 3 53 33 31 30 34 32 49 63 60 26 50
0 18 52 35 41 7 25 62 38 58 23 2 8 28 17 39 51 57 55 20 46 10 15 54 56 27 11 47 16 42 48 40 6 12 4 19 36 1 45 14 43 59 22 5 44 9 13 61 21 24 37 29 3 53 33 31 30 34 32 49 63 60 26 50
0 18 52 35 41 7 25 62 38 58 23 2 8 28 17 39 51 57 55 20 46 10 15 54 56 27 11 47 16 42 48 40 6 12 4 19 36 1 45 14 43 59 22 5 44 9 13 61 21 24 37 29 3 53 33 31 30 34 32 49 63 60 26 50
0 18 52 35 41 7 25 62 38 58 23 2 8 28 17 39 51 57 55 20 46 10 15 54 56 27 11 47 16 42 48 40 6 12 4 19 36 1 45 14 43 59 22 5 44 9 13 61 21 24 37 29 3 53 33 31 30 34 32 49 63 60 26 50
0 18 52 35 41 7 25 62 38 58 23 2 8 28 17 39 51 57 55 20 46 10 15 54 56 27 11 47 16 42 48 40 6 12 4 19 36 1 45 14 43 59 22 5 44 9 13 61 21 24 37 29 3 53 33 31 30 34 32 49 63 60 26 50
0 18 52 35 41 7 25 62 38 58 23 2 8 28 17 39 51 57 55 20 46 10 15 54 56 27 11 47 16 42 48 40 6 12 4 19 36 1 45 14 43 59 22 5 9 44 13 61 21 24 37 29 3 53 33 31 30 34 32 49 63 60 26 50
0 18 52 35 41 7 25 62 38 58 23 2 8 28 17 39 63 49 32 34 30 31 33 53 3 29 37 24 21 61 13 9 44 5 22 59 43 14 45 1 36 19 4 12 6 40 48 42 16 47 11 27 56 54 15 10 46 20 55 57 51 60 26 50
0 18 52 35 41 7 25 62 38 58 23 2 8 28 17 39 63 49 32 34 30 31 33 53 3 29 37 24 21 61 13 9 44 5 22 59 43 14 45 1 36 19 4 12 6 40 48 42 16 47 11 27 56 54 15 10 46 20 55 57 51 60 26 50
0 18 52 35 41 7 25 62 38 58 23 2 8 28 17 39 63 49 32 34 30 31 33 53 3 29 37 24 21 61 13 9 44 5 22 59 43 14 45 1 36 19 4 12 6 40 48 42 16 47 11 27 56 54 15 10 46 20 55 57 51 60 26 50
0 18 52 35 41 7 25 62 38 58 23 2 8 28 17 39 63 49 32 34 30 31 33 53 3 29 37 24 21 61 13 9 44 5 22 59 43 14 45 1 36 19 4 12 6 40 48 42 16 47 11 27 56 54 15 10 46 20 55 57 51 60 26 50
0 18 52 35 41 7 25 62 38 58 23 2 8 28 17 39 63 49 32 34 30 31 33 53 3 29 37 24 21 61 13 9 44 5 22 59 43 14 45 1 36 19 4 12 6 40 48 42 16 47 11 27 56 54 15 10 46 20 55 57 51 60 26 50
0 18 52 35 41 7 25 62 38 58 23 2 8 28 17 39 63 49 32 34 30 31 33 53 3 29 37 24 21 61 13 9 44 5 22 59 43 14 45 1 36 19 4 12 6 40 48 42 16 47 11 27 56 54 15 10 46 20 55 57 51 60 26 50
0 18 52 35 41 7 25 62 38 58 23 2 8 28 17 39 63 49 32 34 30 31 33 53 3 29 37 24 21 61 13 9 44 5 22 59 43 14 45 1 36 19 4 12 6 40 48 42 16 47 11 27 56 54 15 10 46 20 55 57 51 60 26 50
0 18 52 35 41 7 25 62 38 58 23 2 8 28 17 39 63 49 32 34 30 31 33 53 3 29 37 24 21 61 13 9 44 5 22 59 43 14 45 1 36 19 4 12 6 40 48 42 16 47 11 27 56 54 15 10 46 20 55 57 51 60 26 50
0 18 52 35 41 7 25 62 38 58 23 2 8 28 17 39 63 49 32 34 30 31 33 53 3 29 37 24 21 61 13 9 44 5 22 59 43 14 45 1 36 19 4 12 6 40 48 42 16 47 11 27 56 54 15 10 46 20 55 57 51 60 26 50
0 18 52 41 35 7 25 62 38 58 23 2 8 28 17 39 51 63 49 32 34 30 31 57 55 20 46 10 15 54 56 27 11 47 16 42 48 40 6 12 4 19 36 1 45 14 43 59 22 5 44 13 9 61 21 24 37 29 3 53 33 60 26 50
0 18 52 41 35 7 25 62 38 58 23 2 8 28 17 39 51 31 30 34 32 49 63 55 57 20 46 10 15 54 56 27 11 47 16 42 48 40 6 12 4 19 36 1 45 14 43 59 22 5 44 13 9 61 21 24 37 29 3 53 33 60 26 50
0 18 52 41 35 7 25 62 38 58 23 2 8 28 17 39 51 31 30 34 32 49 63 55 57 20 46 10 15 54 56 27 11 47 16 42 48 40 6 12 4 19 36 1 45 14 43 59 22 5 44 13 9 61 21 24 37 29 3 53 33 60 26 50
0 18 52 41 35 7 25 62 38 58 23 2 8 28 17 39 51 31 30 34 32 49 63 55 57 20 46 10 15 54 56 27 11 47 16 42 48 40 6 12 4 19 36 1 45 14 43 59 22 5 44 13 9 61 21 24 37 29 3 53 33 60 26 50
0 18 52 41 35 7 25 62 38 58 23 2 8 28 17 39 51 31 30 34 32 49 63 55 57 20 46 10 15 54 56 27 11 47 16 42 48 40 6 12 4 19 36 1 45 14 43 59 22 5 44 13 9 61 21 24 37 29 3 53 33 60 26 50
0 18 52 35 41 7 25 62 38 58 23 2 8 28 17 39 51 63 49 32 34 30 31 57 55 20 46 10 15 54 56 27 11 47 16 42 48 40 6 12 4 19 36 1 45 14 43 59 22 5 44 13 9 61 21 24 37 29 3 53 33 60 26 50
0 18 52 35 41 7 25 62 38 58 23 2 8 28 17 39 51 63 49 32 34 30 57 55 20 46 10 15 54 56 27 11 47 16 42 48 40 6 12 4 19 36 1 45 14 43 59 22 5 44 9 13 61 21 24 37 29 53 3 33 31 60 26 50
0 18 52 35 41 7 25 62 38 58 23 2 8 28 17 39 51 31 30 34 32 49 63 55 57 20 46 10 15 54 56 27 11 47 16 42 48 40 6 12 4 19 36 1 45 14 43 59 22 5 44 13 9 61 21 24 37 29 3 53 33 60 26 50
0 18 52 35 41 7 25 62 38 58 23 2 8 28 17 39 51 31 30 34 32 49 63 55 57 20 46 10 15 54 56 27 11 47 16 42 48 40 6 12 4 19 36 1 45 14 43 59 22 5 44 13 9 61 21 24 37 29 3 53 33 60 26 50
0 18 52 35 41 7 25 62 38 58 23 2 8 28 17 39 51 63 49 32 34 30 57 55 20 46 10 15 54 56 27 11 47 16 42 48 40 6 12 4 19 36 1 45 14 43 59 22 5 44 9 13 61 21 24 37 29 3 53 33 31 60 26 50
0 18 52 35 41 7 25 62 38 58 23 2 8 28 17 39 51 63 49 32 34 30 57 55 20 46 10 15 54 56 27 11 47 16 42 48 40 6 12 4 19 36 1 45 14 43 59 22 5 44 9 13 61 21 24 37 29 3 53 33 31 60 26 50
0 18 52 35 41 7 25 62 38 58 23 2 8 28 17 39 51 63 49 32 34 30 57 55 20 46 10 15 54 56 27 11 47 16 42 48 40 6 12 4 19 36 1 45 14 43 59 22 5 44 9 13 61 21 24 37 29 3 53 33 31 60 26 50
0 18 52 35 41 7 25 62 38 58 23 2 8 28 17 39 51 63 49 32 34 30 57 55 20 46 10 15 54 56 27 11 47 16 42 48 40 6 12 4 19 36 1 45 14 43 59 22 5 9 44 13 61 21 24 37 29 3 53 33 31 60 26 50
0 18 52 35 41 7 25 62 38 58 23 2 8 28 17 39 51 63 49 32 34 30 57 55 20 46 10 15 54 56 27 11 47 16 42 48 40 6 12 4 19 36 1 45 14 43 59 22 5 9 44 13 61 21 24 37 29 3 53 33 31 60 26 50
0 18 52 35 41 7 25 62 38 58 23 2 8 28 17 39 51 63 49 32 34 30 57 55 20 46 10 15 54 56 27 11 47 16 42 48 40 6 12 4 19 36 1 45 14 43 59 22 5 9 44 13 61 21 24 37 29 3 53 33 31 60 26 50
0 18 52 35 41 7 25 62 38 58 23 2 8 28 17 39 51 63 49 32 34 30 57 55 20 46 10 15 54 56 27 11 47 16 42 48 40 6 12 4 19 36 1 45 14 43 59 22 5 9 44 13 61 21 24 37 29 3 53 33 31 60 26 50
0 18 52 35 41 7 25 62 38 58 23 2 8 28 17 39 51 63 49 32 34 30 57 55 20 46 10 15 54 56 27 11 47 16 42 48 40 6 12 4 19 36 1 45 14 43 59 22 5 9 44 13 61 21 24 37 29 3 53 33 31 60 26 50
0 18 52 35 12 6 40 48 42 16 47 11 56 27 54 15 10 46 20 57 55 63 49 32 34 30 31 51 39 17 28 8 2 23 58 38 62 25 7 41 4 19 36 1 45 14 43 59 22 5 44 9 13 61 21 24 37 29 53 3 33 60 26 50
0 18 52 35 12 6 40 48 42 16 47 11 56 27 54 15 10 46 20 57 55 63 49 32 34 30 31 51 39 17 28 8 2 23 58 38 62 25 7 41 4 19 36 1 45 14 43 59 22 5 44 9 13 61 21 24 37 29 53 3 33 60 26 50
0 18 52 35 12 6 40 48 42 16 47 11 56 27 54 15 10 46 20 57 55 63 49 32 34 30 31 51 39 17 28 8 2 23 58 38 62 25 7 41 4 19 36 1 45 14 43 59 22 5 44 9 13 61 21 24 37 29 53 3 33 60 26 50
0 18 52 35 12 6 40 48 42 16 47 11 56 27 54 15 10 46 20 57 55 63 49 32 34 30 31 51 39 17 28 8 2 23 58 38 62 25 7 41 4 19 36 1 45 14 43 59 22 5 44 9 13 61 21 24 37 29 53 3 33 60 26 50
0 18 52 35 12 6 40 48 42 16 47 11 56 27 54 15 10 46 20 57 55 63 49 32 34 30 31 51 39 17 28 8 2 23 58 38 62 25 7 41 4 19 36 1 45 14 43 59 22 5 44 9 13 61 21 24 37 29 53 3 33 60 26 50
0 18 52 35 12 6 40 48 42 16 47 11 56 27 54 15 10 46 20 57 55 63 49 32 34 30 31 51 39 17 28 8 2 23 58 38 62 25 7 41 4 19 36 1 45 14 43 59 22 5 44 9 13 61 21 24 37 29 53 3 33 60 26 50
0 18 52 35 12 6 40 48 42 16 47 11 56 27 54 15 10 46 20 57 55 63 49 32 34 30 31 51 39 17 28 8 2 23 58 38 62 25 7 41 4 19 36 1 45 14 43 59 22 5 44 9 13 61 21 24 37 29 53 3 33 60 26 50
0 18 52 35 12 6 40 48 42 16 47 11 56 27 54 15 10 46 20 57 55 63 49 32 34 30 31 51 39 17 28 8 2 23 58 38 62 25 7 41 4 19 36 1 45 14 43 59 22 5 44 9 13 61 21 24 37 29 53 3 33 60 26 50
0 18 52 35 12 6 40 48 42 16 47 11 56 27 54 15 10 46 20 57 55 63 49 32 34 30 31 51 39 17 28 8 2 23 58 38 62 25 7 41 4 19 36 1 45 14 43 59 22 5 44 9 13 61 21 24 37 29 53 3 33 60 26 50
0 18 52 35 12 6 40 48 42 16 47 11 56 27 54 15 10 46 20 57 55 63 49 32 34 30 31 51 39 17 28 8 2 23 58 38 62 25 7 41 4 19 36 1 45 14 43 59 22 5 44 9 13 61 21 24 37 29 53 3 33 60 26 50
0 18 52 35 12 6 40 48 42 16 47 11 56 27 54 15 10 46 20 57 55 63 49 32 34 30 31 51 39 17 28 8 2 23 58 38 62 25 7 41 4 19 36 1 45 14 43 59 22 5 44 9 13 61 21 24 37 29 53 3 33 60 26 50
0 18 52 35 12 6 40 48 42 16 47 11 56 27 54 15 10 46 20 57 55 63 49 32 34 30 31 51 39 17 28 8 2 23 58 38 62 25 7 41 4 19 36 1 45 14 43 59 22 5 44 9 13 61 21 24 37 29 53 3 33 60 26 50
0 18 52 35 12 6 40 48 42 16 47 11 56 27 54 15 10 46 20 57 55 63 49 32 34 30 31 51 39 17 28 8 2 23 58 38 62 25 7 41 4 19 36 1 45 14 43 59 22 5 44 9 13 61 21 24 37 29 53 3 33 60 26 50
0 18 52 35 12 6 40 48 42 16 47 11 56 27 54 15 10 46 20 57 55 63 49 32 34 30 31 51 39 17 28 8 2 23 58 38 62 25 7 41 4 19 36 1 45 14 43 59 22 5 44 9 13 61 21 24 37 29 53 3 33 60 26 50
0 18 52 35 41 7 25 62 38 58 23 2 8 28 17 39 51 63 49 32 57 55 20 46 10 15 54 56 27 11 47 16 42 48 40 6 12 4 19 36 1 45 14 43 59 22 5 44 9 13 61 21 24 37 29 3 53 33 34 30 31 60 26 50
0 18 52 35 41 7 25 62 38 58 23 2 8 28 17 39 51 63 49 32 57 55 20 46 10 15 54 56 27 11 47 16 42 48 40 6 12 4 19 36 1 45 14 43 59 22 5 44 9 13 61 21 24 37 29 3 53 33 34 30 31 60 26 50
0 18 52 35 41 7 25 62 38 58 23 2 8 28 17 39 51 63 49 32 57 55 20 46 10 15 54 56 27 11 47 16 42 48 40 6 12 4 19 36 1 45 14 43 59 22 5 44 9 13 61 21 24 37 29 3 53 33 34 30 31 60 26 50
0 18 52 35 41 7 25 62 38 58 23 2 8 28 17 39 51 63 49 32 57 55 20 46 10 15 54 56 27 11 47 16 42 48 40 6 12 4 19 36 1 45 14 43 59 22 5 9 44 13 61 21 24 37 29 3 53 33 34 30 31 60 26 50
0 18 52 35 41 7 25 62 38 58 23 2 8 28 17 39 51 63 49 32 57 55 20 46 10 15 54 56 27 11 47 16 42 48 40 6 12 4 19 36 1 45 14 43 59 22 5 9 44 13 61 21 24 37 29 3 53 33 34 30 31 60 26 50
0 18 52 35 41 7 25 62 38 58 23 2 8 28 17 39 51 63 49 32 57 55 20 46 10 15 54 56 27 11 47 16 42 48 40 6 12 4 19 36 1 45 14 43 59 22 5 9 44 13 61 21 24 37 29 3 53 33 34 30 31 60 26 50
0 18 52 35 41 7 25 62 38 58 23 2 8 28 17 39 51 63 49 32 57 55 20 46 10 15 54 56 27 11 47 16 42 48 40 6 12 4 19 36 1 45 14 43 59 22 5 9 44 13 61 21 24 37 29 3 53 33 34 30 31 60 26 50
0 18 52 35 41 7 25 62 38 58 23 2 8 28 17 39 51 63 49 32 57 55 20 46 10 15 54 56 27 11 47 16 42 48 40 6 12 4 19 36 1 45 14 43 59 22 5 9 44 13 61 21 24 37 29 3 53 33 34 30 31 60 26 50
0 18 52 35 41 7 25 62 38 58 23 2 8 28 17 39 51 63 49 32 57 55 20 46 10 15 54 56 27 11 47 16 42 48 40 6 12 4 19 36 1 45 14 43 59 22 5 9 44 13 61 21 24 37 29 3 53 33 34 30 31 60 26 50
0 18 52 35 41 7 25 62 38 58 23 2 8 28 17 39 51 63 49 32 57 55 20 46 10 15 54 56 27 11 47 16 42 48 40 6 12 4 19 36 1 45 14 43 59 22 5 9 44 13 61 21 24 37 29 3 53 33 34 30 31 60 26 50
0 18 52 35 41 7 25 62 38 58 23 2 8 28 17 39 51 63 49 32 57 55 20 46 10 15 54 56 27 11 47 16 42 48 40 6 12 4 19 36 1 45 14 43 59 22 5 9 44 13 61 21 24 37 29 3 53 33 34 30 31 60 26 50
0 18 52 35 41 7 25 62 38 58 23 2 8 28 17 39 51 63 49 32 57 55 20 46 10 15 54 56 27 11 47 16 42 48 40 6 12 4 19 36 1 45 14 43 59 22 5 9 44 13 61 21 24 37 29 3 53 33 34 30 31 60 26 50
0 18 52 35 41 7 25 62 38 58 23 2 8 28 17 39 51 63 49 32 57 55 20 46 10 15 54 56 27 11 47 16 42 48 40 6 12 4 19 36 1 45 14 43 59 22 5 9 44 13 61 21 24 37 29 3 53 33 34 30 31 60 26 50
0 18 52 35 41 7 25 62 38 58 23 2 8 28 17 39 51 63 49 32 57 55 20 46 10 15 54 56 27 11 47 16 42 48 40 6 12 4 19 36 1 45 14 43 59 22 5 9 44 13 61 21 24 37 29 3 53 33 34 30 31 60 26 50
0 18 52 35 41 7 25 62 38 58 23 2 8 28 17 39 51 63 49 32 57 55 20 46 10 15 54 56 27 11 47 16 42 48 40 6 12 4 19 36 1 45 14 43 59 22 5 9 44 13 61 21 24 37 29 3 53 33 34 30 31 60 26 50
0 18 52 35 12 6 40 48 42 16 47 11 27 56 54 15 10 46 20 55 57 32 49 34 30 31 63 51 39 17 28 8 2 23 58 38 62 25 7 41 4 19 36 1 45 14 43 59 22 5 9 44 13 61 21 24 37 29 3 53 33 60 26 50
0 18 52 35 12 6 40 48 42 16 47 11 27 56 54 15 10 46 20 55 57 32 49 34 30 31 63 51 39 17 28 8 2 23 58 38 62 25 7 41 4 19 36 1 45 14 43 59 22 5 9 44 13 61 21 24 37 29 3 53 33 60 26 50
0 18 52 35 12 6 40 48 42 16 47 11 27 56 54 15 10 46 20 55 57 32 49 34 30 31 63 51 39 17 28 8 2 23 58 38 62 25 7 41 4 19 36 1 45 14 43 59 22 5 9 44 13 61 21 24 37 29 3 53 33 60 26 50
0 18 52 35 12 6 40 48 42 16 47 11 27 56 54 15 10 46 20 55 57 32 49 34 30 31 63 51 39 17 28 8 2 23 58 38 62 25 7 41 4 19 36 1 45 14 43 59 22 5 9 44 13 61 21 24 37 29 3 53 33 60 26 50
0 18 52 35 12 6 40 48 42 16 47 11 27 56 54 15 10 46 20 55 57 32 49 34 30 31 63 51 39 17 28 8 2 23 58 38 62 25 7 41 4 19 36 1 45 14 43 59 22 5 9 44 13 61 21 24 37 29 3 53 33 60 26 50
0 18 52 35 12 6 40 48 42 16 47 11 27 56 54 15 10 46 20 55 57 32 49 34 30 31 63 51 39 17 28 8 2 23 58 38 62 25 7 41 4 19 36 1 45 14 43 59 22 5 9 44 13 61 21 24 37 29 3 53 33 60 26 50
0 18 52 35 12 6 40 48 42 16 47 11 27 56 54 15 10 46 20 55 57 32 49 34 30 31 63 51 39 17 28 8 2 23 58 38 62 25 7 41 4 19 36 1 45 14 43 59 22 5 9 44 13 61 21 24 37 29 3 53 33 60 26 50
0 18 52 35 12 6 40 48 42 16 47 11 27 56 54 15 10 46 20 55 57 32 49 34 30 31 63 51 39 17 28 8 2 23 58 38 62 25 7 41 4 19 36 1 45 14 43 59 22 5 9 44 13 61 21 24 37 29 3 53 33 60 26 50
0 18 52 35 12 6 40 48 42 16 47 11 27 56 54 15 10 46 20 55 57 49 32 34 30 31 51 63 39 17 28 8 2 23 58 38 62 25 7 41 4 19 36 1 45 14 43 59 22 5 9 44 13 61 21 24 37 29 53 3 33 60 26 50
0 18 52 35 12 6 40 48 42 16 47 11 27 56 54 15 10 46 20 55 57 49 32 34 30 31 51 63 39 17 28 8 2 23 58 38 62 25 7 41 4 19 36 1 45 14 43 59 22 5 9 44 13 61 21 24 37 29 53 3 33 60 26 50
0 18 52 35 12 6 40 48 42 16 47 11 27 56 54 15 10 46 20 55 57 49 32 34 30 31 51 63 39 17 28 8 2 23 58 38 62 25 7 41 4 19 36 1 45 14 43 59 22 5 9 44 13 61 21 24 37 29 53 3 33 60 26 50
0 18 52 35 12 6 40 48 42 16 47 11 27 56 54 15 10 46 20 55 57 49 32 34 30 31 51 63 39 17 28 8 2 23 58 38 62 25 7 41 4 19 36 1 45 14 43 59 22 5 9 44 13 61 21 24 37 29 53 3 33 60 26 50
0 18 52 35 12 6 40 48 42 16 47 11 27 56 54 15 10 46 20 55 57 49 32 34 30 31 51 63 39 17 28 8 2 23 58 38 62 25 7 41 4 19 36 1 45 14 43 59 22 5 9 44 13 61 21 24 37 29 53 3 33 60 26 50
0 18 52 35 12 6 40 48 42 16 47 11 27 56 54 15 10 46 20 55 57 49 32 34 30 31 51 63 39 17 28 8 2 23 58 38 62 25 7 41 4 19 36 1 45 14 43 59 22 5 9 44 13 61 21 24 37 29 53 3 33 60 26 50
0 18 52 35 12 6 40 48 42 16 47 11 27 56 54 15 10 46 20 55 57 49 32 34 30 31 51 63 39 17 28 8 2 23 58 38 62 25 7 41 4 19 36 1 45 14 43 59 22 5 9 44 13 61 21 24 37 29 53 3 33 60 26 50
0 18 52 35 12 6 40 48 42 16 47 11 27 56 54 15 10 46 20 55 57 49 32 34 30 31 51 63 39 17 28 8 2 23 58 38 62 25 7 41 4 19 36 1 45 14 43 59 22 5 9 44 13 61 21 24 37 29 53 3 33 60 26 50
0 18 52 35 12 6 40 48 42 16 47 11 27 56 54 15 10 46 20 55 57 49 32 34 30 31 51 63 39 17 28 8 2 23 58 38 62 25 7 41 4 19 36 1 45 14 43 59 22 5 9 44 13 61 21 24 37 29 53 3 33 60 26 50
0 18 52 35 12 6 40 48 42 16 47 11 27 56 54 15 10 46 20 55 57 49 32 34 30 31 51 63 39 17 28 8 2 23 58 38 62 25 7 41 4 19 36 1 45 14 43 59 22 5 9 44 13 61 21 24 37 29 53 3 33 60 26 50
0 18 52 35 12 6 40 48 42 16 47 11 27 56 54 15 10 46 20 55 57 49 32 34 30 31 51 63 39 17 28 8 2 23 58 38 62 25 7 41 4 19 36 1 45 14 43 59 22 5 9 44 13 61 21 24 37 29 53 3 33 60 26 50
0 18 52 35 12 6 40 48 42 16 47 11 27 56 54 15 10 46 20 55 57 49 32 34 30 31 51 63 39 17 28 8 2 23 58 38 62 25 7 41 4 19 36 1 45 14 43 59 22 5 9 44 13 61 21 24 37 29 53 3 33 60 26 50
0 18 52 35 12 6 40 48 42 16 47 11 27 56 54 15 10 46 20 55 57 49 32 34 30 31 51 63 39 17 28 8 2 23 58 38 62 25 7 41 4 19 36 1 45 14 43 59 22 5 9 44 13 61 21 24 37 29 53 3 33 60 26 50
0 18 52 35 12 6 40 48 42 16 47 11 27 56 54 15 10 46 20 55 57 49 32 34 30 31 51 63 39 17 28 8 2 23 58 38 62 25 7 41 4 19 36 1 45 14 43 59 22 5 9 44 13 61 21 24 37 29 53 3 33 60 26 50
0 18 52 35 12 6 40 48 42 16 47 11 27 56 54 15 10 46 20 55 57 49 32 34 30 31 51 63 39 17 28 8 2 23 58 38 62 25 7 41 4 19 36 1 45 14 43 59 22 5 9 44 13 61 21 24 37 29 53 3 33 60 26 50
0 18 52 35 12 6 40 48 42 16 47 11 27 56 54 15 10 46 20 55 57 49 32 34 30 31 51 63 39 17 28 8 2 23 58 38 62 25 7 41 4 19 36 1 45 14 43 59 22 5 9 44 13 61 21 24 37 29 53 3 33 60 26 50
0 18 52 35 12 6 40 48 42 16 47 11 27 56 54 15 10 46 20 55 57 49 32 34 30 31 51 63 39 17 28 8 2 23 58 38 62 25 7 41 4 19 36 1 45 14 43 59 22 5 9 44 13 61 21 24 37 29 53 3 33 60 26 50
0 18 52 35 12 6 40 48 42 16 47 11 27 56 54 15 10 46 20 55 57 49 32 34 30 31 51 63 39 17 28 8 2 23 58 38 62 25 7 41 4 19 36 1 45 14 43 59 22 5 9 44 13 61 21 24 37 29 53 3 33 60 26 50
0 18 52 35 12 6 40 48 42 16 47 11 27 56 54 15 10 46 20 55 57 49 32 34 30 31 51 63 39 17 28 8 2 23 58 38 62 25 7 41 4 19 36 1 45 14 43 59 22 5 9 44 13 61 21 24 37 29 53 3 33 60 26 50
0 18 52 35 12 6 40 48 42 16 47 11 27 56 54 15 10 46 20 55 57 49 32 34 30 31 51 63 39 17 28 8 2 23 58 38 62 25 7 41 4 19 36 1 45 14 43 59 22 5 9 44 13 61 21 24 37 29 53 3 33 60 26 50
0 18 52 35 12 6 40 48 42 16 47 11 27 56 54 15 10 46 20 55 57 49 32 34 30 31 51 63 39 17 28 8 2 23 58 38 62 25 7 41 4 19 36 1 45 14 43 59 22 5 9 44 13 61 21 24 37 29 53 3 33 60 26 50
0 18 52 35 12 6 40 48 42 16 47 11 27 56 54 15 10 46 20 55 57 49 32 34 30 31 51 63 39 17 28 8 2 23 58 38 62 25 7 41 4 19 36 1 45 14 43 59 22 5 9 44 13 61 21 24 37 29 53 3 33 60 26 50
0 18 52 35 12 6 40 48 42 16 47 11 27 56 54 15 10 46 20 55 57 49 32 34 30 31 51 63 39 17 28 8 2 23 58 38 62 25 7 41 4 19 36 1 45 14 43 59 22 5 9 44 13 61 21 24 37 29 53 3 33 60 26 50
0 18 52 35 12 6 40 48 42 16 47 11 27 56 54 15 10 46 20 55 57 49 32 34 30 31 51 63 39 17 28 8 2 23 58 38 62 25 7 41 4 19 36 1 45 14 43 59 22 5 9 44 13 61 21 24 37 29 53 3 33 60 26 50
0 18 52 35 12 6 40 48 42 16 47 11 27 56 54 15 10 46 20 55 57 49 32 34 30 31 51 63 39 17 28 8 2 23 58 38 62 25 7 41 4 19 36 1 45 14 43 59 22 5 9 44 13 61 21 24 37 29 53 3 33 60 26 50
0 18 52 35 12 6 40 48 42 16 47 11 27 56 54 15 10 46 20 55 57 49 32 34 30 31 51 63 39 17 28 8 2 23 58 38 62 25 7 41 4 19 36 1 45 14 43 59 22 5 9 44 13 61 21 24 37 29 53 3 33 60 26 50
0 18 52 35 12 6 40 48 42 16 47 11 27 56 54 15 10 46 20 55 57 49 32 34 30 31 51 63 39 17 28 8 2 23 58 38 62 25 7 41 4 19 36 1 45 14 43 59 22 5 9 44 13 61 21 24 37 29 53 3 33 60 26 50
0 18 52 35 12 6 40 48 42 16 47 11 27 56 54 15 10 46 20 55 57 49 32 34 30 31 51 63 39 17 28 8 2 23 58 38 62 25 7 41 4 19 36 1 45 14 43 59 22 5 9 44 13 61 21 24 37 29 53 3 33 60 26 50
0 18 52 35 12 6 40 48 42 16 47 11 27 56 54 15 10 46 20 55 57 49 32 34 30 31 51 63 39 17 28 8 2 23 58 38 62 25 7 41 4 19 36 1 45 14 43 59 22 5 9 44 13 61 21 24 37 29 53 3 33 60 26 50
0 18 52 35 12 6 40 48 42 16 47 11 27 56 54 15 10 46 20 55 57 49 32 34 30 31 51 63 39 17 28 8 2 23 58 38 62 25 7 41 4 19 36 1 45 14 43 59 22 5 9 44 13 61 21 24 37 29 53 3 33 60 26 50
0 18 52 35 12 6 40 48 42 16 47 11 27 56 54 15 10 46 20 55 57 49 32 34 30 31 51 63 39 17 28 8 2 23 58 38 62 25 7 41 4 19 36 1 45 14 43 59 22 5 9 44 13 61 21 24 37 29 53 3 33 60 26 50
0 18 52 35 12 6 40 48 42 16 47 11 27 56 54 15 10 46 20 55 57 49 32 34 30 31 51 63 39 17 28 8 2 23 58 38 62 25 7 41 4 19 36 1 45 14 43 59 22 5 9 44 13 61 21 24 37 29 53 3 33 60 26 50
0 18 52 35 12 6 40 48 42 16 47 11 27 56 54 15 10 46 20 55 57 49 32 34 30 31 51 63 39 17 28 8 2 23 58 38 62 25 7 41 4 19 36 1 45 14 43 59 22 5 9 44 13 61 21 24 37 29 53 3 33 60 26 50
0 18 52 12 40 48 42 16 47 11 27 56 54 15 10 46 20 55 57 49 32 34 30 31 63 51 39 17 28 8 2 23 58 6 38 62 25 7 41 35 4 19 36 1 45 14 43 59 22 5 9 44 13 61 21 24 37 29 3 53 33 60 26 50
0 18 52 35 12 6 40 48 42 16 47 11 27 56 54 15 10 46 20 55 57 49 32 34 30 31 51 63 39 17 28 8 2 23 58 38 62 25 7 41 4 19 36 1 45 14 43 59 22 5 9 44 13 61 21 24 37 29 3 53 33 60 26 50
0 18 52 35 12 6 40 48 42 16 47 11 27 56 54 15 10 46 20 55 57 49 32 34 30 31 51 63 39 17 28 8 2 23 58 38 62 25 7 41 4 19 36 1 45 14 43 59 22 5 9 44 13 61 21 24 37 29 3 53 33 60 26 50
0 18 52 35 12 6 40 48 42 16 47 11 27 56 54 15 10 46 20 55 57 49 32 34 30 31 51 63 39 17 28 8 2 23 58 38 62 25 7 41 4 19 36 1 45 14 43 59 22 5 9 44 13 61 21 24 37 29 3 53 33 60 26 50
0 18 52 35 12 40 48 42 16 47 11 27 56 54 15 10 46 20 55 57 49 32 34 30 31 63 51 39 17 28 8 2 23 58 6 38 62 25 7 41 4 19 36 1 45 14 43 59 22 5 9 44 13 61 21 24 37 29 3 53 33 60 26 50
0 18 52 35 12 40 48 42 16 47 11 27 56 54 15 10 46 20 55 57 49 32 34 30 31 63 51 39 17 28 8 2 23 58 6 38 62 25 7 41 4 19 36 1 45 14 43 59 22 5 9 44 13 61 21 24 37 29 3 53 33 60 26 50
0 18 52 35 12 40 48 42 16 47 11 27 56 54 15 10 46 20 55 57 49 32 34 30 31 63 51 39 17 28 8 2 23 58 6 38 62 25 7 41 4 19 36 1 45 14 43 59 22 5 9 44 13 61 21 24 37 29 3 53 33 60 26 50
0 18 52 35 12 40 48 42 16 47 11 27 56 54 15 10 46 20 55 57 49 32 34 30 31 63 51 39 17 28 8 2 23 58 6 38 62 25 7 41 4 19 36 1 45 14 43 59 22 5 9 44 13 61 21 24 37 29 3 53 33 60 26 50
0 18 52 35 12 40 48 42 16 47 11 27 56 54 15 10 46 20 55 57 49 32 34 30 31 63 51 39 17 28 8 2 23 58 6 38 62 25 7 41 4 19 36 1 45 14 43 59 22 5 9 44 13 61 21 24 37 29 3 53 33 60 26 50
0 18 52 35 12 40 48 42 16 47 11 27 56 54 15 10 46 20 55 57 49 32 34 30 31 63 51 39 17 28 8 2 23 58 6 38 62 25 7 41 4 19 36 1 45 14 43 59 22 5 9 44 13 61 21 24 37 29 3 53 33 60 26 50
0 18 52 35 12 40 48 42 16 47 11 27 56 54 15 10 46 20 55 57 49 32 34 30 31 63 51 39 17 28 8 2 23 58 6 38 62 25 7 41 4 19 36 1 45 14 43 59 22 5 9 44 13 61 21 24 37 29 3 53 33 60 26 50
0 18 52 35 12 40 48 42 16 47 11 27 56 54 15 10 46 20 55 57 49 32 34 30 31 63 51 39 17 28 8 2 23 58 6 38 62 25 7 41 4 19 36 1 45 14 43 59 22 5 9 44 13 61 21 24 37 29 3 53 33 60 26 50
0 18 52 35 12 40 48 42 16 47 11 27 56 54 15 10 46 20 55 57 49 32 34 30 31 63 51 39 17 28 8 2 23 58 6 38 62 25 7 41 4 19 36 1 45 14 43 59 22 5 9 44 13 61 21 24 37 29 3 53 33 60 26 50
0 18 52 35 12 40 48 42 16 47 11 27 56 54 15 10 46 20 55 57 49 32 34 30 31 63 51 39 17 28 8 2 23 58 6 38 62 25 7 41 4 19 36 1 45 14 43 59 22 5 9 44 13 61 21 24 37 29 3 53 33 60 26 50
0 18 52 35 12 40 48 42 16 47 11 27 56 54 15 10 46 20 55 57 49 32 34 30 31 63 51 39 17 28 8 2 23 58 6 38 62 25 7 41 4 19 36 1 45 14 43 59 22 5 9 44 13 61 21 24 37 29 3 53 33 60 26 50
0 18 52 35 12 40 48 42 16 47 11 27 56 54 15 10 46 20 55 57 49 32 34 30 31 63 51 39 17 28 8 2 23 58 6 38 62 25 7 41 4 19 36 1 45 14 43 59 22 5 9 44 13 61 21 24 37 29 3 53 33 60 26 50
0 18 52 35 12 40 48 42 16 47 11 27 56 54 15 10 46 20 55 57 49 32 34 30 31 63 51 39 17 28 8 2 23 58 6 38 62 25 7 41 4 19 36 1 45 14 43 59 22 5 9 44 13 61 21 24 37 29 3 53 33 60 26 50
0 18 52 35 12 40 48 42 16 47 11 27 56 54 15 10 46 20 55 57 49 32 34 30 33 53 3 29 37 24 21 61 13 44 9 5 22 59 43 14 45 1 36 19 4 41 7 25 62 38 6 58 23 2 8 28 17 39 51 63 31 60 26 50
0 18 52 35 12 40 48 42 16 47 11 27 56 54 15 10 46 20 55 57 49 32 34 30 33 53 3 29 37 24 21 61 13 44 9 5 22 59 43 14 45 1 36 19 4 41 7 25 62 38 6 58 23 2 8 28 17 39 51 63 31 60 26 50
0 18 52 35 12 40 48 42 16 47 11 27 56 54 15 10 46 20 55 57 49 32 34 30 33 53 3 29 37 24 21 61 13 44 9 5 22 59 43 14 45 1 36 19 4 41 7 25 62 38 6 58 23 2 8 28 17 39 51 63 31 60 26 50
0 18 52 35 12 40 48 42 16 47 11 27 56 54 15 10 46 20 55 57 49 32 34 30 33 53 3 29 37 24 21 61 13 44 9 5 22 59 43 14 45 1 36 19 4 41 7 25 62 38 6 58 23 2 8 28 17 39 51 63 31 60 26 50
0 18 52 35 12 40 48 42 16 47 11 27 56 54 15 10 46 20 55 57 49 32 34 30 33 53 3 29 37 24 21 61 13 44 9 5 22 59 43 14 45 1 36 19 4 41 7 25 62 38 6 58 23 2 8 28 17 39 51 63 31 60 26 50
0 18 52 12 40 48 42 16 47 11 27 56 54 15 10 46 20 55 57 49 32 34 30 31 51 63 39 17 28 8 2 23 58 6 38 62 25 7 41 35 4 19 36 1 45 14 43 59 22 5 9 44 13 61 21 24 37 29 3 53 33 60 26 50
0 18 52 35 12 40 48 42 16 47 11 27 56 54 15 10 46 20 55 57 49 32 34 30 31 51 63 39 17 28 8 2 23 58 6 38 62 25 7 41 4 19 36 1 45 14 43 59 22 5 9 44 13 61 21 24 37 29 3 53 33 60 26 50
0 18 52 35 12 40 48 42 16 47 11 27 56 54 15 10 46 20 55 57 49 32 34 30 31 51 63 39 17 28 8 2 23 58 6 38 62 25 7 41 4 19 36 1 45 14 43 59 22 5 9 44 13 61 21 24 37 29 3 53 33 60 26 50
0 18 52 35 12 40 48 42 16 47 11 27 56 54 15 10 46 20 55 57 49 32 34 30 31 51 63 39 17 28 8 2 23 58 6 38 62 25 7 41 4 19 36 1 45 14 43 59 22 5 9 44 13 61 21 24 37 29 3 53 33 60 26 50
0 18 52 35 12 40 48 42 16 47 11 27 56 54 15 10 46 20 55 57 49 32 34 30 31 51 63 39 17 28 8 2 23 58 6 38 62 25 7 41 4 19 36 1 45 14 43 59 22 5 9 44 13 61 21 24 37 29 3 53 33 60 26 50
0 18 52 35 12 40 48 42 16 47 11 27 56 54 15 10 46 20 55 57 49 32 34 30 31 51 63 39 17 28 8 2 23 58 6 38 62 25 7 41 4 19 36 1 45 14 43 59 22 5 9 44 13 61 21 24 37 29 3 53 33 60 26 50
0 12 40 48 42 16 47 11 27 56 54 15 10 46 20 55 57 49 32 34 30 31 51 63 39 17 28 8 2 23 58 6 38 62 25 7 18 52 35 41 4 19 36 1 45 14 43 59 22 5 9 44 13 61 21 24 37 29 3 53 33 60 26 50
0 12 40 48 42 16 47 11 27 56 54 15 10 46 20 55 57 49 32 34 30 31 51 63 39 17 28 8 2 23 58 6 38 62 25 7 18 52 35 41 4 19 36 1 45 14 43 59 22 5 9 44 13 61 21 24 37 29 3 53 33 60 26 50
0 12 40 48 42 16 47 11 27 56 54 15 10 46 20 55 57 49 32 34 30 31 51 63 39 17 28 8 2 23 58 6 38 62 25 7 18 52 35 41 4 19 36 1 45 14 43 59 22 5 9 44 13 61 21 24 37 29 3 53 33 60 26 50
0 12 40 48 42 16 47 11 27 56 54 15 10 46 20 55 57 49 32 34 30 31 51 63 39 17 28 8 2 23 58 6 38 62 25 7 18 52 35 41 4 19 36 1 45 14 43 59 22 5 9 44 13 61 21 24 37 29 3 53 33 60 26 50
0 12 40 48 42 16 47 11 27 56 54 15 10 46 20 55 57 49 32 34 30 31 51 63 39 17 28 8 2 23 58 6 38 62 25 7 18 52 35 41 4 19 36 1 45 14 43 59 22 5 9 44 13 61 21 24 37 29 3 53 33 60 26 50
0 12 40 48 42 16 47 11 27 56 54 15 10 46 20 55 57 49 32 34 30 31 51 63 39 17 28 8 2 23 58 6 38 62 25 7 18 52 35 41 4 19 36 1 45 14 43 59 22 5 9 44 13 61 21 24 37 29 3 53 33 60 26 50
0 12 40 48 42 16 47 11 27 56 54 15 10 46 20 55 57 49 32 34 30 31 51 63 39 17 28 8 2 23 58 6 38 62 25 7 18 52 35 41 4 19 36 1 45 14 43 59 22 5 9 44 13 61 21 24 37 29 3 53 33 60 26 50
0 12 40 48 42 16 47 11 27 56 54 15 10 46 20 55 57 49 32 34 30 31 51 63 39 17 28 8 2 23 58 6 38 62 25 7 18 52 35 41 4 19 36 1 45 14 43 59 22 5 9 44 13 61 21 24 37 29 3 53 33 60 26 50
0 12 40 48 42 16 47 11 27 56 54 15 10 46 20 55 57 49 32 34 30 31 51 63 39 17 28 8 2 23 58 6 38 62 25 7 18 52 35 41 4 19 36 1 45 14 43 59 22 5 9 44 13 61 21 24 37 29 3 53 33 60 26 50
0 18 52 35 41 4 19 36 1 45 14 43 59 22 5 44 13 9 61 21 24 37 29 3 53 33 51 63 39 17 28 8 2 23 58 6 38 62 25 7 12 40 48 42 16 47 11 27 56 54 15 10 46 20 55 57 49 32 34 30 31 60 26 50
0 18 52 35 41 4 19 36 1 45 14 43 59 22 5 44 13 9 61 21 24 37 29 3 53 33 51 63 39 17 28 8 2 23 58 6 38 62 25 7 12 40 48 42 16 47 11 27 56 54 15 10 46 20 55 57 49 32 34 30 31 60 26 50
0 18 52 35 41 4 19 36 1 45 14 43 59 22 5 44 13 9 61 21 24 37 29 3 53 33 51 63 39 17 28 8 2 23 58 6 38 62 25 7 12 40 48 42 16 47 11 27 56 54 15 10 46 20 55 57 49 32 34 30 31 60 26 50
0 18 52 35 41 4 19 36 1 45 14 43 59 22 5 44 13 9 61 21 24 37 29 3 53 33 51 63 39 17 28 8 2 23 58 6 38 62 25 7 12 40 48 42 16 47 11 27 56 54 15 10 46 20 55 57 49 32 34 30 31 60 26 50
0 18 52 35 41 4 19 36 1 45 14 43 59 22 5 44 13 9 61 21 24 37 29 3 53 33 51 63 39 17 28 8 2 23 58 6 38 62 25 7 12 40 48 42 16 47 11 27 56 54 15 10 46 20 55 57 49 32 34 30 31 60 26 50
0 18 52 35 41 4 19 36 1 45 14 43 59 22 5 44 13 9 61 21 24 37 29 3 53 33 51 63 39 17 28 8 2 23 58 6 38 62 25 7 12 40 48 42 16 47 11 27 56 54 15 10 46 20 55 57 49 32 34 30 31 60 26 50
0 18 52 35 41 4 19 36 1 45 14 43 59 22 5 44 13 9 61 21 24 37 29 3 53 33 51 63 39 17 28 8 2 23 58 6 38 62 25 7 12 40 48 42 16 47 11 27 56 54 15 10 46 20 55 57 49 32 34 30 31 60 26 50
0 18 52 35 41 4 19 36 1 45 14 43 59 22 5 44 13 9 61 21 24 37 29 3 53 33 51 63 39 17 28 8 2 23 58 6 38 62 25 7 12 40 48 42 16 47 11 27 56 54 15 10 46 20 55 57 49 32 34 30 31 60 26 50
0 18 52 35 41 4 19 36 1 45 14 43 59 22 5 44 13 9 61 21 24 37 29 3 53 33 51 63 39 17 28 8 2 23 58 6 38 62 25 7 12 40 48 42 16 47 11 27 56 54 15 10 46 20 55 57 49 32 34 30 31 60 26 50
0 18 52 35 41 4 19 36 1 45 14 43 59 22 5 44 13 9 61 21 24 37 29 3 53 33 51 63 39 17 28 8 2 23 58 6 38 62 25 7 12 40 48 42 16 47 11 27 56 54 15 10 46 20 55 57 49 32 34 30 31 60 26 50
0 18 52 35 41 4 19 36 1 45 14 43 59 22 5 44 13 9 61 21 24 37 29 3 53 33 51 63 39 17 28 8 2 23 58 6 38 62 25 7 12 40 48 42 16 47 11 27 56 54 15 10 46 20 55 57 49 32 34 30 31 60 26 50
0 18 52 35 41 4 19 36 1 45 14 43 59 22 5 44 13 9 61 21 24 37 29 3 53 33 51 63 39 17 28 8 2 23 58 6 38 62 25 7 12 40 48 42 16 47 11 27 56 54 15 10 46 20 55 57 49 32 34 30 31 60 26 50
0 18 52 35 41 4 19 36 1 45 14 43 59 22 5 44 13 9 61 21 24 37 29 3 53 33 51 63 39 17 28 8 2 23 58 6 38 62 25 7 12 40 48 42 16 47 11 27 56 54 15 10 46 20 55 57 49 32 34 30 31 60 26 50
0 18 52 35 41 4 19 36 1 45 14 43 59 22 5 44 13 9 61 21 24 37 29 3 53 33 51 63 39 17 28 8 2 23 58 6 38 62 25 7 12 40 48 42 16 47 11 27 56 54 15 10 46 20 55 57 49 32 34 30 31 60 26 50
0 18 52 35 41 4 19 36 1 45 14 43 59 22 5 44 13 9 61 21 24 37 29 3 53 33 51 63 39 17 28 8 2 23 58 6 38 62 25 7 12 40 48 42 16 47 11 27 56 54 15 10 46 20 55 57 49 32 34 30 31 60 26 50
0 18 52 35 41 4 19 36 1 45 14 43 59 22 5 44 13 9 61 21 24 37 29 3 53 33 51 63 39 17 28 8 2 23 58 6 38 62 25 7 12 40 48 42 16 47 11 27 56 54 15 10 46 20 55 57 49 32 34 30 31 60 26 50
0 18 52 35 41 4 19 36 1 45 14 43 59 22 5 44 13 9 61 21 24 37 29 3 53 33 51 63 39 17 28 8 2 23 58 6 38 62 25 7 12 40 48 42 16 47 11 27 56 54 15 10 46 20 55 57 49 32 34 30 31 60 26 50
0 18 52 35 41 4 19 36 1 45 14 43 59 22 5 44 13 9 61 21 24 37 29 3 53 33 51 63 39 17 28 8 2 23 58 6 38 62 25 7 12 40 48 42 16 47 11 27 56 54 15 10 46 20 55 57 49 32 34 30 31 60 26 50
0 18 52 35 41 4 19 36 1 45 14 43 59 22 5 44 13 9 61 21 24 37 29 3 53 33 51 63 39 17 28 8 2 23 58 6 38 62 25 7 12 40 48 42 16 47 11 27 56 54 15 10 46 20 55 57 49 32 34 30 31 60 26 50
0 18 52 35 41 4 19 36 1 45 14 43 59 22 5 44 13 9 61 21 24 37 29 3 53 33 51 63 39 17 28 8 2 23 58 6 38 62 25 7 12 40 48 42 16 47 11 27 56 54 15 10 46 20 55 57 49 32 34 30 31 60 26 50
0 18 52 35 41 4 19 36 1 45 14 43 59 22 5 44 13 9 61 21 24 37 29 3 53 33 51 63 39 17 28 8 2 23 58 6 38 62 25 7 12 40 48 42 16 47 11 27 56 54 15 10 46 20 55 57 49 32 34 30 31 60 26 50
0 18 52 35 41 4 19 36 1 45 14 43 59 22 5 44 13 9 61 21 24 37 29 3 53 33 51 63 39 17 28 8 2 23 58 6 38 62 25 7 12 40 48 42 16 47 11 27 56 54 15 10 46 20 55 57 49 32 34 30 31 60 26 50
0 18 52 35 41 4 19 36 1 45 14 43 59 22 5 44 13 9 61 21 24 37 29 3 53 33 51 63 39 17 28 8 2 23 58 6 38 62 25 7 12 40 48 42 16 47 11 27 56 54 15 10 46 20 55 57 49 32 34 30 31 60 26 50
0 18 52 35 41 4 19 36 1 45 14 43 59 22 5 44 13 9 61 21 24 37 29 3 53 33 51 63 39 17 28 8 2 23 58 6 38 62 25 7 12 40 48 42 16 47 11 27 56 54 15 10 46 20 55 57 49 32 34 30 31 60 26 50
0 18 52 35 41 4 19 36 1 45 14 43 59 22 5 44 13 9 61 21 24 37 29 3 53 33 51 63 39 17 28 8 2 23 58 6 38 62 25 7 12 40 48 42 16 47 11 27 56 54 15 10 46 20 55 57 49 32 34 30 31 60 26 50
0 18 52 35 41 4 19 36 1 45 14 43 59 22 5 44 13 9 61 21 24 37 29 3 53 33 51 63 39 17 28 8 2 23 58 6 38 62 25 7 12 40 48 42 16 47 11 27 56 54 15 10 46 20 55 57 49 32 34 30 31 60 26 50
0 18 52 35 41 4 19 36 1 45 14 43 59 22 5 44 13 9 61 21 24 37 29 3 53 33 51 63 39 17 28 8 2 23 58 6 38 62 25 7 12 40 48 42 16 47 11 27 56 54 15 10 46 20 55 57 49 32 34 30 31 60 26 50
0 18 52 35 41 4 19 36 1 45 14 43 59 22 5 44 13 9 61 21 24 37 29 3 53 33 51 63 39 17 28 8 2 23 58 6 38 62 25 7 12 40 48 42 16 47 11 27 56 54 15 10 46 20 55 57 49 32 34 30 31 60 26 50
0 18 52 35 41 4 19 36 1 45 14 43 59 22 5 44 13 9 61 21 24 37 29 3 53 33 51 63 39 17 28 8 2 23 58 6 38 62 25 7 12 40 48 42 16 47 11 27 56 54 15 10 46 20 55 57 49 32 34 30 31 60 26 50
0 18 52 35 41 4 19 36 1 45 14 43 59 22 5 44 13 9 61 21 24 37 29 3 53 33 51 63 39 17 28 8 2 23 58 6 38 62 25 7 12 40 48 42 16 47 11 27 56 54 15 10 46 20 55 57 49 32 34 30 31 60 26 50
0 18 52 35 41 4 19 36 1 45 14 43 59 22 5 44 13 9 61 21 24 37 29 3 53 33 51 63 39 17 28 8 2 23 58 6 38 62 25 7 12 40 48 42 16 47 11 27 56 54 15 10 46 20 55 57 49 32 34 30 31 60 26 50
0 18 52 35 41 4 19 36 1 45 14 43 59 22 5 44 13 9 61 21 24 37 29 3 53 33 51 63 39 17 28 8 2 23 58 6 38 62 25 7 12 40 48 42 16 47 11 27 56 54 15 10 46 20 55 57 49 32 34 30 31 60 26 50
0 18 52 35 41 4 19 36 1 45 14 43 59 22 5 44 13 9 61 21 24 37 29 3 53 33 51 63 39 17 28 8 2 23 58 6 38 62 25 7 12 40 48 42 16 47 11 27 56 54 15 10 46 20 55 57 49 32 34 30 31 60 26 50
0 18 52 35 41 4 19 36 1 45 14 43 59 22 5 44 13 9 61 21 24 37 29 3 53 33 51 63 39 17 28 8 2 23 58 6 38 62 25 7 12 40 48 42 16 47 11 27 56 54 15 10 46 20 55 57 49 32 34 30 31 60 26 50
0 18 52 35 41 4 19 36 1 45 14 43 59 22 5 44 13 9 61 21 24 37 29 3 53 33 51 63 39 17 28 8 2 23 58 6 38 62 25 7 12 40 48 42 16 47 11 27 56 54 15 10 46 20 55 57 49 32 34 30 31 60 26 50
0 18 52 35 41 4 19 36 1 45 14 43 59 22 5 44 13 9 61 21 24 37 29 3 53 33 51 63 39 17 28 8 2 23 58 6 38 62 25 7 12 40 48 42 16 47 11 27 56 54 15 10 46 20 55 57 49 32 34 30 31 60 26 50
0 18 52 35 41 4 19 36 1 45 14 43 59 22 5 44 13 9 61 21 24 37 29 3 53 33 51 63 39 17 28 8 2 23 58 6 38 62 25 7 12 40 48 42 16 47 11 27 56 54 15 10 46 20 55 57 49 32 34 30 31 60 26 50
0 18 52 35 41 4 19 36 1 45 14 43 59 22 5 44 13 9 61 21 24 37 29 3 53 33 51 63 39 17 28 8 2 23 58 6 38 62 25 7 12 40 48 42 16 47 11 27 56 54 15 10 46 20 55 57 49 32 34 30 31 60 26 50
0 18 52 35 41 4 19 36 1 45 14 43 59 22 5 44 13 9 61 21 24 37 29 3 53 33 51 63 39 17 28 8 2 23 58 6 38 62 25 7 12 40 48 42 16 47 11 27 56 54 15 10 46 20 55 57 49 32 34 30 31 60 26 50
0 18 52 35 41 4 19 36 1 45 14 43 59 22 5 44 13 9 61 21 24 37 29 3 53 33 51 63 39 17 28 8 2 23 58 6 38 62 25 7 12 40 48 42 16 47 11 27 56 54 15 10 46 20 55 57 49 32 34 30 31 60 26 50
0 18 52 35 41 4 19 36 1 45 14 43 59 22 5 44 13 9 61 21 24 37 29 3 53 33 51 63 39 17 28 8 2 23 58 6 38 62 25 7 12 40 48 42 16 47 11 27 56 54 15 10 46 20 55 57 49 32 34 30 31 60 26 50
0 18 52 35 41 4 19 36 1 45 14 43 59 22 5 44 13 9 61 21 24 37 29 3 53 33 51 63 39 17 28 8 2 23 58 6 38 62 25 7 12 40 48 42 16 47 11 27 56 54 15 10 46 20 55 57 49 32 34 30 31 60 26 50
0 18 52 35 41 4 19 36 1 45 14 43 59 22 5 44 13 9 61 21 24 37 29 3 53 33 51 63 39 17 28 8 2 23 58 6 38 62 25 7 12 40 48 42 16 47 11 27 56 54 15 10 46 20 55 57 49 32 34 30 31 60 26 50
0 18 52 35 41 4 19 36 1 45 14 43 59 22 5 44 13 9 61 21 24 37 29 3 53 33 51 63 39 17 28 8 2 23 58 6 38 62 25 7 12 40 48 42 16 47 11 27 56 54 15 10 46 20 55 57 49 32 34 30 31 60 26 50
0 18 52 35 41 4 19 36 1 45 14 43 59 22 5 44 13 9 61 21 24 37 29 3 53 33 51 63 39 17 28 8 2 23 58 6 38 62 25 7 12 40 48 42 16 47 11 27 56 54 15 10 46 20 55 57 49 32 34 30 31 60 26 50
0 18 52 35 41 4 19 36 1 45 14 43 59 22 5 44 13 9 61 21 24 37 29 3 53 33 51 63 39 17 28 8 2 23 58 6 38 62 25 7 12 40 48 42 16 47 11 27 56 54 15 10 46 20 55 57 49 32 34 30 31 60 26 50
0 18 52 35 41 4 19 36 1 45 14 43 59 22 5 44 13 9 61 21 24 37 29 3 53 33 51 63 39 17 28 8 2 23 58 6 38 62 25 7 12 40 48 42 16 47 11 27 56 54 15 10 46 20 55 57 49 32 34 30 31 60 26 50
0 18 52 35 41 4 19 36 1 45 14 43 59 22 5 44 13 9 61 21 24 37 29 3 53 33 51 63 39 17 28 8 2 23 58 6 38 62 25 7 12 40 48 42 16 47 11 27 56 54 15 10 46 20 55 57 49 32 34 30 31 60 26 50
0 18 52 35 41 4 19 36 1 45 14 43 59 22 5 44 13 9 61 21 24 37 29 3 53 33 51 63 39 17 28 8 2 23 58 6 38 62 25 7 12 40 48 42 16 47 11 27 56 54 15 10 46 20 55 57 49 32 34 30 31 60 26 50
0 18 52 35 41 4 19 36 1 45 14 43 59 22 5 44 13 9 61 21 24 37 29 3 53 33 51 63 39 17 28 8 2 23 58 6 38 62 25 7 12 40 48 42 16 47 11 27 56 54 15 10 46 20 55 57 49 32 34 30 31 60 26 50
0 18 52 35 41 4 19 36 1 45 14 43 59 22 5 44 13 9 61 21 24 37 29 3 53 33 51 63 39 17 28 8 2 23 58 6 38 62 25 7 12 40 48 42 16 47 11 27 56 54 15 10 46 20 55 57 49 32 34 30 31 60 26 50
0 18 52 35 41 4 19 36 1 45 14 43 59 22 5 44 13 9 61 21 24 37 29 3 53 33 51 63 39 17 28 8 2 23 58 6 38 62 25 7 12 40 48 42 16 47 11 27 56 54 15 10 46 20 55 57 49 32 34 30 31 60 26 50
0 18 52 35 41 4 19 36 1 45 14 43 59 22 5 44 13 9 61 21 24 37 29 3 53 33 51 63 39 17 28 8 2 23 58 6 38 62 25 7 12 40 48 42 16 47 11 27 56 54 15 10 46 20 55 57 49 32 34 30 31 60 26 50
0 18 52 35 41 4 19 36 1 45 14 43 59 22 5 44 13 9 61 21 24 37 29 3 53 33 51 63 39 17 28 8 2 23 58 6 38 62 25 7 12 40 48 42 16 47 11 27 56 54 15 10 46 20 55 57 49 32 34 30 31 60 26 50
0 18 52 35 41 4 19 36 1 45 14 43 59 22 5 44 13 9 61 21 24 37 29 3 53 33 51 63 39 17 28 8 2 23 58 6 38 62 25 7 12 40 48 42 16 47 11 27 56 54 15 10 46 20 55 57 49 32 34 30 31 60 26 50
0 18 52 35 41 4 19 36 1 45 14 43 59 22 5 44 13 9 61 21 24 37 29 3 53 33 51 63 39 17 28 8 2 23 58 6 38 62 25 7 12 40 48 42 16 47 11 27 56 54 15 10 46 20 55 57 49 32 34 30 31 60 26 50
0 18 52 35 41 4 19 36 1 45 14 43 59 22 5 44 13 9 61 21 24 37 29 3 53 33 51 63 39 17 28 8 2 23 58 6 38 62 25 7 12 40 48 42 16 47 11 27 56 54 15 10 46 20 55 57 49 32 34 30 31 60 26 50
0 18 52 35 41 4 19 36 1 45 14 43 59 22 5 44 13 9 61 21 24 37 29 3 53 33 51 63 39 17 28 8 2 23 58 6 38 62 25 7 12 40 48 42 16 47 11 27 56 54 15 10 46 20 55 57 49 32 34 30 31 60 26 50
0 18 52 35 41 4 19 36 1 45 14 43 59 22 5 44 13 9 61 21 24 37 29 3 53 33 51 63 39 17 28 8 2 23 58 6 38 62 25 7 12 40 48 42 16 47 11 27 56 54 15 10 46 20 55 57 49 32 34 30 31 60 26 50
0 18 52 35 41 4 19 36 1 45 14 43 59 22 5 44 13 9 61 21 24 37 29 3 53 33 51 63 39 17 28 8 2 23 58 6 38 62 25 7 12 40 48 42 16 47 11 27 56 54 15 10 46 20 55 57 49 32 34 30 31 60 26 50
0 18 52 35 41 4 19 36 1 45 14 43 59 22 5 44 13 9 61 21 24 37 29 3 53 33 51 63 39 17 28 8 2 23 58 6 38 62 25 7 12 40 48 42 16 47 11 27 56 54 15 10 46 20 55 57 49 32 34 30 31 60 26 50
0 18 52 35 41 4 19 36 1 45 14 43 59 22 5 44 13 9 61 21 24 37 29 3 53 33 51 63 39 17 28 8 2 23 58 6 38 62 25 7 12 40 48 42 16 47 11 27 56 54 15 10 46 20 55 57 49 32 34 30 31 60 26 50
0 18 52 35 41 4 19 36 1 45 14 43 59 22 5 44 13 9 61 21 24 37 29 3 53 33 51 63 39 17 28 8 2 23 58 6 38 62 25 7 12 40 48 42 16 47 11 27 56 54 15 10 46 20 55 57 49 32 34 30 31 60 26 50
0 18 52 35 41 4 19 36 1 45 14 43 59 22 5 44 13 9 61 21 24 37 29 3 53 33 51 63 39 17 28 8 2 23 58 6 38 62 25 7 12 40 48 42 16 47 11 27 56 54 15 10 46 20 55 57 49 32 34 30 31 60 26 50
0 18 52 35 41 4 19 36 1 45 14 43 59 22 5 44 13 9 61 21 24 37 29 3 53 33 51 63 39 17 28 8 2 23 58 6 38 62 25 7 12 40 48 42 16 47 11 27 56 54 15 10 46 20 55 57 49 32 34 30 31 60 26 50
0 18 52 35 41 4 19 36 1 45 14 43 59 22 5 44 13 9 61 21 24 37 29 3 53 33 51 63 39 17 28 8 2 23 58 6 38 62 25 7 12 40 48 42 16 47 11 27 56 54 15 10 46 20 55 57 49 32 34 30 31 60 26 50
0 18 52 35 41 4 19 36 1 45 14 43 59 22 5 44 13 9 61 21 24 37 29 3 53 33 51 63 39 17 28 8 2 23 58 6 38 62 25 7 12 40 48 42 16 47 11 27 56 54 15 10 46 20 55 57 49 32 34 30 31 60 26 50
0 18 52 35 41 4 19 36 1 45 14 43 59 22 5 44 13 9 61 21 24 37 29 3 53 33 51 63 39 17 28 8 2 23 58 6 38 62 25 7 12 40 48 42 16 47 11 27 56 54 15 10 46 20 55 57 49 32 34 30 31 60 26 50
0 18 52 35 41 4 19 36 1 45 14 43 59 22 5 44 13 9 61 21 24 37 29 3 53 33 51 63 39 17 28 8 2 23 58 6 38 62 25 7 12 40 48 42 16 47 11 27 56 54 15 10 46 20 55 57 49 32 34 30 31 60 26 50
0 18 52 35 41 4 19 36 1 45 14 43 59 22 5 44 13 9 61 21 24 37 29 3 53 33 51 63 39 17 28 8 2 23 58 6 38 62 25 7 12 40 48 42 16 47 11 27 56 54 15 10 46 20 55 57 49 32 34 30 31 60 26 50
0 18 52 35 41 4 19 36 1 45 14 43 59 22 5 44 13 9 61 21 24 37 29 3 53 33 51 63 39 17 28 8 2 23 58 6 38 62 25 7 12 40 48 42 16 47 11 27 56 54 15 10 46 20 55 57 49 32 34 30 31 60 26 50
0 18 52 35 41 4 19 36 1 45 14 43 59 22 5 44 13 9 61 21 24 37 29 3 53 33 51 63 39 17 28 8 2 23 58 6 38 62 25 7 12 40 48 42 16 47 11 27 56 54 15 10 46 20 55 57 49 32 34 30 31 60 26 50
0 18 52 35 41 4 19 36 1 45 14 43 59 22 5 44 13 9 61 21 24 37 29 3 53 33 51 63 39 17 28 8 2 23 58 6 38 62 25 7 12 40 48 42 16 47 11 27 56 54 15 10 46 20 55 57 49 32 34 30 31 60 26 50
0 18 52 35 41 4 19 36 1 45 14 43 59 22 5 44 13 9 61 21 24 37 29 3 53 33 51 63 39 17 28 8 2 23 58 6 38 62 25 7 12 40 48 42 16 47 11 27 56 54 15 10 46 20 55 57 49 32 34 30 31 60 26 50
0 18 52 35 41 4 19 36 1 45 14 43 59 22 5 44 13 9 61 21 24 37 29 3 53 33 51 63 39 17 28 8 2 23 58 6 38 62 25 7 12 40 48 42 16 47 11 27 56 54 15 10 46 20 55 57 49 32 34 30 31 60 26 50
0 18 52 35 41 4 19 36 1 45 14 43 59 22 5 44 13 9 61 21 24 37 29 3 53 33 51 63 39 17 28 8 2 23 58 6 38 62 25 7 12 40 48 42 16 47 11 27 56 54 15 10 46 20 55 57 49 32 34 30 31 60 26 50
0 18 52 35 41 4 19 36 1 45 14 43 59 22 5 44 13 9 61 21 24 37 29 3 53 33 51 63 39 17 28 8 2 23 58 6 38 62 25 7 12 40 48 42 16 47 11 27 56 54 15 10 46 20 55 57 49 32 34 30 31 60 26 50
0 18 52 35 41 4 19 36 1 45 14 43 59 22 5 44 13 9 61 21 24 37 29 3 53 33 51 63 39 17 28 8 2 23 58 6 38 62 25 7 12 40 48 42 16 47 11 27 56 54 15 10 46 20 55 57 49 32 34 30 31 60 26 50
0 18 52 35 41 4 19 36 1 45 14 43 59 22 5 44 13 9 61 21 24 37 29 3 53 33 51 63 39 17 28 8 2 23 58 6 38 62 25 7 12 40 48 42 16 47 11 27 56 54 15 10 46 20 55 57 49 32 34 30 31 60 26 50
0 18 52 35 41 4 19 36 1 45 14 43 59 22 5 44 13 9 61 21 24 37 29 3 53 33 51 63 39 17 28 8 2 23 58 6 38 62 25 7 12 40 48 42 16 47 11 27 56 54 15 10 46 20 55 57 49 32 34 30 31 60 26 50
0 18 52 35 41 4 19 36 1 45 14 43 59 22 5 44 13 9 61 21 24 37 29 3 53 33 51 63 39 17 28 8 2 23 58 6 38 62 25 7 12 40 48 42 16 47 11 27 56 54 15 10 46 20 55 57 49 32 34 30 31 60 26 50
0 18 52 35 41 4 19 36 1 45 14 43 59 22 5 44 13 9 61 21 24 37 29 3 53 33 51 63 39 17 28 8 2 23 58 6 38 62 25 7 12 40 48 42 16 47 11 27 56 54 15 10 46 20 55 57 49 32 34 30 31 60 26 50
0 18 52 35 41 4 19 36 1 45 14 43 59 22 5 44 13 9 61 21 24 37 29 3 53 33 51 63 39 17 28 8 2 23 58 6 38 62 25 7 12 40 48 42 16 47 11 27 56 54 15 10 46 20 55 57 49 32 34 30 31 60 26 50
0 18 52 35 41 4 19 36 1 45 14 43 59 22 5 44 13 9 61 21 24 37 29 3 53 33 51 63 39 17 28 8 2 23 58 6 38 62 25 7 12 40 48 42 16 47 11 27 56 54 15 10 46 20 55 57 49 32 34 30 31 60 26 50
0 18 52 35 41 4 19 36 1 45 14 43 59 22 5 44 13 9 61 21 24 37 29 3 53 33 51 63 39 17 28 8 2 23 58 6 38 62 25 7 12 40 48 42 16 47 11 27 56 54 15 10 46 20 55 57 49 32 34 30 31 60 26 50
0 18 52 35 41 4 19 36 1 45 14 43 59 22 5 44 13 9 61 21 24 37 29 3 53 33 51 63 39 17 28 8 2 23 58 6 38 62 25 7 12 40 48 42 16 47 11 27 56 54 15 10 46 20 55 57 49 32 34 30 31 60 26 50
0 18 52 35 41 4 19 36 1 45 14 43 59 22 5 44 13 9 61 21 24 37 29 3 53 33 51 63 39 17 28 8 2 23 58 6 38 62 25 7 12 40 48 42 16 47 11 27 56 54 15 10 46 20 55 57 49 32 34 30 31 60 26 50
0 18 52 35 41 4 19 36 1 45 14 43 59 22 5 44 13 9 61 21 24 37 29 3 53 33 51 63 39 17 28 8 2 23 58 6 38 62 25 7 12 40 48 42 16 47 11 27 56 54 15 10 46 20 55 57 49 32 34 30 31 60 26 50
0 18 52 35 41 4 19 36 1 45 14 43 59 22 5 44 13 9 61 21 24 37 29 3 53 33 51 63 39 17 28 8 2 23 58 6 38 62 25 7 12 40 48 42 16 47 11 27 56 54 15 10 46 20 55 57 49 32 34 30 31 60 26 50
0 18 52 35 41 4 19 36 1 45 14 43 59 22 5 44 13 9 61 21 24 37 29 3 53 33 51 63 39 17 28 8 2 23 58 6 38 62 25 7 12 40 48 42 16 47 11 27 56 54 15 10 46 20 55 57 49 32 34 30 31 60 26 50
0 18 52 35 41 4 19 36 1 45 14 43 59 22 5 44 13 9 61 21 24 37 29 3 53 33 51 63 39 17 28 8 2 23 58 6 38 62 25 7 12 40 48 42 16 47 11 27 56 54 15 10 46 20 55 57 49 32 34 30 31 60 26 50
0 18 52 35 41 4 19 36 1 45 14 43 59 22 5 44 13 9 61 21 24 37 29 3 53 33 51 63 39 17 28 8 2 23 58 6 38 62 25 7 12 40 48 42 16 47 11 27 56 54 15 10 46 20 55 57 49 32 34 30 31 60 26 50
0 18 52 35 41 4 19 36 1 45 14 43 59 22 5 44 13 9 61 21 24 37 29 3 53 33 51 63 39 17 28 8 2 23 58 6 38 62 25 7 12 40 48 42 16 47 11 27 56 54 15 10 46 20 55 57 49 32 34 30 31 60 26 50
0 18 52 35 41 4 19 36 1 45 14 43 59 22 5 44 13 9 61 21 24 37 29 3 53 33 51 63 39 17 28 8 2 23 58 6 38 62 25 7 12 40 48 42 16 47 11 27 56 54 15 10 46 20 55 57 49 32 34 30 31 60 26 50
0 18 52 35 41 4 19 36 1 45 14 43 59 22 5 44 13 9 61 21 24 37 29 3 53 33 51 63 39 17 28 8 2 23 58 6 38 62 25 7 12 40 48 42 16 47 11 27 56 54 15 10 46 20 55 57 49 32 34 30 31 60 26 50
0 18 52 35 41 4 19 36 1 45 14 43 59 22 5 44 13 9 61 21 24 37 29 3 53 33 51 63 39 17 28 8 2 23 58 6 38 62 25 7 12 40 48 42 16 47 11 27 56 54 15 10 46 20 55 57 49 32 34 30 31 60 26 50
0 18 52 35 41 4 19 36 1 45 14 43 59 22 5 44 13 9 61 21 24 37 29 3 53 33 51 63 39 17 28 8 2 23 58 6 38 62 25 7 12 40 48 42 16 47 11 27 56 54 15 10 46 20 55 57 49 32 34 30 31 60 26 50
0 18 52 35 41 4 19 36 1 45 14 43 59 22 5 44 13 9 61 21 24 37 29 3 53 33 51 63 39 17 28 8 2 23 58 6 38 62 25 7 12 40 48 42 16 47 11 27 56 54 15 10 46 20 55 57 49 32 34 30 31 60 26 50
0 18 52 35 41 4 19 36 1 45 14 43 59 22 5 44 13 9 61 21 24 37 29 3 53 33 51 63 39 17 28 8 2 23 58 6 38 62 25 7 12 40 48 42 16 47 11 27 56 54 15 10 46 20 55 57 49 32 34 30 31 60 26 50
0 18 52 35 41 4 19 36 1 45 14 43 59 22 5 44 13 9 61 21 24 37 29 3 53 33 51 63 39 17 28 8 2 23 58 6 38 62 25 7 12 40 48 42 16 47 11 27 56 54 15 10 46 20 55 57 49 32 34 30 31 60 26 50
0 18 52 35 41 4 19 36 1 45 14 43 59 22 5 44 13 9 61 21 24 37 29 3 53 33 51 63 39 17 28 8 2 23 58 6 38 62 25 7 12 40 48 42 16 47 11 27 56 54 15 10 46 20 55 57 49 32 34 30 31 60 26 50
0 18 52 35 41 4 19 36 1 45 14 43 59 22 5 44 13 9 61 21 24 37 29 3 53 33 51 63 39 17 28 8 2 23 58 6 38 62 25 7 12 40 48 42 16 47 11 27 56 54 15 10 46 20 55 57 49 32 34 30 31 60 26 50
0 18 52 35 41 4 19 36 1 45 14 43 59 22 5 44 13 9 61 21 24 37 29 3 53 33 51 63 39 17 28 8 2 23 58 6 38 62 25 7 12 40 48 42 16 47 11 27 56 54 15 10 46 20 55 57 49 32 34 30 31 60 26 50
0 18 52 35 41 4 19 36 1 45 14 43 59 22 5 44 13 9 61 21 24 37 29 3 53 33 51 63 39 17 28 8 2 23 58 6 38 62 25 7 12 40 48 42 16 47 11 27 56 54 15 10 46 20 55 57 49 32 34 30 31 60 26 50
0 18 52 35 41 4 19 36 1 45 14 43 59 22 5 44 13 9 61 21 24 37 29 3 53 33 51 63 39 17 28 8 2 23 58 6 38 62 25 7 12 40 48 42 16 47 11 27 56 54 15 10 46 20 55 57 49 32 34 30 31 60 26 50
0 18 52 35 41 4 19 36 1 45 14 43 59 22 5 44 13 9 61 21 24 37 29 3 53 33 51 63 39 17 28 8 2 23 58 6 38 62 25 7 12 40 48 42 16 47 11 27 56 54 15 10 46 20 55 57 49 32 34 30 31 60 26 50
0 18 52 35 41 4 19 36 1 45 14 43 59 22 5 44 13 9 61 21 24 37 29 3 53 33 51 63 39 17 28 8 2 23 58 6 38 62 25 7 12 40 48 42 16 47 11 27 56 54 15 10 46 20 55 57 49 32 34 30 31 60 26 50
0 18 52 35 41 4 19 36 1 45 14 43 59 22 5 44 13 9 61 21 24 37 29 3 53 33 51 63 39 17 28 8 2 23 58 6 38 62 25 7 12 40 48 42 16 47 11 27 56 54 15 10 46 20 55 57 49 32 34 30 31 60 26 50
0 18 52 35 41 4 19 36 1 45 14 43 59 22 5 44 13 9 61 21 24 37 29 3 53 33 51 63 39 17 28 8 2 23 58 6 38 62 25 7 12 40 48 42 16 47 11 27 56 54 15 10 46 20 55 57 49 32 34 30 31 60 26 50
0 18 52 35 41 4 19 36 1 45 14 43 59 22 5 44 13 9 61 21 24 37 29 3 53 33 51 63 39 17 28 8 2 23 58 6 38 62 25 7 12 40 48 42 16 47 11 27 56 54 15 10 46 20 55 57 49 32 34 30 31 60 26 50
0 18 52 35 41 4 19 36 1 45 14 43 59 22 5 44 13 9 61 21 24 37 29 3 53 33 51 63 39 17 28 8 2 23 58 6 38 62 25 7 12 40 48 42 16 47 11 27 56 54 15 10 46 20 55 57 49 32 34 30 31 60 26 50
0 18 52 35 41 4 19 36 1 45 14 43 59 22 5 44 13 9 61 21 24 37 29 3 53 33 51 63 39 17 28 8 2 23 58 6 38 62 25 7 12 40 48 42 16 47 11 27 56 54 15 10 46 20 55 57 49 32 34 30 31 60 26 50
0 18 52 35 41 4 19 36 1 45 14 43 59 22 5 44 13 9 61 21 24 37 29 3 53 33 51 63 39 17 28 8 2 23 58 6 38 62 25 7 12 40 48 42 16 47 11 27 56 54 15 10 46 20 55 57 49 32 34 30 31 60 26 50
0 18 52 35 41 4 19 36 1 45 14 43 59 22 5 44 13 9 61 21 24 37 29 3 53 33 51 63 39 17 28 8 2 23 58 6 38 62 25 7 12 40 48 42 16 47 11 27 56 54 15 10 46 20 55 57 49 32 34 30 31 60 26 50
0 18 52 35 41 4 19 36 1 45 14 43 59 22 5 44 13 9 61 21 24 37 29 3 53 33 51 63 39 17 28 8 2 23 58 6 38 62 25 7 12 40 48 42 16 47 11 27 56 54 15 10 46 20 55 57 49 32 34 30 31 60 26 50
0 7 25 62 38 6 58 23 2 8 28 17 39 63 51 31 30 34 32 49 57 55 20 46 10 15 54 56 27 11 47 16 42 48 40 12 18 52 35 41 4 19 36 1 45 14 43 59 22 5 9 44 13 61 21 24 37 29 3 53 33 60 26 50
0 7 25 62 38 6 58 23 2 8 28 17 39 63 51 31 30 34 32 49 57 55 20 46 10 15 54 56 27 11 47 16 42 48 40 12 18 52 35 41 4 19 36 1 45 14 43 59 22 5 9 44 13 61 21 24 37 29 3 53 33 60 26 50
0 7 25 62 38 6 58 23 2 8 28 17 39 63 51 31 30 34 32 49 57 55 20 46 10 15 54 56 27 11 47 16 42 48 40 12 18 52 35 41 4 19 36 1 45 14 43 59 22 5 9 44 13 61 21 24 37 29 3 53 33 60 26 50
0 7 25 62 38 6 58 23 2 8 28 17 39 63 51 31 30 34 32 49 57 55 20 46 10 15 54 56 27 11 47 16 42 48 40 12 18 52 35 41 4 19 36 1 45 14 43 59 22 5 9 44 13 61 21 24 37 29 3 53 33 60 26 50
0 7 25 62 38 6 58 23 2 8 28 17 39 63 51 31 30 34 32 49 57 55 20 46 10 15 54 56 27 11 47 16 42 48 40 12 18 52 35 41 4 19 36 1 45 14 43 59 22 5 9 44 13 61 21 24 37 29 3 53 33 60 26 50
0 7 25 62 38 6 58 23 2 8 28 17 39 63 51 31 30 34 32 49 57 55 20 46 10 15 54 56 27 11 47 16 42 48 40 12 18 52 35 41 4 19 36 1 45 14 43 59 22 5 9 44 13 61 21 24 37 29 3 53 33 60 26 50
0 7 25 62 38 6 58 23 2 8 28 17 39 63 51 31 30 34 32 49 57 55 20 46 10 15 54 56 27 11 47 16 42 48 40 12 18 52 35 41 4 19 36 1 45 14 43 59 22 5 9 44 13 61 21 24 37 29 3 53 33 60 26 50
0 7 25 62 38 6 58 23 2 8 28 17 39 63 51 31 30 34 32 49 57 55 20 46 10 15 54 56 27 11 47 16 42 48 40 12 18 52 35 41 4 19 36 1 45 14 43 59 22 5 9 44 13 61 21 24 37 29 3 53 33 60 26 50
0 7 25 62 38 6 58 23 2 8 28 17 39 63 51 31 30 34 32 49 57 55 20 46 10 15 54 56 27 11 47 16 42 48 40 12 18 52 35 41 4 19 36 1 45 14 43 59 22 5 9 44 13 61 21 24 37 29 3 53 33 60 26 50
0 7 25 62 38 6 58 23 2 8 28 17 39 63 51 31 30 34 32 49 57 55 20 46 10 15 54 56 27 11 47 16 42 48 40 12 18 52 35 41 4 19 36 1 45 14 43 59 22 5 9 44 13 61 21 24 37 29 3 53 33 60 26 50
0 7 25 62 38 6 58 23 2 8 28 17 39 63 51 31 30 34 32 49 57 55 20 46 10 15 54 56 27 11 47 16 42 48 40 12 18 52 35 41 4 19 36 1 45 14 43 59 22 5 9 44 13 61 21 24 37 29 3 53 33 60 26 50
0 7 25 62 38 6 58 23 2 8 28 17 39 63 51 31 30 34 32 49 57 55 20 46 10 15 54 56 27 11 47 16 42 48 40 12 18 52 35 41 4 19 36 1 45 14 43 59 22 5 9 44 13 61 21 24 37 29 3 53 33 60 26 50
0 7 25 62 38 6 58 23 2 8 28 17 39 63 51 31 30 34 32 49 57 55 20 46 10 15 54 56 27 11 47 16 42 48 40 12 18 52 35 41 4 19 36 1 45 14 43 59 22 5 9 44 13 61 21 24 37 29 3 53 33 60 26 50
0 7 25 62 38 6 58 23 2 8 28 17 39 63 51 31 30 34 32 49 57 55 20 46 10 15 54 56 27 11 47 16 42 48 40 12 18 52 35 41 4 19 36 1 45 14 43 59 22 5 9 44 13 61 21 24 37 29 3 53 33 60 26 50
0 7 25 62 38 6 58 23 2 8 28 17 39 63 51 31 30 34 32 49 57 55 20 46 10 15 54 56 27 11 47 16 42 48 40 12 18 52 35 41 4 19 36 1 45 14 43 59 22 5 9 44 13 61 21 24 37 29 3 53 33 60 26 50
0 7 25 62 38 6 58 23 2 8 28 17 39 63 51 31 30 34 32 49 57 55 20 46 10 15 54 56 27 11 47 16 42 48 40 12 18 52 35 41 4 19 36 1 45 14 43 59 22 5 9 44 13 61 21 24 37 29 3 53 33 60 26 50
0 7 25 62 38 6 58 23 2 8 28 17 39 63 51 31 30 34 32 49 57 55 20 46 10 15 54 56 27 11 47 16 42 48 40 12 18 52 35 41 4 19 36 1 45 14 43 59 22 5 9 44 13 61 21 24 37 29 3 53 33 60 26 50
0 7 25 62 38 6 58 23 2 8 28 17 39 63 51 31 30 34 32 49 57 55 20 46 10 15 54 56 27 11 47 16 42 48 40 12 18 52 35 41 4 19 36 1 45 14 43 59 22 5 9 44 13 61 21 24 37 29 3 53 33 60 26 50
0 7 25 62 38 6 58 23 2 8 28 17 39 63 51 31 30 34 32 49 57 55 20 46 10 15 54 56 27 11 47 16 42 48 40 12 18 52 35 41 4 19 36 1 45 14 43 59 22 5 9 44 13 61 21 24 37 29 3 53 33 60 26 50
0 7 25 62 38 6 58 23 2 8 28 17 39 63 51 31 30 34 32 49 57 55 20 46 10 15 54 56 27 11 47 16 42 48 40 12 18 52 35 41 4 19 36 1 45 14 43 59 22 5 9 44 13 61 21 24 37 29 3 53 33 60 26 50
0 7 25 62 38 6 58 23 2 8 28 17 39 63 51 31 30 34 32 49 57 55 20 46 10 15 54 56 27 11 47 16 42 48 40 12 18 52 35 41 4 19 36 1 45 14 43 59 22 5 9 44 13 61 21 24 37 29 3 53 33 60 26 50
0 7 25 62 38 6 58 23 2 8 28 17 39 63 51 31 30 34 32 49 57 55 20 46 10 15 54 56 27 11 47 16 42 48 40 12 18 52 35 41 4 19 36 1 45 14 43 59 22 5 9 44 13 61 21 24 37 29 3 53 33 60 26 50
0 7 25 62 38 6 58 23 2 8 28 17 39 63 51 31 30 34 32 49 57 55 20 46 10 15 54 56 27 11 47 16 42 48 40 12 18 52 35 41 4 19 36 1 45 14 43 59 22 5 9 44 13 61 21 24 37 29 3 53 33 60 26 50
0 7 25 62 38 6 58 23 2 8 28 17 39 63 51 31 30 34 32 49 57 55 20 46 10 15 54 56 27 11 47 16 42 48 40 12 18 52 35 41 4 19 36 1 45 14 43 59 22 5 9 44 13 61 21 24 37 29 3 53 33 60 26 50
0 7 25 62 38 6 58 23 2 8 28 17 39 63 51 31 30 34 32 49 57 55 20 46 10 15 54 56 27 11 47 16 42 48 40 12 18 52 35 41 4 19 36 1 45 14 43 59 22 5 9 44 13 61 21 24 37 29 3 53 33 60 26 50
0 7 25 62 38 6 58 23 2 8 28 17 39 63 51 31 30 34 32 49 57 55 20 46 10 15 54 56 27 11 47 16 42 48 40 12 18 52 35 41 4 19 36 1 45 14 43 59 22 5 9 44 13 61 21 24 37 29 3 53 33 60 26 50
0 7 25 62 38 6 58 23 2 8 28 17 39 63 51 31 30 34 32 49 57 55 20 46 10 15 54 56 27 11 47 16 42 48 40 12 18 52 35 41 4 19 36 1 45 14 43 59 22 5 9 44 13 61 21 24 37 29 3 53 33 60 26 50
0 7 25 62 38 6 58 23 2 8 28 17 39 63 51 31 30 34 32 49 57 55 20 46 10 15 54 56 27 11 47 16 42 48 40 12 18 52 35 41 4 19 36 1 45 14 43 59 22 5 9 44 13 61 21 24 37 29 3 53 33 60 26 50
0 7 25 62 38 6 58 23 2 8 28 17 39 63 51 31 30 34 32 49 57 55 20 46 10 15 54 56 27 11 47 16 42 48 40 12 18 52 35 41 4 19 36 1 45 14 43 59 22 5 9 44 13 61 21 24 37 29 3 53 33 60 26 50
0 7 25 62 38 6 58 23 2 8 28 17 39 63 51 31 30 34 32 49 57 55 20 46 10 15 54 56 27 11 47 16 42 48 40 12 18 52 35 41 4 19 36 1 45 14 43 59 22 5 9 44 13 61 21 24 37 29 3 53 33 60 26 50
0 7 25 62 38 6 58 23 2 8 28 17 39 63 51 31 30 34 32 49 57 55 20 46 10 15 54 56 27 11 47 16 42 48 40 12 18 52 35 41 4 19 36 1 45 14 43 59 22 5 9 44 13 61 21 24 37 29 3 53 33 60 26 50
0 7 25 62 38 6 58 23 2 8 28 17 39 63 51 31 30 34 32 49 57 55 20 46 10 15 54 56 27 11 47 16 42 48 40 12 18 52 35 41 4 19 36 1 45 14 43 59 22 5 9 44 13 61 21 24 37 29 3 53 33 60 26 50
0 7 25 62 38 6 58 23 2 8 28 17 39 63 51 31 30 34 32 49 57 55 20 46 10 15 54 56 27 11 47 16 42 48 40 12 18 52 35 41 4 19 36 1 45 14 43 59 22 5 9 44 13 61 21 24 37 29 3 53 33 60 26 50
0 7 25 62 38 6 58 23 2 8 28 17 39 63 51 31 30 34 32 49 57 55 20 46 10 15 54 56 27 11 47 16 42 48 40 12 18 52 35 41 4 19 36 1 45 14 43 59 22 5 9 44 13 61 21 24 37 29 3 53 33 60 26 50
0 7 25 62 38 6 58 23 2 8 28 17 39 63 51 31 30 34 32 49 57 55 20 46 10 15 54 56 27 11 47 16 42 48 40 12 18 52 35 41 4 19 36 1 45 14 43 59 22 5 9 44 13 61 21 24 37 29 3 53 33 60 26 50
0 7 25 62 38 6 58 23 2 8 28 17 39 63 51 31 30 34 32 49 57 55 20 46 10 15 54 56 27 11 47 16 42 48 40 12 18 52 35 41 4 19 36 1 45 14 43 59 22 5 9 44 13 61 21 24 37 29 3 53 33 60 26 50
0 7 25 62 38 6 58 23 2 8 28 17 39 63 51 31 30 34 32 49 57 55 20 46 10 15 54 56 27 11 47 16 42 48 40 12 18 52 35 41 4 19 36 1 45 14 43 59 22 5 9 44 13 61 21 24 37 29 3 53 33 60 26 50
0 7 25 62 38 6 58 23 2 8 28 17 39 63 51 31 30 34 32 49 57 55 20 46 10 15 54 56 27 11 47 16 42 48 40 12 18 52 35 41 4 19 36 1 45 14 43 59 22 5 9 44 13 61 21 24 37 29 3 53 33 60 26 50
0 7 25 62 38 6 58 23 2 8 28 17 39 63 51 31 30 34 32 49 57 55 20 46 10 15 54 56 27 11 47 16 42 48 40 12 18 52 35 41 4 19 36 1 45 14 43 59 22 5 9 44 13 61 21 24 37 29 3 53 33 60 26 50
0 7 25 62 38 6 58 23 2 8 28 17 39 63 51 31 30 34 32 49 57 55 20 46 10 15 54 56 27 11 47 16 42 48 40 12 18 52 35 41 4 19 36 1 45 14 43 59 22 5 9 44 13 61 21 24 37 29 3 53 33 60 26 50
0 7 25 62 38 6 58 23 2 8 28 17 39 63 51 31 30 34 32 49 57 55 20 46 10 15 54 56 27 11 47 16 42 48 40 12 18 52 35 41 4 19 36 1 45 14 43 59 22 5 9 44 13 61 21 24 37 29 3 53 33 60 26 50
0 7 25 62 38 6 58 23 2 8 28 17 39 63 51 31 30 34 32 49 57 55 20 46 10 15 54 56 27 11 47 16 42 48 40 12 18 52 35 41 4 19 36 1 45 14 43 59 22 5 9 44 13 61 21 24 37 29 3 53 33 60 26 50
0 7 25 62 38 6 58 23 2 8 28 17 39 63 51 31 30 34 32 49 57 55 20 46 10 15 54 56 27 11 47 16 42 48 40 12 18 52 35 41 4 19 36 1 45 14 43 59 22 5 9 44 13 61 21 24 37 29 3 53 33 60 26 50
0 7 25 62 38 6 58 23 2 8 28 17 39 63 51 31 30 34 32 49 57 55 20 46 10 15 54 56 27 11 47 16 42 48 40 12 18 52 35 41 4 19 36 1 45 14 43 59 22 5 9 44 13 61 21 24 37 29 3 53 33 60 26 50
0 7 25 62 38 6 58 23 2 8 28 17 39 63 51 31 30 34 32 49 57 55 20 46 10 15 54 56 27 11 47 16 42 48 40 12 18 52 35 41 4 19 36 1 45 14 43 59 22 5 9 44 13 61 21 24 37 29 3 53 33 60 26 50
0 7 25 62 38 6 58 23 2 8 28 17 39 63 51 31 30 34 32 49 57 55 20 46 10 15 54 56 27 11 47 16 42 48 40 12 18 52 35 41 4 19 36 1 45 14 43 59 22 5 9 44 13 61 21 24 37 29 3 53 33 60 26 50
0 7 25 62 38 6 58 23 2 8 28 17 39 63 51 31 30 34 32 49 57 55 20 46 10 15 54 56 27 11 47 16 42 48 40 12 18 52 35 41 4 19 36 1 45 14 43 59 22 5 9 44 13 61 21 24 37 29 3 53 33 60 26 50
0 7 25 62 38 6 58 23 2 8 28 17 39 63 51 31 30 34 32 49 57 55 20 46 10 15 54 56 27 11 47 16 42 48 40 12 18 52 35 41 4 19 36 1 45 14 43 59 22 5 9 44 13 61 21 24 37 29 3 53 33 60 26 50
0 7 25 62 38 6 58 23 2 8 28 17 39 63 51 31 30 34 32 49 57 55 20 46 10 15 54 56 27 11 47 16 42 48 40 12 18 52 35 41 4 19 36 1 45 14 43 59 22 5 9 44 13 61 21 24 37 29 3 53 33 60 26 50
0 7 25 62 38 6 58 23 2 8 28 17 39 63 51 31 30 34 32 49 57 55 20 46 10 15 54 56 27 11 47 16 42 48 40 12 18 52 35 41 4 19 36 1 45 14 43 59 22 5 9 44 13 61 21 24 37 29 3 53 33 60 26 50
0 7 25 62 38 6 58 23 2 8 28 17 39 63 51 31 30 34 32 49 57 55 20 46 10 15 54 56 27 11 47 16 42 48 40 12 18 52 35 41 4 19 36 1 45 14 43 59 22 5 9 44 13 61 21 24 37 29 3 53 33 60 26 50
0 7 25 62 38 6 58 23 2 8 28 17 39 63 51 31 30 34 32 49 57 55 20 46 10 15 54 56 27 11 47 16 42 48 40 12 18 52 35 41 4 19 36 1 45 14 43 59 22 5 9 44 13 61 21 24 37 29 3 53 33 60 26 50
0 7 25 62 38 6 58 23 2 8 28 17 39 63 51 31 30 34 32 49 57 55 20 46 10 15 54 56 27 11 47 16 42 48 40 12 18 52 35 41 4 19 36 1 45 14 43 59 22 5 9 44 13 61 21 24 37 29 3 53 33 60 26 50
0 7 25 62 38 6 58 23 2 8 28 17 39 63 51 31 30 34 32 49 57 55 20 46 10 15 54 56 27 11 47 16 42 48 40 12 18 52 35 41 4 19 36 1 45 14 43 59 22 5 9 44 13 61 21 24 37 29 3 53 33 60 26 50
0 7 25 62 38 6 58 23 2 8 28 17 39 63 51 31 30 34 32 49 57 55 20 46 10 15 54 56 27 11 47 16 42 48 40 12 18 52 35 41 4 19 36 1 45 14 43 59 22 5 9 44 13 61 21 24 37 29 3 53 33 60 26 50
0 7 25 62 38 6 58 23 2 8 28 17 39 63 51 31 30 34 32 49 57 55 20 46 10 15 54 56 27 11 47 16 42 48 40 12 18 52 35 41 4 19 36 1 45 14 43 59 22 5 9 44 13 61 21 24 37 29 3 53 33 60 26 50
0 7 25 62 38 6 58 23 2 8 28 17 39 63 51 31 30 34 32 49 57 55 20 46 10 15 54 56 27 11 47 16 42 48 40 12 18 52 35 41 4 19 36 1 45 14 43 59 22 5 9 44 13 61 21 24 37 29 3 53 33 60 26 50
0 7 25 62 38 6 58 23 2 8 28 17 39 63 51 31 30 34 32 49 57 55 20 46 10 15 54 56 27 11 47 16 42 48 40 12 18 52 35 41 4 19 36 1 45 14 43 59 22 5 9 44 13 61 21 24 37 29 3 53 33 60 26 50
0 7 25 62 38 6 58 23 2 8 28 17 39 63 51 31 30 34 32 49 57 55 20 46 10 15 54 56 27 11 47 16 42 48 40 12 18 52 35 41 4 19 36 1 45 14 43 59 22 5 9 44 13 61 21 24 37 29 3 53 33 60 26 50
