5667.8567
5083.5409
4730.0231
4248.7792
3856.251
3417.1694
3255.2579
3033.6896
2904.6462
2656.1936
2433.7823
2241.121
1961.0125
1961.0125
1897.7014
1772.6761
1772.6761
1678.1815
1597.923
1477.7202
1449.8763
1397.5016
1353.3684
1348.6149
1253.4197
1253.4197
1236.3557
1219.3521
1192.3583
1192.3583
1167.4988
1145.9312
1134.1528
1106.2397
1081.0113
1062.6196
1026.2917
1026.2917
1007.6393
981.29458
925.07263
925.07263
906.5401
887.2591
862.8269
854.12094
828.15668
828.15668
828.15668
828.15668
823.71008
822.27276
820.38867
769.21817
769.21817
769.21817
769.21817
769.21817
769.21817
769.21817
769.21817
763.22019
763.22019
763.22019
750.94869
733.56419
733.56419
733.56419
728.56877
722.00726
701.78817
701.78817
701.78817
701.78817
693.21077
693.21077
676.89336
676.89336
658.5435
658.5435
650.11578
648.04197
644.80689
613.38451
604.95679
604.95679
604.95679
604.95679
604.95679
601.38649
592.08232
592.08232
592.08232
591.97212
583.97539
582.29103
580.29135
577.2769
577.2769
577.2769
577.2769
577.2769
577.2769
577.2769
577.2769
577.2769
568.80521
568.80521
568.80521
568.80521
568.80521
568.80521
568.80521
560.99989
560.99989
560.99989
560.99989
559.17877
559.04311
559.04311
559.04311
559.04311
559.04311
557.74402
557.74402
557.74402
557.74402
557.74402
556.36398
556.36398
556.36398
549.88193
549.88193
549.88193
547.71695
544.62583
543.08052
543.08052
543.08052
541.03
541.03
540.88151
540.88151
538.35087
538.35087
536.491
536.491
536.491
536.491
536.27294
531.88527
531.88527
530.60217
530.60217
530.60217
530.60217
530.60217
529.07191
529.07191
525.67482
525.67482
525.67482
523.59689
523.59689
523.59689
523.59689
523.59689
522.58338
522.44592
521.06625
521.06625
521.06625
517.40633
517.40633
517.40633
517.40633
517.40633
517.40633
517.40633
517.40633
515.91406
515.91406
515.91406
511.92699
511.92699
511.04823
511.04823
511.04823
511.04823
511.04823
511.04823
511.04823
507.06115
504.35405
504.35405
504.35405
504.35405
504.35405
504.35405
504.35405
504.35405
504.35405
504.16068
502.7994
502.7994
502.7994
502.7994
500.7257
500.14475
499.36442
499.36442
498.32364
498.32364
498.32364
494.33656
494.33656
494.33656
494.33656
494.33656
492.83407
492.83407
492.83407
492.83407
492.83407
492.83407
492.83407
492.83407
492.83407
492.83407
492.83407
492.83407
492.83407
492.83407
483.49109
483.49109
483.49109
479.50402
479.50402
479.50402
479.50402
479.50402
479.50402
479.50402
479.50402
479.50402
479.50402
479.50402
479.50402
473.0637
473.0637
473.0637
473.0637
473.0637
473.0637
473.0637
473.0637
468.74453
468.74453
468.74453
468.74453
468.74453
468.74453
468.74453
468.74453
468.74453
468.74453
468.74453
468.74453
468.74453
468.74453
468.74453
468.74453
468.74453
468.74453
468.74453
468.74453
468.74453
468.74453
468.74453
468.74453
468.74453
468.74453
468.74453
468.74453
468.74453
468.74453
468.74453
468.74453
468.74453
467.34558
466.92341
466.92341
466.92341
465.69087
465.69087
465.69087
465.69087
465.69087
465.69087
465.69087
465.69087
465.69087
465.69087
465.69087
465.69087
465.69087
465.35065
465.35065
465.35065
465.35065
465.35065
464.1199
462.46519
462.46519
462.46519
462.46519
462.46519
462.42011
462.42011
462.42011
462.42011
462.42011
462.42011
462.42011
462.42011
462.42011
455.76561
455.76561
455.76561
455.76561
455.76561
455.76561
455.76561
455.76561
455.76561
455.76561
455.76561
455.76561
455.76561
455.76561
455.76561
455.76561
455.76561
455.76561
455.76561
455.76561
455.76561
455.76561
455.76561
455.76561
455.76561
455.76561
455.76561
455.76561
455.76561
455.76561
455.76561
455.76561
455.76561
455.76561
455.76561
455.76561
455.76561
455.76561
455.76561
455.76561
455.76561
455.76561
455.76561
455.76561
455.76561
455.76561
455.76561
455.76561
455.76561
455.76561
455.76561
455.76561
455.76561
455.76561
455.76561
455.76561
455.76561
455.76561
455.76561
455.76561
455.76561
455.76561
455.76561
455.76561
455.76561
455.76561
455.76561
455.76561
455.76561
455.76561
455.76561
455.76561
455.76561
455.76561
455.76561
455.76561
455.76561
455.76561
455.76561
455.76561
455.76561
455.76561
455.76561
455.76561
455.76561
455.76561
455.76561
455.76561
455.76561
455.76561
455.76561
455.76561
455.76561
455.76561
455.76561
455.76561
455.76561
455.76561
455.76561
455.76561
455.76561
455.76561
455.76561
455.76561
455.76561
455.76561
455.76561
455.76561
455.76561
455.76561
455.76561
455.76561
455.76561
455.76561
455.76561
453.28772
453.28772
453.28772
453.28772
453.28772
453.28772
453.28772
453.28772
453.28772
453.28772
453.28772
453.28772
453.28772
453.28772
453.28772
453.28772
453.28772
453.28772
453.28772
453.28772
453.28772
453.28772
453.28772
453.28772
453.28772
453.28772
453.28772
453.28772
453.28772
453.28772
453.28772
453.28772
453.28772
453.28772
453.28772
453.28772
453.28772
453.28772
453.28772
453.28772
453.28772
453.28772
453.28772
453.28772
453.28772
453.28772
453.28772
453.28772
453.28772
453.28772
453.28772
453.28772
453.28772
453.28772
453.28772
453.28772
453.28772
453.28772
453.28772
