           1    -7.57183    -7.57183           0
           2    -7.55187    -7.56185  0.00997718
           3    -7.54485    -7.55618  0.00807974
           4    -7.55343    -7.55549  0.00575461
           5    -7.54281    -7.55296   0.0051291
           6     -7.5499    -7.55245   0.0042188
           7    -7.55015    -7.55212  0.00358062
           8    -7.56384    -7.55358  0.00342977
           9    -7.55489    -7.55373  0.00302823
          10    -7.55828    -7.55418  0.00274649
          11    -7.56498    -7.55517  0.00267095
          12     -7.5307    -7.55313  0.00317846
          13    -7.54818    -7.55275  0.00294845
          14     -7.5492    -7.55249  0.00274145
          15    -7.55889    -7.55292  0.00258757
          16    -7.53987     -7.5521  0.00255421
          17    -7.54488    -7.55168  0.00243655
          18    -7.54427    -7.55127   0.0023338
          19    -7.54561    -7.55097  0.00222754
          20    -7.55142    -7.55099  0.00211335
          21    -7.55612    -7.55124  0.00202499
          22    -7.55319    -7.55133  0.00193279
          23    -7.54229    -7.55093  0.00188816
          24    -7.53321    -7.55019  0.00195277
          25    -7.54635    -7.55004  0.00187933
          26    -7.54063    -7.54968   0.0018415
          27    -7.55455    -7.54986  0.00178115
          28    -7.55311    -7.54998  0.00172028
          29    -7.55338    -7.55009  0.00166404
          30    -7.55443    -7.55024  0.00161409
          31     -7.5693    -7.55085  0.00167792
          32    -7.56635    -7.55134  0.00169526
          33    -7.57173    -7.55195  0.00175548
          34     -7.5424    -7.55167  0.00172608
          35    -7.54114    -7.55137  0.00170285
          36    -7.53171    -7.55083  0.00174271
          37    -7.53286    -7.55034  0.00176313
          38    -7.52839    -7.54976  0.00181068
          39    -7.54414    -7.54962  0.00176953
          40    -7.54941    -7.54961  0.00172473
          41    -7.55113    -7.54965  0.00168255
          42    -7.55005    -7.54966  0.00164203
          43    -7.51962    -7.54896  0.00174898
          44     -7.5627    -7.54927  0.00173707
          45    -7.55621    -7.54943  0.00170502
          46    -7.56825    -7.54984  0.00171702
          47    -7.54534    -7.54974  0.00168282
          48    -7.52898    -7.54931  0.00170324
          49    -7.56086    -7.54954   0.0016847
          50     -7.5392    -7.54934  0.00166357
          51    -7.56192    -7.54958  0.00164918
          52    -7.53044    -7.54922  0.00165854
          53    -7.53835    -7.54901  0.00163981
          54    -7.53498    -7.54875  0.00163001
          55    -7.55925    -7.54894  0.00161145
          56    -7.52732    -7.54856  0.00162882
          57    -7.55327    -7.54864  0.00160213
          58    -7.55482    -7.54875  0.00157786
          59    -7.55236    -7.54881   0.0015521
          60    -7.56582    -7.54909  0.00155214
          61    -7.54568    -7.54903   0.0015275
          62    -7.55061    -7.54906  0.00150288
          63    -7.54941    -7.54907  0.00147884
          64    -7.55814    -7.54921  0.00146245
          65    -7.55722    -7.54933  0.00144504
          66    -7.54876    -7.54932  0.00142301
          67    -7.55599    -7.54942  0.00140513
          68    -7.55582    -7.54952  0.00138751
          69    -7.52796     -7.5492  0.00140248
          70    -7.53961    -7.54907  0.00138908
          71    -7.55648    -7.54917  0.00137334
          72    -7.53667      -7.549  0.00136522
          73    -7.55685     -7.5491  0.00135067
          74    -7.54815    -7.54909  0.00133236
          75    -7.54034    -7.54897  0.00131964
          76    -7.53026    -7.54873  0.00132523
          77    -7.55378    -7.54879  0.00130955
          78    -7.54213    -7.54871  0.00129547
          79    -7.54046     -7.5486  0.00128322
          80    -7.55276    -7.54866  0.00126815
          81    -7.53677    -7.54851  0.00126095
          82    -7.54672    -7.54849  0.00124567
          83    -7.54864    -7.54849  0.00123057
          84    -7.54398    -7.54844  0.00121702
          85    -7.53718     -7.5483  0.00120988
          86    -7.53435    -7.54814  0.00120669
          87    -7.56609    -7.54835  0.00121044
          88    -7.52726    -7.54811  0.00122037
          89     -7.5472     -7.5481  0.00120662
          90    -7.54502    -7.54806  0.00119363
          91    -7.55288    -7.54812  0.00118162
          92    -7.55305    -7.54817  0.00116994
          93    -7.56003     -7.5483   0.0011643
          94    -7.54408    -7.54825  0.00115272
          95    -7.55356    -7.54831  0.00114189
          96    -7.55021    -7.54833  0.00113011
          97    -7.55644    -7.54841  0.00112152
          98     -7.5677    -7.54861  0.00112733
          99    -7.54915    -7.54861   0.0011159
         100     -7.5416    -7.54854  0.00110691
