           1     7.45606     7.45606           0
           2     7.56059     7.50833   0.0522662
           3     7.60359     7.54008   0.0438057
           4     7.55619     7.54411   0.0312359
           5     7.61262     7.55781   0.0278058
           6     7.57239     7.56024   0.0228331
           7     7.57665     7.56259   0.0194394
           8     7.49349     7.55395   0.0189215
           9     7.55049     7.55356   0.0166916
          10     7.52523     7.55073    0.015196
          11     7.49122     7.54532   0.0147716
          12     7.68401     7.55688   0.0177599
          13     7.58612     7.55913   0.0164909
          14     7.58262      7.5608   0.0153595
          15     7.52824     7.55863   0.0144628
          16     7.62758     7.56294   0.0141984
          17     7.60409     7.56536   0.0135549
          18     7.60616     7.56763   0.0129791
          19     7.59373       7.569   0.0123536
          20     7.56729     7.56892     0.01172
          21     7.54574     7.56781   0.0112024
          22     7.55192     7.56709   0.0107055
          23     7.61538     7.56919   0.0104427
          24     7.66225     7.57307   0.0107236
          25      7.5919     7.57382   0.0103133
          26     7.62673     7.57586   0.0101155
          27     7.55163     7.57496  0.00977491
          28      7.5638     7.57456  0.00942776
          29     7.55471     7.57388  0.00912258
          30     7.55133     7.57312  0.00884523
          31     7.46986     7.56979  0.00918083
          32     7.48499     7.56714  0.00927592
          33     7.45394     7.56371  0.00962265
          34     7.61843     7.56532  0.00947304
          35     7.62241     7.56695  0.00934191
          36     7.67508     7.56996  0.00956265
          37     7.67017     7.57267  0.00968694
          38     7.69908     7.57599  0.00999824
          39      7.6097     7.57686  0.00977678
          40     7.58149     7.57697  0.00952993
          41     7.56961     7.57679  0.00929633
          42     7.57692      7.5768  0.00907229
          43     7.74133     7.58062  0.00964988
          44     7.50652     7.57894  0.00957724
          45     7.54061     7.57809  0.00940066
          46     7.47252     7.57579  0.00947613
          47     7.60304     7.57637  0.00929042
          48     7.69209     7.57878   0.0094089
          49     7.51284     7.57744  0.00931263
          50     7.63125     7.57851  0.00918774
          51     7.50783     7.57713  0.00911181
          52     7.68099     7.57912  0.00915541
          53     7.63728     7.58022  0.00904779
          54     7.65798     7.58166  0.00899466
          55     7.52828     7.58069  0.00888279
          56      7.7018     7.58285  0.00898684
          57     7.55629     7.58239  0.00884006
          58     7.54588     7.58176  0.00870909
          59     7.55545     7.58131   0.0085718
          60     7.48969     7.57978  0.00856494
          61      7.5974     7.58007  0.00842831
          62      7.5659     7.57985  0.00829441
          63     7.57724      7.5798  0.00816179
          64     7.52949     7.57902  0.00807163
          65     7.53471     7.57834  0.00797566
          66     7.58601     7.57845  0.00785475
          67     7.54292     7.57792  0.00775479
          68     7.53926     7.57735  0.00766102
          69     7.69448     7.57905  0.00773768
          70     7.63857      7.5799  0.00767359
          71     7.54146     7.57936   0.0075841
          72     7.64805     7.58031  0.00753864
          73     7.53293     7.57966  0.00746294
          74     7.58767     7.57977  0.00736219
          75     7.63031     7.58045  0.00729455
          76     7.67751     7.58172  0.00731037
          77     7.55544     7.58138  0.00722287
          78      7.6175     7.58185  0.00714469
          79     7.62685     7.58242  0.00707664
          80     7.55836     7.58211  0.00699409
          81     7.64387     7.58288  0.00694915
          82     7.60103      7.5831  0.00686745
          83     7.58133     7.58308  0.00678424
          84     7.60711     7.58336  0.00670909
          85      7.6471     7.58411  0.00667196
          86     7.65653     7.58496  0.00664747
          87     7.48475      7.5838   0.0066708
          88     7.70446     7.58517  0.00673558
          89     7.59813     7.58532  0.00666106
          90     7.60441     7.58553  0.00659005
          91      7.5603     7.58525  0.00652313
          92     7.55328     7.58491  0.00646118
          93     7.52044     7.58421  0.00642882
          94     7.61107      7.5845  0.00636647
          95     7.55002     7.58414  0.00630954
          96     7.57071       7.584  0.00624504
          97     7.53916     7.58353  0.00619758
          98     7.47669     7.58244  0.00623015
          99       7.577     7.58239  0.00616715
         100     7.61989     7.58276  0.00611667
