 23 28 8 6 16 27 22 24 29 5 30 13 17 7 9 21 3 11 15 12 25 2 20 26 1 19 4 14 10 31 18
 31 27 23 12 18 25 1 4 5 21 24 3 26 7 16 9 14 22 13 20 8 15 11 10 29 30 2 17 28 6 19
 2 20 3 29 21 13 9 24 5 1 4 25 11 8 23 28 10 15 22 14 16 17 12 7 26 31 30 27 6 18 19
 20 16 6 7 4 1 19 12 25 18 26 5 14 9 21 24 30 31 13 22 3 29 2 8 23 28 15 11 10 27 17
 20 16 6 7 4 1 19 12 2 8 23 28 25 18 26 5 14 9 21 24 30 31 13 22 3 29 15 11 10 27 17
 6 7 4 1 19 12 25 18 26 5 14 9 21 24 30 20 16 2 8 23 28 17 11 27 15 10 31 29 3 13 22
 17 11 27 15 10 20 16 6 7 4 1 19 12 2 8 23 28 25 18 26 5 14 9 21 24 30 31 3 13 29 22
 17 11 27 15 10 20 30 22 14 26 18 7 12 19 1 5 24 9 13 21 29 3 31 28 23 8 16 2 6 25 4
 17 11 27 15 10 20 30 22 14 26 18 7 12 19 1 5 24 9 13 21 29 3 31 28 23 8 16 2 6 25 4
 17 11 27 15 10 20 30 22 14 26 18 7 12 19 1 5 24 9 13 21 29 3 31 28 23 8 16 2 6 25 4
 2 8 23 28 6 7 25 12 19 1 4 18 26 5 14 9 22 29 21 3 24 13 30 31 15 11 27 10 20 16 17
 4 1 14 22 29 9 5 3 21 24 13 30 31 26 17 11 27 15 10 20 16 2 8 23 28 6 7 19 12 25 18
 28 6 7 19 4 1 14 22 29 9 5 3 21 24 13 30 31 26 17 11 27 15 10 20 16 2 8 23 12 25 18
 4 1 14 22 29 9 5 3 21 24 13 30 31 26 17 11 27 15 10 20 16 2 8 28 23 6 7 19 12 25 18
 4 1 14 22 29 9 5 13 24 3 21 30 31 15 10 27 11 20 16 8 2 23 28 6 25 7 19 12 18 26 17
 4 19 1 14 22 29 9 5 21 3 24 13 30 31 26 17 11 27 15 10 20 16 2 8 28 23 6 7 12 25 18
 19 4 1 14 22 29 9 5 21 13 24 3 30 31 26 17 18 25 2 23 8 28 20 10 15 27 11 16 6 7 12
 4 19 1 14 22 29 21 3 24 13 9 5 30 31 26 17 11 27 15 10 20 16 8 2 23 28 6 7 25 12 18
 4 19 1 14 22 29 9 5 21 13 24 3 30 31 15 10 27 11 20 16 8 2 23 28 6 25 7 12 18 26 17
 4 19 1 14 22 13 9 5 3 21 24 29 30 31 26 17 11 27 15 10 20 16 8 2 23 28 6 25 7 12 18
 4 19 1 14 22 31 30 3 21 24 13 5 9 29 15 10 27 11 20 16 8 2 23 28 6 25 7 12 18 26 17
 4 19 1 14 22 30 29 9 5 21 24 13 3 31 26 17 20 10 15 27 11 16 28 2 8 23 6 25 7 12 18
 4 19 1 14 22 13 9 5 3 21 24 29 30 31 26 17 20 10 15 27 11 16 8 2 23 28 6 12 25 7 18
 4 19 1 14 22 13 9 5 3 21 24 29 30 31 26 17 28 23 8 11 27 15 10 20 16 2 6 25 7 12 18
 18 4 19 1 14 22 5 9 29 21 24 13 3 30 31 26 17 28 23 8 11 27 15 10 20 16 2 6 25 7 12
 4 19 1 14 5 13 9 22 3 21 24 29 30 31 26 17 28 11 27 15 10 20 16 8 2 23 6 25 7 12 18
 4 19 1 14 22 5 9 13 3 21 24 29 30 31 26 17 28 11 27 15 10 20 16 8 2 23 6 25 7 12 18
 4 19 1 14 22 5 9 13 3 21 24 29 30 31 26 17 28 11 27 15 10 20 16 8 2 23 6 25 7 12 18
 18 4 19 1 14 22 5 9 13 3 21 24 29 30 31 26 17 28 11 27 15 10 20 16 8 2 23 6 25 7 12
 18 4 19 1 14 22 5 9 13 3 21 24 29 30 31 26 17 28 11 27 15 10 20 16 8 2 23 6 12 25 7
 18 4 19 1 14 22 5 9 13 3 21 24 29 30 31 26 17 28 11 27 15 10 20 16 8 2 23 6 25 12 7
 18 4 19 1 14 22 5 9 13 3 21 24 29 30 31 26 17 28 16 20 10 15 27 11 8 2 23 6 25 7 12
 18 4 19 1 14 22 5 9 13 3 21 24 29 30 31 26 17 28 16 20 10 15 27 11 8 2 23 6 25 12 7
 18 4 19 1 14 22 5 9 13 21 24 29 3 30 31 26 17 28 8 11 27 15 10 20 16 2 23 6 25 12 7
 18 4 19 1 14 22 5 9 13 21 24 29 3 30 31 26 17 28 20 10 15 27 11 16 8 2 23 6 25 7 12
 18 4 19 1 14 22 5 9 13 21 24 29 3 30 31 26 17 28 20 10 15 27 11 16 8 2 23 6 25 7 12
 18 4 19 1 14 22 5 9 13 21 24 29 3 30 31 26 17 28 20 10 15 27 11 16 8 2 23 6 25 7 12
 18 4 19 1 14 22 5 9 13 21 24 29 3 30 31 26 17 28 20 10 15 27 11 16 8 2 23 6 25 7 12
 18 4 19 1 14 22 5 9 13 21 24 29 3 30 31 26 17 28 20 10 15 27 11 16 8 2 23 6 25 7 12
 18 4 19 1 14 22 5 9 13 21 24 29 3 30 31 26 17 28 20 10 15 27 11 16 8 2 23 6 25 7 12
 18 4 19 1 14 22 5 9 13 21 24 29 3 30 31 26 17 28 20 10 15 27 11 16 8 2 23 6 25 7 12
 18 4 19 1 14 22 5 9 13 21 24 29 3 30 31 26 17 28 20 10 15 27 11 16 8 2 23 6 25 7 12
 18 4 19 1 14 22 5 9 13 21 24 29 3 30 31 26 17 28 20 10 15 27 11 16 8 2 23 6 25 7 12
 18 4 19 1 14 22 5 9 13 21 24 29 3 30 31 26 17 28 20 10 15 27 11 16 8 2 23 6 25 7 12
 18 4 19 1 14 22 5 9 13 21 24 29 3 30 31 26 17 28 20 10 15 27 11 16 8 2 23 6 25 7 12
 18 4 19 1 14 22 5 9 13 21 24 29 3 30 31 26 17 28 20 10 15 27 11 16 8 2 23 6 25 7 12
 18 4 19 1 14 22 5 9 13 21 24 29 3 30 31 26 17 28 20 10 15 27 11 16 8 2 23 6 25 7 12
 18 4 19 1 14 22 5 9 13 24 21 3 29 30 31 26 17 28 20 10 15 27 11 16 8 2 23 6 25 12 7
 18 4 19 1 14 22 5 9 13 24 21 3 29 30 31 26 17 28 20 10 15 27 11 16 8 2 23 6 25 12 7
 18 4 19 1 14 22 5 9 13 24 21 3 29 30 31 26 17 28 20 10 15 27 11 16 8 2 23 6 25 12 7
 18 4 19 1 14 22 5 9 13 24 21 3 29 30 31 26 17 28 20 10 15 27 11 16 8 2 23 6 25 12 7
 18 4 19 1 14 22 5 9 13 24 21 3 29 30 31 26 17 28 20 10 15 27 11 16 8 2 23 6 25 12 7
 18 4 19 1 14 22 5 9 13 21 24 29 3 30 31 26 17 28 20 10 15 27 11 16 8 2 23 6 25 12 7
 18 4 19 1 14 22 5 9 13 21 24 29 3 30 31 26 17 28 20 10 15 27 11 16 8 2 23 6 25 12 7
 18 4 19 1 14 22 5 9 13 21 24 29 3 30 31 26 17 28 20 10 15 27 11 16 8 2 23 6 25 12 7
 18 4 19 1 14 22 5 9 13 21 24 29 3 30 31 26 17 28 20 10 15 27 11 16 8 2 23 6 25 12 7
 18 4 19 1 14 22 5 9 13 21 24 29 3 30 31 26 17 28 20 10 15 27 11 16 8 2 23 6 25 12 7
 18 4 19 1 14 22 5 9 13 21 24 29 3 30 31 26 17 28 20 10 15 27 11 16 8 2 23 6 25 12 7
 18 4 19 1 14 22 5 9 13 21 24 29 3 30 31 26 17 28 20 10 15 27 11 16 8 2 23 6 25 12 7
 18 4 19 1 14 22 5 9 13 21 24 29 3 30 31 26 17 28 20 10 15 27 11 16 8 2 23 6 25 12 7
 18 4 19 1 14 22 5 9 13 21 24 29 3 30 31 26 17 28 20 10 15 27 11 16 8 2 23 6 25 12 7
 18 4 19 1 14 22 5 9 13 21 24 29 3 30 31 26 17 28 20 10 15 27 11 16 8 2 23 6 25 12 7
 18 4 19 1 14 22 5 9 13 21 24 29 3 30 31 26 17 28 20 10 15 27 11 16 8 2 23 6 25 12 7
 18 4 19 1 14 22 5 9 13 21 24 29 3 30 31 26 17 28 16 20 10 15 27 11 8 2 23 6 25 12 7
 18 4 19 1 14 22 5 9 13 21 24 29 3 30 31 26 17 28 16 20 10 15 27 11 8 2 23 6 25 12 7
 18 4 19 1 14 22 5 9 13 21 24 29 3 30 31 26 17 28 16 20 10 15 27 11 8 2 23 6 25 12 7
 18 4 19 1 14 22 5 9 13 21 24 29 3 30 31 26 17 28 16 20 10 15 27 11 8 2 23 6 25 12 7
 18 4 19 1 14 22 5 9 13 21 24 29 3 30 31 26 17 28 16 20 10 15 27 11 8 2 23 6 25 12 7
 18 4 19 1 14 22 5 9 13 21 24 29 3 30 31 26 17 28 16 20 10 15 27 11 8 2 23 6 25 12 7
 18 4 19 1 14 22 5 9 13 21 24 29 3 30 31 26 17 28 16 20 10 15 27 11 8 2 23 6 25 12 7
 18 4 19 1 14 22 5 9 13 21 24 29 3 30 31 26 17 28 16 20 10 15 27 11 8 2 23 6 25 12 7
 18 4 19 1 14 22 5 9 13 21 24 29 3 30 31 26 17 28 16 20 15 10 27 11 8 2 23 6 25 12 7
 18 4 19 1 14 22 5 9 13 21 24 29 3 30 31 26 17 28 16 20 15 10 27 11 8 2 23 6 25 12 7
 18 4 19 1 14 22 5 9 13 21 24 29 3 30 31 26 17 28 16 20 15 10 27 11 8 2 23 6 25 12 7
 18 4 19 1 14 22 5 9 13 21 24 29 3 30 31 26 17 28 16 20 15 10 27 11 8 2 23 6 25 12 7
 18 4 19 1 14 22 5 9 13 21 24 29 3 30 31 26 17 28 16 20 15 10 27 11 8 2 23 6 25 12 7
 18 4 19 1 14 22 5 9 13 21 24 29 3 30 31 26 17 28 16 20 15 10 27 11 8 2 23 6 25 12 7
 18 4 19 1 14 22 5 9 13 21 24 29 3 30 31 26 17 28 16 20 15 10 27 11 8 2 23 6 25 12 7
 18 4 19 1 14 22 5 9 13 21 24 29 3 30 31 26 17 28 16 20 15 10 27 11 8 2 23 6 25 12 7
 18 4 19 1 14 22 5 9 13 21 24 29 3 30 31 26 17 28 16 20 15 10 27 11 8 2 23 6 25 12 7
 18 4 19 1 14 5 9 13 3 21 24 29 30 31 22 26 17 28 16 20 10 15 27 11 8 2 23 6 25 12 7
 18 4 19 1 14 5 9 13 3 21 24 29 30 31 22 26 17 28 16 20 10 15 27 11 8 2 23 6 25 12 7
 18 4 19 1 14 5 9 13 3 21 24 29 30 31 22 26 17 28 16 20 10 15 27 11 8 2 23 6 25 12 7
 18 4 19 1 14 5 9 13 3 21 24 29 30 31 22 26 17 28 16 20 10 15 27 11 8 2 23 6 25 12 7
 18 4 19 1 14 5 9 13 3 21 24 29 30 31 22 26 17 28 16 20 10 15 27 11 8 2 23 6 25 12 7
 18 4 19 1 14 5 9 13 3 21 24 29 30 31 22 26 17 28 16 20 10 15 27 11 8 2 23 6 25 12 7
 18 4 19 1 14 5 9 13 3 21 24 29 30 31 22 26 17 28 16 20 10 15 27 11 8 2 23 6 25 12 7
 18 4 19 1 14 5 9 13 3 21 24 29 30 31 22 26 17 28 16 20 10 15 27 11 8 2 23 6 25 12 7
 18 4 19 1 14 5 9 13 3 21 24 29 30 31 22 26 17 28 16 20 10 15 27 11 8 2 23 6 25 12 7
 18 4 19 1 14 5 9 13 3 21 24 29 30 31 22 26 17 28 16 20 10 15 27 11 8 2 23 6 25 12 7
 18 4 19 1 14 5 9 13 3 21 24 29 30 31 22 26 17 28 16 20 10 15 27 11 8 2 23 6 25 12 7
 18 4 19 1 14 5 9 13 3 21 24 29 30 31 22 26 17 28 16 20 10 15 27 11 8 2 23 6 25 12 7
 18 4 19 1 14 5 9 13 3 21 24 29 30 31 22 26 17 28 16 20 10 15 27 11 8 2 23 6 25 12 7
 18 4 19 1 14 5 9 13 3 21 24 29 30 31 22 26 17 28 16 20 10 15 27 11 8 2 23 6 25 12 7
 18 4 19 1 14 5 9 13 3 21 24 29 30 31 22 26 17 28 16 20 10 15 27 11 8 2 23 6 25 12 7
 18 4 19 1 14 5 9 13 3 21 24 29 30 31 22 26 17 28 16 20 10 15 27 11 8 2 23 6 25 12 7
 18 4 19 1 14 5 9 13 3 21 24 29 30 31 22 26 17 28 16 20 10 15 27 11 8 2 23 6 25 12 7
 18 4 19 1 14 5 9 13 3 21 24 29 30 31 22 26 17 28 16 20 10 15 27 11 8 2 23 6 25 12 7
 18 4 19 1 14 5 9 13 3 21 24 29 30 31 22 26 17 28 16 20 10 15 27 11 8 2 23 6 25 12 7
 18 4 19 1 14 5 9 13 3 21 24 29 30 31 22 26 17 28 16 20 15 10 27 11 8 2 23 6 25 12 7
