2253.7037
2048.6243
1612.6378
1369.2363
1116.113
963.60074
955.34947
785.45337
785.45337
785.45337
776.00976
719.4457
713.1799
696.99979
648.22386
632.72507
596.18757
583.14681
554.83063
517.00741
512.17055
511.15179
477.41027
468.18094
448.51827
439.71787
425.36897
425.36897
408.89432
408.06504
404.91933
392.98451
389.00953
387.5887
386.57083
386.57083
386.57083
386.57083
386.57083
386.57083
386.57083
386.57083
386.57083
386.57083
386.57083
386.57083
386.57083
385.77454
385.77454
385.77454
385.77454
385.77454
382.59584
382.59584
382.59584
382.59584
382.59584
382.59584
382.59584
382.59584
382.59584
382.59584
382.59584
381.70473
381.70473
381.70473
381.70473
381.70473
381.70473
381.70473
381.70473
380.75319
380.75319
380.75319
380.75319
380.75319
380.75319
380.75319
380.75319
380.75319
378.59349
378.59349
378.59349
378.59349
378.59349
378.59349
378.59349
378.59349
378.59349
378.59349
378.59349
378.59349
378.59349
378.59349
378.59349
378.59349
378.59349
378.59349
378.59349
377.64195
