0.497263   -0.498437   0.493137
-0.334473   -0.324166   0.487705
-0.496538   -0.339535   -0.343662
-0.332875   0.493405   -0.336619
-0.156661   0.487494   0.490471
0.00869392   -0.343881   0.498837
-0.152498   -0.342217   -0.342545
0.0135151   0.493802   -0.333106
0.16735   -0.487692   0.480851
0.329928   -0.341425   -0.495849
0.183911   -0.336045   -0.332335
0.311347   0.485441   -0.339948
0.496693   -0.168553   -0.485865
-0.337015   -0.0145767   -0.477902
-0.499147   0.00287349   -0.343271
-0.330895   -0.183764   -0.328891
-0.16195   -0.185159   -0.491952
-0.00179226   -0.0238008   -0.483984
-0.167932   -0.0189579   -0.322914
-0.00110257   -0.180018   -0.33812
0.161033   -0.179964   0.48677
0.341748   -0.00355213   0.485858
0.164893   -0.00733841   -0.343408
0.323706   -0.163499   -0.348277
-0.490895   0.165599   -0.498177
-0.33704   0.340969   0.489136
0.484553   0.318644   -0.337023
-0.338696   0.177457   -0.328874
-0.197959   0.162393   -0.499177
-0.00409508   0.333102   0.499829
-0.154103   0.310797   -0.331526
-0.00814868   0.153796   -0.359299
0.149368   0.163196   -0.498832
0.339928   0.338237   0.497761
0.152493   0.311147   -0.339876
0.32449   0.172474   -0.336246
0.499979   0.4996   -0.168802
-0.315542   -0.345159   -0.16552
-0.495512   -0.31529   0.00957768
-0.34465   -0.488215   0.0141487
-0.160538   -0.497799   -0.17208
0.0158839   -0.338138   -0.149519
-0.147594   -0.329405   0.00702664
0.0182647   0.498453   0.0158049
0.156148   0.490863   -0.155225
0.339143   -0.326567   -0.170139
0.173418   -0.328086   0.00106666
0.346583   -0.481222   0.00416571
0.497048   -0.164587   -0.178238
-0.355005   0.0131838   -0.173634
0.486792   0.00376386   -0.00263877
-0.340122   -0.164801   0.00103007
-0.151453   -0.17296   -0.157873
0.00536046   0.00564223   -0.178486
-0.154839   -0.00466482   -0.00406304
0.0151804   -0.168205   -0.00950118
0.164741   -0.173142   -0.183725
0.316943   -0.0140463   -0.181619
0.16554   0.011406   -0.00547402
0.342374   -0.157728   0.00250245
0.496935   0.184733   -0.143946
-0.339003   0.35425   -0.166451
-0.49899   0.352577   -0.0079182
-0.31943   0.176414   -0.00154885
-0.159996   0.162501   -0.160486
-0.00651086   0.341837   -0.159094
-0.165045   0.338564   -0.00785653
-0.00815108   0.16564   0.0255298
0.165076   0.189856   -0.164882
0.32036   0.342745   -0.177743
0.156462   0.329192   0.0255959
0.3237   0.202272   0.00721548
0.481003   -0.477183   0.179348
-0.321666   -0.32404   0.171534
-0.485595   -0.322005   0.316202
-0.3359   -0.494359   0.343343
-0.186092   -0.499787   0.175712
0.0134622   -0.337463   0.166485
-0.142642   -0.341545   0.317976
-0.00555484   0.492586   0.322808
0.193911   -0.488157   0.173535
0.328071   -0.318665   0.159267
0.179428   -0.32743   0.328937
0.333937   -0.480984   0.348178
0.499911   -0.157211   0.162071
-0.327978   -0.00799833   0.166496
-0.492763   -0.00346291   0.321909
-0.318835   -0.161961   0.328348
-0.152548   -0.168283   0.166204
-0.0112865   0.00893599   0.181162
-0.162084   -0.0267395   0.353871
-0.00666983   -0.184049   0.335492
0.160987   -0.173044   0.175538
0.329651   -0.0114517   0.152902
0.150995   0.00739835   0.337517
0.344962   -0.163281   0.329014
-0.489904   0.155671   0.140867
-0.346049   0.343837   0.176447
0.486134   0.358055   0.341952
-0.345363   0.164308   0.335882
-0.187447   0.177218   0.172901
-0.00194438   0.314991   0.182371
-0.177774   0.334743   0.33818
-0.0188234   0.158424   0.35151
0.163376   0.163471   0.165238
0.352993   0.335922   0.164106
0.165182   0.334397   0.334644
0.342271   0.157418   0.322177
