0.331123   -0.445566   -0.346357
-0.0398845   0.492657   0.496414
-0.354644   -0.435349   -0.325833
-0.452873   0.390316   -0.381335
-0.0491076   0.366666   -0.313607
0.0747193   -0.438576   -0.234811
-0.235243   -0.240662   -0.288812
-0.0692915   -0.455458   -0.107698
0.175881   0.402798   -0.197023
0.173782   0.476374   -0.430927
0.294982   0.298282   -0.332297
0.343149   0.266162   -0.131274
0.314122   -0.222588   0.493836
-0.426176   0.128004   -0.329991
0.396109   0.0544707   -0.271633
-0.374056   -0.0763421   -0.401536
-0.27706   -0.237754   0.279186
0.217813   -0.00115256   0.257107
-0.176068   -0.0788747   -0.460199
0.037649   0.0401134   0.482941
0.166858   -0.206758   -0.269594
0.404471   -0.0290852   0.297602
0.452397   -0.00218284   -0.448857
0.0996828   -0.328943   -0.401398
-0.27881   0.276801   -0.344355
-0.127442   -0.422547   -0.32647
0.389476   0.219527   -0.492774
-0.279483   0.16882   -0.144858
-0.0814244   -0.119531   0.348113
0.0713631   0.371886   0.385032
-0.211982   0.412213   -0.175538
-0.000840723   0.0398271   -0.304622
0.219267   0.203021   0.336923
0.272111   0.35169   0.464866
0.128443   0.243809   -0.467065
-0.412196   0.238488   0.461792
-0.474006   -0.333926   0.0194487
-0.495115   -0.475043   -0.218965
0.461534   -0.235413   0.22522
-0.281028   -0.472922   0.484248
-0.0558222   -0.253742   -0.216342
0.137677   -0.323849   -0.0664505
-0.225233   -0.369118   0.0947607
-0.00610062   -0.375864   0.116395
0.0689252   0.349451   -0.00919023
0.456907   -0.294971   -0.278113
0.203041   -0.27593   0.200423
0.19565   -0.478296   0.0310153
-0.410798   -0.0856606   -0.15492
-0.237416   -0.0101082   -0.253829
-0.475321   0.206774   -0.0240946
-0.363438   -0.309213   -0.169626
-0.352272   -0.0283923   0.38688
0.186448   0.00770275   -0.368753
-0.126816   0.058103   -0.106451
-0.178358   -0.156987   -0.0934871
0.0317467   -0.161862   -0.065667
0.358076   -0.118142   -0.245714
0.338468   -0.253224   -0.00576936
0.304222   -0.412607   -0.157586
-0.489074   0.405913   0.203714
-0.41866   0.330573   -0.172943
0.115415   0.217712   0.1319
0.415196   -0.492726   -0.019775
-0.263432   0.109251   -0.449916
-0.0653173   0.191609   -0.474888
-0.120185   0.290131   0.220919
-0.0632991   0.225607   -0.16853
0.325449   0.07938   -0.0490268
0.16897   0.179613   -0.236226
0.345282   0.341327   0.0819527
0.312069   0.1499   0.151114
-0.439672   -0.389595   0.228848
-0.355381   0.498885   -0.050037
-0.477205   -0.384963   0.467133
0.473105   0.409241   0.417133
-0.160003   -0.486926   0.262794
-0.0861153   -0.306069   0.29351
-0.121411   -0.305445   -0.487398
0.104539   -0.392801   0.396445
0.0531814   0.418558   0.193282
0.122797   -0.146127   0.348162
0.096397   -0.141253   -0.471344
0.296253   -0.442125   0.373269
-0.329421   -0.200483   0.0507433
-0.345959   0.157348   0.277324
-0.324172   -0.0200071   0.187107
-0.307377   0.00107913   -0.00384525
-0.117053   -0.119197   0.074315
0.159497   -0.035112   -0.157971
-0.157065   0.092046   0.158589
0.019588   -0.0232252   0.178711
0.232704   -0.0800747   0.030121
0.46354   -0.053551   0.0489836
0.281945   0.0527034   0.446686
-0.454043   -0.176726   0.465337
-0.481583   0.115659   0.147753
-0.172021   0.394805   0.0166941
0.259224   0.392502   0.265206
-0.157287   0.0619045   0.351529
-0.314919   0.234975   0.0792873
-0.0736593   0.224201   0.033779
-0.328483   0.38301   0.287307
0.0267513   0.141453   0.302132
0.0837185   0.0637122   0.00405932
0.340876   -0.449201   0.159107
-0.210337   0.258173   0.421545
0.447508   0.236071   0.32533
