2040.9205
1854.0527
1341.3519
1205.0242
1075.5992
956.02854
886.15418
825.26892
739.6516
739.6516
727.12553
683.28784
683.28784
646.91755
644.70914
630.15854
616.90846
602.33369
573.54993
547.01411
547.01411
547.01411
527.35567
525.92059
516.53854
507.72881
507.72881
489.27233
489.27233
489.27233
486.70899
486.70899
482.44644
481.09844
481.09844
476.57786
472.90534
468.41165
468.41165
468.41165
462.17458
460.01638
459.87226
459.87226
454.49026
454.02986
454.02986
454.02986
447.18546
441.30149
441.30149
441.30149
441.30149
441.30149
441.30149
441.30149
441.30149
440.39692
440.39692
440.39692
440.39692
440.39692
439.51544
434.51295
434.51295
434.51295
434.51295
434.51295
434.51295
432.67104
432.67104
432.67104
432.67104
432.67104
432.67104
432.67104
432.67104
432.67104
432.67104
432.67104
432.67104
432.67104
432.67104
432.67104
432.67104
432.67104
432.67104
432.67104
432.67104
432.67104
432.67104
431.69528
429.85336
429.85336
429.85336
429.85336
429.85336
429.85336
429.85336
429.85336
