 3913.63
 2797.88
 2263.51
 1813.67
 1545.16
 1402.43
 1287.99
 1190.15
 1086.43
 1000.44
 921.652
 851.825
 793.252
 738.801
 689.739
 654.29
 629.526
 609.173
 592.752
 577.831
 562.652
 546.322
 527.916
 508.279
 488.247
 471.835
 458.292
 451.065
 445.751
 441.144
 437.352
 434.159
 431.882
 430.447
 428.67
 426.892
 425.115
 423.447
 421.519
 419.317
 416.514
 414.634
 411.82
 410.183
 407.399
 404.774
 403.076
 401.856
 400.611
 399.313
 398.316
 397.624
 397.199
 396.903
 396.708
 396.525
 396.319
 396.284
 396.156
 396.059
 396.038
 395.872
 395.776
 395.601
 395.565
 395.481
 395.463
 395.353
 395.303
 395.226
 395.174
 395.116
 395.025
 394.97
 394.834
 394.819
 394.741
 394.637
 394.602
 394.556
 394.451
 394.485
 394.436
 394.39
 394.376
 394.353
 394.334
 394.331
 394.387
 394.351
 394.342
 394.307
 394.31
 394.293
 394.253
 394.263
 394.248
 394.264
 394.218
 394.181
