 6 13 24 9 22 29 25 2 7 26 5 10 14 4 17 1 18 23 28 27 3 21 31 15 11 30 20 8 16 19 12
 19 9 3 31 13 21 24 16 2 18 25 4 7 23 6 28 11 27 10 14 26 17 29 20 15 22 1 5 30 8 12
 19 9 3 31 13 21 24 26 2 18 25 4 7 23 12 6 28 11 27 10 20 8 1 5 22 14 30 29 15 16 17
 4 14 1 19 9 3 31 13 21 24 26 2 18 25 7 23 12 6 28 11 27 10 20 29 5 22 30 15 16 8 17
 19 1 4 14 9 3 31 13 21 24 26 2 18 25 7 23 12 6 28 11 27 10 20 8 16 15 29 30 22 5 17
 4 19 1 14 9 3 31 13 21 24 26 2 18 25 7 23 12 6 28 11 27 10 20 8 16 15 29 5 22 30 17
 4 14 19 1 5 9 3 31 13 21 24 30 29 15 16 8 20 10 27 11 28 6 12 23 7 25 18 2 26 22 17
 4 14 1 19 7 17 22 5 13 21 24 9 3 31 26 2 23 25 18 12 6 28 11 27 10 20 8 16 15 29 30
 4 14 1 19 7 17 22 5 13 21 24 9 3 31 26 2 23 25 18 12 6 28 11 27 10 20 30 29 15 16 8
 4 14 19 1 5 9 3 31 17 26 22 13 21 24 29 30 15 11 20 10 27 28 8 12 6 16 2 23 7 18 25
 4 19 1 14 17 26 22 9 3 31 13 21 24 5 29 30 15 11 20 10 27 28 8 12 6 16 2 23 7 18 25
 7 25 18 4 19 1 14 5 9 3 31 13 21 24 29 30 15 11 20 10 27 22 26 17 28 8 2 6 16 23 12
 4 19 1 14 5 9 3 31 17 26 22 13 21 24 29 30 15 11 20 10 27 28 8 12 6 16 2 23 7 18 25
 4 19 1 14 5 9 3 31 17 26 22 13 21 24 29 30 8 16 15 20 10 27 11 28 6 2 23 25 7 18 12
 4 19 1 14 5 24 21 13 9 3 31 22 26 18 25 7 12 23 2 6 28 8 16 11 27 10 20 15 29 30 17
 4 19 14 1 5 9 3 31 17 26 22 13 21 24 29 30 15 11 20 10 27 16 8 28 6 2 23 25 7 12 18
 4 19 1 14 5 9 3 31 17 26 22 13 21 24 29 30 15 11 20 10 27 16 8 28 6 2 23 25 7 18 12
 4 19 1 14 5 9 3 31 17 26 22 13 21 24 29 30 15 20 11 10 27 16 8 28 6 2 23 25 7 12 18
 4 19 1 14 5 9 3 31 17 26 22 13 21 24 29 30 15 11 27 10 20 16 8 28 2 23 6 12 25 7 18
 4 19 1 14 5 9 3 31 17 26 22 13 21 24 29 30 15 11 27 10 20 16 8 28 2 23 6 12 25 7 18
 18 4 19 1 14 5 9 3 31 17 26 22 13 21 24 29 30 15 20 10 27 11 16 8 28 6 2 23 12 25 7
 4 19 1 14 5 9 3 31 17 26 22 13 21 24 29 30 15 20 10 27 11 16 8 28 2 23 6 25 7 12 18
 4 19 1 14 5 9 3 31 17 26 22 13 21 24 29 30 15 20 10 27 11 16 8 28 2 23 6 25 7 12 18
 18 4 19 1 14 5 9 3 31 17 26 22 13 21 24 29 30 15 20 10 27 11 16 8 28 2 23 6 25 7 12
 18 19 4 1 14 5 9 3 31 17 26 22 13 21 24 29 30 15 20 10 27 11 16 8 28 2 23 6 25 12 7
 18 4 19 1 14 5 9 22 26 17 31 3 13 21 24 29 30 15 20 10 27 11 16 8 28 2 23 6 25 7 12
 18 4 19 1 14 5 9 22 26 17 31 3 13 21 24 29 30 15 20 10 27 11 16 8 28 2 23 6 25 7 12
 18 4 19 1 14 5 9 22 26 17 31 3 13 21 24 29 30 15 20 10 27 11 16 8 28 2 23 6 25 7 12
 18 4 19 1 14 5 9 22 26 17 31 3 13 21 24 29 30 15 20 10 27 11 16 8 28 2 23 6 25 12 7
 18 4 19 1 14 5 9 22 26 17 31 3 13 21 24 29 30 15 20 10 27 11 16 8 28 2 23 6 25 12 7
 18 4 19 1 14 5 9 22 26 17 31 3 13 21 24 29 30 15 20 10 27 11 16 8 28 2 23 6 25 12 7
 18 4 19 1 14 5 9 3 29 24 21 13 22 26 17 31 30 15 20 10 27 11 16 8 28 2 23 6 7 25 12
 18 4 19 1 14 5 9 3 29 24 21 13 22 26 17 31 30 15 20 10 27 11 16 8 28 2 23 6 7 25 12
 18 4 19 1 14 5 9 3 29 24 21 13 22 26 17 31 30 15 20 10 27 11 16 8 28 2 23 6 7 25 12
 18 4 19 1 14 5 9 3 29 24 21 13 22 26 17 31 30 15 20 10 27 11 16 8 28 2 23 6 7 25 12
 18 4 19 1 14 5 9 3 29 24 21 13 22 26 17 31 30 15 20 10 27 11 16 8 28 2 23 6 7 25 12
 18 4 19 1 14 5 9 3 29 24 21 13 22 26 17 31 30 15 20 10 27 11 16 8 28 2 23 6 7 25 12
 18 4 19 1 14 5 9 3 29 24 21 13 22 26 17 31 30 15 20 10 27 11 16 8 28 2 23 6 7 25 12
 18 4 19 1 14 5 9 3 29 24 21 13 22 26 17 31 30 15 20 10 27 11 16 8 28 2 23 6 7 25 12
 18 4 19 1 14 5 9 3 29 24 21 13 22 26 17 31 30 15 20 10 27 11 16 8 28 2 23 6 7 25 12
 18 4 19 1 14 5 9 3 29 24 21 13 22 26 17 31 30 15 20 10 27 11 16 8 28 2 23 6 7 25 12
 18 4 19 1 14 5 9 3 29 24 21 13 22 26 17 31 30 15 20 10 27 11 16 8 28 2 23 6 7 25 12
 7 25 6 23 2 28 8 16 11 27 10 15 20 30 31 17 26 22 13 21 24 29 3 9 5 14 1 19 4 18 12
 7 25 6 23 2 28 8 16 11 27 10 15 20 30 31 17 26 22 13 21 24 29 3 9 5 14 1 19 4 18 12
 7 25 6 23 2 28 8 16 11 27 10 15 20 30 31 17 26 22 13 21 24 29 3 9 5 14 1 19 4 18 12
 7 25 6 23 2 28 8 16 11 27 10 15 20 30 31 17 26 22 13 21 24 29 3 9 5 14 1 19 4 18 12
 7 25 6 23 2 28 8 16 11 27 10 15 20 30 31 17 26 22 13 21 24 29 3 9 5 14 1 19 4 18 12
 7 25 18 4 19 1 14 5 9 13 21 24 29 3 22 26 17 31 30 20 15 10 27 11 16 8 28 2 23 6 12
 7 25 18 4 19 1 14 5 9 13 21 24 29 3 22 26 17 31 30 20 15 10 27 11 16 8 28 2 23 6 12
 7 25 18 4 19 1 14 5 9 13 21 24 29 3 22 26 17 31 30 20 15 10 27 11 16 8 28 2 23 6 12
 7 25 18 4 19 1 14 5 9 13 21 24 29 3 22 26 17 31 30 20 15 10 27 11 16 8 28 2 23 6 12
 7 25 18 4 19 1 14 5 9 13 21 24 29 3 22 26 17 31 30 20 15 10 27 11 16 8 28 2 23 6 12
 7 25 18 4 19 1 14 5 9 13 21 24 29 3 22 26 17 31 30 20 15 10 27 11 16 8 28 2 23 6 12
 7 25 18 4 19 1 14 5 9 13 21 24 29 3 22 26 17 31 30 20 15 10 27 11 16 8 28 2 23 6 12
 7 25 18 4 19 1 14 5 9 13 21 24 29 3 22 26 17 31 30 20 15 10 27 11 16 8 28 2 23 6 12
 7 25 18 4 19 1 14 5 9 13 21 24 29 3 22 26 17 31 30 20 15 10 27 11 16 8 28 2 23 6 12
 7 25 18 4 19 1 14 5 9 13 21 24 29 3 22 26 17 31 30 20 15 10 27 11 16 8 28 2 23 6 12
 7 25 18 4 19 1 14 5 9 13 21 24 29 3 22 26 17 31 30 20 15 10 27 11 16 8 28 2 23 6 12
 25 7 18 4 19 1 14 5 9 13 21 24 29 3 22 26 17 31 30 20 15 10 27 11 16 8 28 2 23 6 12
 25 7 18 4 19 1 14 5 9 13 21 24 29 3 22 26 17 31 30 20 15 10 27 11 16 8 28 2 23 6 12
 7 25 6 23 2 28 8 16 11 27 10 15 20 30 31 17 26 22 3 29 24 21 13 9 5 14 1 19 4 18 12
 7 25 6 23 2 28 8 16 11 27 10 15 20 30 31 17 26 22 3 29 24 21 13 9 5 14 1 19 4 18 12
 7 25 6 23 2 28 8 16 11 27 10 15 20 30 31 17 26 22 3 29 24 21 13 9 5 14 1 19 4 18 12
 7 25 6 23 2 28 8 16 11 27 10 15 20 30 31 17 26 22 3 29 24 21 13 9 5 14 1 19 4 18 12
 7 25 6 23 2 28 8 16 11 27 10 15 20 30 31 17 26 22 3 29 24 21 13 9 5 14 1 19 4 18 12
 7 25 6 23 2 28 8 16 11 27 10 15 20 30 31 17 26 22 3 29 24 21 13 9 5 14 1 19 4 18 12
 7 25 6 23 2 28 8 16 11 27 10 15 20 30 31 17 26 22 3 29 24 21 13 9 5 14 1 19 4 18 12
 7 25 6 23 2 28 8 16 11 27 10 15 20 30 31 17 26 22 3 29 24 21 13 9 5 14 1 19 4 18 12
 7 25 6 23 2 28 8 16 11 27 10 15 20 30 31 17 26 22 3 29 24 21 13 9 5 14 1 19 4 18 12
 7 25 18 4 19 1 14 17 26 22 5 9 13 21 24 29 3 31 30 20 15 10 27 11 16 8 28 2 23 6 12
 7 25 18 4 19 1 14 17 26 22 5 9 13 21 24 29 3 31 30 20 15 10 27 11 16 8 28 2 23 6 12
 7 25 18 4 19 1 14 17 26 22 5 9 13 21 24 29 3 31 30 20 15 10 27 11 16 8 28 2 23 6 12
 7 25 18 4 19 1 14 17 26 22 5 9 13 21 24 29 3 31 30 20 15 10 27 11 16 8 28 2 23 6 12
 7 25 18 4 19 1 14 17 26 22 5 9 13 21 24 29 3 31 30 20 15 10 27 11 16 8 28 2 23 6 12
 7 25 18 4 19 1 14 17 26 22 5 9 13 21 24 29 3 31 30 20 15 10 27 11 16 8 28 2 23 6 12
 7 25 18 4 19 1 14 17 26 22 5 9 13 21 24 29 3 31 30 20 15 10 27 11 16 8 28 2 23 6 12
 7 25 18 4 19 1 14 17 26 22 5 9 13 21 24 29 3 31 30 20 15 10 27 11 16 8 28 2 23 6 12
 7 25 18 4 19 1 14 17 26 22 5 9 13 21 24 29 3 31 30 20 15 10 27 11 16 8 28 2 23 6 12
 7 25 18 4 19 1 14 17 26 22 5 9 13 21 24 29 3 31 30 20 15 10 27 11 16 8 28 2 23 6 12
 7 25 18 4 19 1 14 17 26 22 5 9 13 21 24 29 3 31 30 20 15 10 27 11 16 8 28 2 23 6 12
 25 7 18 4 19 1 14 17 26 22 5 9 13 21 24 29 3 31 30 20 15 10 27 11 16 8 28 2 23 6 12
 25 7 18 4 19 1 14 17 26 22 5 9 13 21 24 29 3 31 30 20 15 10 27 11 16 8 28 2 23 6 12
 25 7 18 4 19 1 14 17 26 22 5 9 13 21 24 29 3 31 30 20 15 10 27 11 16 8 28 2 23 6 12
 25 7 18 4 19 1 14 17 26 22 5 9 13 21 24 29 3 31 30 20 15 10 27 11 16 8 28 2 23 6 12
 25 7 18 4 19 1 14 17 26 22 5 9 13 21 24 29 3 31 30 20 15 10 27 11 16 8 28 2 23 6 12
 25 7 18 4 19 1 14 17 26 22 5 9 13 21 24 29 3 31 30 20 15 10 27 11 16 8 28 2 23 6 12
 25 7 18 4 19 1 14 17 26 22 5 9 13 21 24 29 3 31 30 20 15 10 27 11 16 8 28 2 23 6 12
 25 7 18 4 19 1 14 17 26 22 5 9 13 21 24 29 3 31 30 20 15 10 27 11 16 8 28 2 23 6 12
 25 7 18 4 19 1 14 17 26 22 5 9 13 21 24 29 3 31 30 20 15 10 27 11 16 8 28 2 23 6 12
 14 1 4 19 18 12 25 7 6 23 2 28 8 16 11 27 10 15 20 30 31 3 29 24 21 13 9 5 22 26 17
 14 1 4 19 18 12 25 7 6 23 2 28 8 16 11 27 10 15 20 30 31 3 29 24 21 13 9 5 22 26 17
 14 1 4 19 18 12 25 7 6 23 2 28 8 16 11 27 10 15 20 30 31 3 29 24 21 13 9 5 22 26 17
 14 1 4 19 18 12 25 7 6 23 2 28 8 16 11 27 10 15 20 30 31 3 29 24 21 13 9 5 22 26 17
 14 1 4 19 18 12 25 7 6 23 2 28 8 16 11 27 10 15 20 30 31 3 29 24 21 13 9 5 22 26 17
 14 1 4 19 18 12 25 7 6 23 2 28 8 16 11 27 10 15 20 30 31 3 29 24 21 13 9 5 22 26 17
 14 1 4 19 18 12 25 7 6 23 2 28 8 16 11 27 10 15 20 30 31 3 29 24 21 13 9 5 22 26 17
 14 1 4 19 18 12 25 7 6 23 2 28 8 16 11 27 10 15 20 30 31 3 29 24 21 13 9 5 22 26 17
 14 1 4 19 18 12 25 7 6 23 2 28 8 16 11 27 10 15 20 30 31 3 29 24 21 13 9 5 22 26 17
 14 1 4 19 18 12 25 7 6 23 2 28 8 16 11 27 10 15 20 30 31 3 29 24 21 13 9 5 22 26 17
 14 1 4 19 18 12 25 7 6 23 2 28 8 16 11 27 10 15 20 30 31 3 29 24 21 13 9 5 22 26 17
