 6 13 24 9 22 29 25 2 7 26 5 10 14 4 17 1 18 23 28 27 3 21 31 15 11 30 20 8 16 19 12
 19 9 3 31 13 21 24 16 2 18 25 4 7 23 6 28 11 27 10 14 26 17 29 20 15 22 1 5 30 8 12
 19 14 26 17 29 9 3 31 13 21 24 16 2 18 25 4 7 23 6 28 11 27 10 20 15 22 1 5 30 8 12
 19 16 2 18 25 4 7 23 12 6 28 11 27 10 8 17 26 9 3 31 13 21 24 5 22 20 15 30 29 14 1
 6 16 25 2 12 19 9 3 31 13 21 24 29 5 1 22 14 26 17 18 4 7 23 28 11 27 10 20 15 30 8
 19 18 25 4 7 23 28 11 27 10 29 20 15 30 9 3 31 13 21 24 5 1 22 14 26 16 2 6 12 8 17
 19 18 25 4 7 6 28 14 1 9 3 31 13 21 24 29 5 22 26 17 16 2 23 11 27 10 20 15 30 8 12
 19 17 26 14 22 9 3 31 13 21 24 29 30 5 1 18 25 4 7 23 28 11 27 10 20 15 16 2 6 8 12
 6 16 25 19 18 4 7 17 26 14 1 22 9 3 31 13 21 24 5 29 30 15 11 20 10 27 28 8 2 23 12
 4 19 1 14 9 5 22 30 3 31 13 21 24 29 15 16 8 20 10 27 11 28 7 18 25 23 12 6 2 17 26
 4 19 1 14 9 3 31 29 30 13 21 24 5 22 26 18 25 12 6 7 23 28 11 27 10 20 15 16 2 8 17
 4 14 1 19 18 25 7 12 6 23 28 17 26 5 22 9 3 31 13 21 24 29 30 15 11 20 10 27 8 16 2
 4 14 1 19 18 25 7 12 6 23 28 17 26 5 22 9 3 31 13 21 24 29 30 15 11 27 10 20 16 8 2
 4 14 1 19 18 25 7 12 6 23 28 17 26 5 22 9 3 31 13 21 24 29 30 15 11 27 10 20 16 8 2
 4 19 1 14 18 25 7 12 6 23 28 17 26 5 22 9 3 31 13 21 24 29 30 20 15 10 11 27 8 16 2
 4 19 1 14 18 25 7 12 6 23 28 17 26 5 22 9 3 31 13 21 24 29 30 15 20 10 27 11 16 8 2
 4 19 1 14 18 12 25 7 6 23 28 17 26 22 5 9 3 31 13 21 24 29 30 20 15 10 27 11 16 2 8
 4 19 1 14 18 25 7 12 6 23 28 17 26 22 5 9 3 31 13 21 24 29 30 20 15 10 27 11 16 8 2
 4 19 18 25 7 12 6 23 28 17 26 14 1 5 22 9 3 31 13 21 24 29 30 20 15 10 27 11 16 8 2
 4 19 1 14 5 9 3 31 17 26 22 13 21 24 29 30 15 11 27 10 20 16 8 28 2 23 6 12 25 7 18
 4 19 1 14 5 9 3 31 17 26 22 13 21 24 29 30 15 11 27 10 20 16 8 28 2 23 6 12 25 7 18
 4 19 1 14 5 9 3 31 17 26 22 13 21 24 29 30 15 11 27 10 20 16 8 28 2 23 6 12 25 7 18
 4 19 1 14 5 9 3 31 17 26 22 13 21 24 29 30 15 11 27 10 20 16 8 28 2 23 6 12 25 7 18
 4 19 1 14 5 9 3 31 17 26 22 13 21 24 29 30 15 11 27 10 20 16 8 28 2 23 6 12 25 7 18
 4 19 1 14 5 9 3 31 17 26 22 13 21 24 29 30 15 11 27 10 20 16 8 28 2 23 6 12 25 7 18
 4 19 1 14 5 9 3 31 17 26 22 13 21 24 29 30 15 11 27 10 20 16 8 28 2 23 6 12 25 7 18
 4 19 1 14 5 9 3 31 17 26 22 13 21 24 29 30 15 11 27 10 20 16 8 28 2 23 6 12 25 7 18
 4 19 1 14 5 9 3 31 17 26 22 13 21 24 29 30 15 11 27 10 20 16 8 28 2 23 6 12 25 7 18
 4 19 1 14 5 9 3 31 17 26 22 13 21 24 29 30 15 11 27 10 20 16 8 28 2 23 6 12 25 7 18
 18 4 19 1 14 5 9 22 26 17 31 3 13 21 24 29 30 15 20 10 27 11 16 8 28 2 23 6 25 12 7
 18 4 19 1 14 5 9 22 26 17 31 3 13 21 24 29 30 15 20 10 27 11 16 8 28 2 23 6 25 12 7
 18 4 19 1 14 5 9 22 26 17 31 3 13 21 24 29 30 15 20 10 27 11 16 8 28 2 23 6 25 12 7
 18 4 19 1 14 5 9 22 26 17 31 3 13 21 24 29 30 15 20 10 27 11 16 8 28 2 23 6 25 12 7
 18 4 19 1 14 5 9 22 26 17 31 3 13 21 24 29 30 15 20 10 27 11 16 8 28 2 23 6 25 12 7
 18 4 19 1 14 5 9 22 26 17 31 3 13 21 24 29 30 15 20 10 27 11 16 8 28 2 23 6 25 12 7
 18 4 19 1 14 5 9 22 26 17 31 3 13 21 24 29 30 15 20 10 27 11 16 8 28 2 23 6 25 12 7
 18 4 19 1 14 5 9 22 26 17 31 3 13 21 24 29 30 15 20 10 27 11 16 8 28 2 23 6 25 12 7
 18 4 19 1 14 5 9 22 26 17 31 3 13 21 24 29 30 15 20 10 27 11 16 8 28 2 23 6 25 12 7
 18 4 19 1 14 5 9 22 26 17 31 3 13 21 24 29 30 15 20 10 27 11 16 8 28 2 23 6 25 12 7
 18 4 19 1 14 5 9 3 29 24 21 13 22 26 17 31 30 15 20 10 27 11 16 8 28 2 23 6 7 25 12
 18 4 19 1 14 5 9 3 29 24 21 13 22 26 17 31 30 15 20 10 27 11 16 8 28 2 23 6 7 25 12
 18 4 19 1 14 5 9 3 29 24 21 13 22 26 17 31 30 15 20 10 27 11 16 8 28 2 23 6 7 25 12
 18 4 19 1 14 5 9 3 29 24 21 13 22 26 17 31 30 15 20 10 27 11 16 8 28 2 23 6 7 25 12
 18 4 19 1 14 5 9 3 29 24 21 13 22 26 17 31 30 15 20 10 27 11 16 8 28 2 23 6 7 25 12
 18 4 19 1 14 5 9 3 29 24 21 13 22 26 17 31 30 15 20 10 27 11 16 8 28 2 23 6 7 25 12
 18 4 19 1 14 5 9 3 29 24 21 13 22 26 17 31 30 15 20 10 27 11 16 8 28 2 23 6 7 25 12
 18 4 19 1 14 5 9 3 29 24 21 13 22 26 17 31 30 15 20 10 27 11 16 8 28 2 23 6 7 25 12
 18 4 19 1 14 5 9 3 29 24 21 13 22 26 17 31 30 15 20 10 27 11 16 8 28 2 23 6 7 25 12
 18 4 19 1 14 5 9 3 29 24 21 13 22 26 17 31 30 15 20 10 27 11 16 8 28 2 23 6 7 25 12
 7 25 18 4 19 1 14 5 9 13 21 24 29 3 22 26 17 31 30 20 15 10 27 11 16 8 28 2 23 6 12
 7 25 18 4 19 1 14 5 9 13 21 24 29 3 22 26 17 31 30 20 15 10 27 11 16 8 28 2 23 6 12
 7 25 18 4 19 1 14 5 9 13 21 24 29 3 22 26 17 31 30 20 15 10 27 11 16 8 28 2 23 6 12
 7 25 18 4 19 1 14 5 9 13 21 24 29 3 22 26 17 31 30 20 15 10 27 11 16 8 28 2 23 6 12
 7 25 18 4 19 1 14 5 9 13 21 24 29 3 22 26 17 31 30 20 15 10 27 11 16 8 28 2 23 6 12
 7 25 18 4 19 1 14 5 9 13 21 24 29 3 22 26 17 31 30 20 15 10 27 11 16 8 28 2 23 6 12
 7 25 18 4 19 1 14 5 9 13 21 24 29 3 22 26 17 31 30 20 15 10 27 11 16 8 28 2 23 6 12
 7 25 18 4 19 1 14 5 9 13 21 24 29 3 22 26 17 31 30 20 15 10 27 11 16 8 28 2 23 6 12
 7 25 18 4 19 1 14 5 9 13 21 24 29 3 22 26 17 31 30 20 15 10 27 11 16 8 28 2 23 6 12
 7 25 18 4 19 1 14 5 9 13 21 24 29 3 22 26 17 31 30 20 15 10 27 11 16 8 28 2 23 6 12
 25 7 18 4 19 1 14 5 9 13 21 24 29 3 22 26 17 31 30 20 15 10 27 11 16 8 28 2 23 6 12
 25 7 18 4 19 1 14 5 9 13 21 24 29 3 22 26 17 31 30 20 15 10 27 11 16 8 28 2 23 6 12
 25 7 18 4 19 1 14 5 9 13 21 24 29 3 22 26 17 31 30 20 15 10 27 11 16 8 28 2 23 6 12
 25 7 18 4 19 1 14 5 9 13 21 24 29 3 22 26 17 31 30 20 15 10 27 11 16 8 28 2 23 6 12
 25 7 18 4 19 1 14 5 9 13 21 24 29 3 22 26 17 31 30 20 15 10 27 11 16 8 28 2 23 6 12
 25 7 18 4 19 1 14 5 9 13 21 24 29 3 22 26 17 31 30 20 15 10 27 11 16 8 28 2 23 6 12
 25 7 18 4 19 1 14 5 9 13 21 24 29 3 22 26 17 31 30 20 15 10 27 11 16 8 28 2 23 6 12
 25 7 18 4 19 1 14 5 9 13 21 24 29 3 22 26 17 31 30 20 15 10 27 11 16 8 28 2 23 6 12
 25 7 18 4 19 1 14 5 9 13 21 24 29 3 22 26 17 31 30 20 15 10 27 11 16 8 28 2 23 6 12
 25 7 18 4 19 1 14 5 9 13 21 24 29 3 22 26 17 31 30 20 15 10 27 11 16 8 28 2 23 6 12
 7 25 6 23 2 28 8 16 11 27 10 15 20 30 31 17 26 22 3 29 24 21 13 9 5 14 1 19 4 18 12
 7 25 6 23 2 28 8 16 11 27 10 15 20 30 31 17 26 22 3 29 24 21 13 9 5 14 1 19 4 18 12
 7 25 6 23 2 28 8 16 11 27 10 15 20 30 31 17 26 22 3 29 24 21 13 9 5 14 1 19 4 18 12
 7 25 6 23 2 28 8 16 11 27 10 15 20 30 31 17 26 22 3 29 24 21 13 9 5 14 1 19 4 18 12
 7 25 6 23 2 28 8 16 11 27 10 15 20 30 31 17 26 22 3 29 24 21 13 9 5 14 1 19 4 18 12
 7 25 6 23 2 28 8 16 11 27 10 15 20 30 31 17 26 22 3 29 24 21 13 9 5 14 1 19 4 18 12
 7 25 6 23 2 28 8 16 11 27 10 15 20 30 31 17 26 22 3 29 24 21 13 9 5 14 1 19 4 18 12
 7 25 6 23 2 28 8 16 11 27 10 15 20 30 31 17 26 22 3 29 24 21 13 9 5 14 1 19 4 18 12
 7 25 6 23 2 28 8 16 11 27 10 15 20 30 31 17 26 22 3 29 24 21 13 9 5 14 1 19 4 18 12
 7 25 6 23 2 28 8 16 11 27 10 15 20 30 31 17 26 22 3 29 24 21 13 9 5 14 1 19 4 18 12
 7 25 18 4 19 1 14 17 26 22 5 9 13 21 24 29 3 31 30 20 15 10 27 11 16 8 28 2 23 6 12
 7 25 18 4 19 1 14 17 26 22 5 9 13 21 24 29 3 31 30 20 15 10 27 11 16 8 28 2 23 6 12
 7 25 18 4 19 1 14 17 26 22 5 9 13 21 24 29 3 31 30 20 15 10 27 11 16 8 28 2 23 6 12
 14 1 4 19 18 12 25 7 6 23 2 28 8 16 11 27 10 15 20 30 31 3 29 24 21 13 9 5 22 26 17
 14 1 4 19 18 12 25 7 6 23 2 28 8 16 11 27 10 15 20 30 31 3 29 24 21 13 9 5 22 26 17
 14 1 4 19 18 12 25 7 6 23 2 28 8 16 11 27 10 15 20 30 31 3 29 24 21 13 9 5 22 26 17
 14 1 4 19 18 12 25 7 6 23 2 28 8 16 11 27 10 15 20 30 31 3 29 24 21 13 9 5 22 26 17
 14 1 4 19 18 12 25 7 6 23 2 28 8 16 11 27 10 15 20 30 31 3 29 24 21 13 9 5 22 26 17
 14 1 4 19 18 12 25 7 6 23 2 28 8 16 11 27 10 15 20 30 31 3 29 24 21 13 9 5 22 26 17
 14 1 4 19 18 12 25 7 6 23 2 28 8 16 11 27 10 15 20 30 31 3 29 24 21 13 9 5 22 26 17
 14 1 4 19 18 12 25 7 6 23 2 28 8 16 11 27 10 15 20 30 31 3 29 24 21 13 9 5 22 26 17
 14 1 4 19 18 12 25 7 6 23 2 28 8 16 11 27 10 15 20 30 31 3 29 24 21 13 9 5 22 26 17
 14 1 4 19 18 12 25 7 6 23 2 28 8 16 11 27 10 15 20 30 31 3 29 24 21 13 9 5 22 26 17
 14 1 4 19 18 12 25 7 6 23 2 28 8 16 11 27 10 15 20 30 31 3 29 24 21 13 9 5 22 26 17
 14 1 4 19 18 12 25 7 6 23 2 28 8 16 11 27 10 15 20 30 31 3 29 24 21 13 9 5 22 26 17
 14 1 4 19 18 12 25 7 6 23 2 28 8 16 11 27 10 15 20 30 31 3 29 24 21 13 9 5 22 26 17
 14 1 4 19 18 12 25 7 6 23 2 28 8 16 11 27 10 15 20 30 31 3 29 24 21 13 9 5 22 26 17
 14 1 4 19 18 12 25 7 6 23 2 28 8 16 11 27 10 15 20 30 31 3 29 24 21 13 9 5 22 26 17
 14 1 4 19 18 12 25 7 6 23 2 28 8 16 11 27 10 15 20 30 31 3 29 24 21 13 9 5 22 26 17
 14 1 4 19 18 12 25 7 6 23 2 28 8 16 11 27 10 15 20 30 31 3 29 24 21 13 9 5 22 26 17
 14 1 19 4 18 12 25 7 6 23 2 28 8 16 11 27 10 15 20 30 31 3 29 24 21 13 9 5 22 26 17
