2483.74
2483.74
2483.74
2483.74
2483.74
2483.74
2483.74
2483.74
2483.74
786.322
786.322
786.322
786.322
786.322
786.322
786.322
786.322
786.322
786.322
461.202
461.202
461.202
461.202
461.202
461.202
461.202
461.202
461.202
461.202
394.357
394.357
394.357
394.357
394.357
394.357
394.357
394.357
394.357
394.357
391.174
391.174
391.174
391.174
391.174
391.174
391.174
391.174
391.174
391.174
388.39
388.39
388.39
388.39
388.39
388.39
388.39
388.39
388.39
388.39
387.438
387.438
387.438
387.438
387.438
387.438
387.438
387.438
387.438
387.438
387.438
387.438
387.438
387.438
387.438
387.438
387.438
387.438
387.438
387.438
371.168
371.168
371.168
371.168
371.168
371.168
371.168
371.168
371.168
371.168
371.168
371.168
371.168
371.168
371.168
371.168
371.168
371.168
371.168
371.168
366.01
