2483.74
1977.94
1559.51
1328.07
1199.66
1098.65
1028.82
932.336
852.898
797.289
719.911
662.543
618.668
618.668
598.554
580.222
548.726
532.786
514.863
473.683
473.683
473.683
473.683
473.683
473.683
473.683
473.683
473.683
473.683
422.718
422.718
422.718
422.718
422.718
422.718
422.718
422.718
422.718
422.718
413.569
413.569
413.569
413.569
413.569
413.569
413.569
413.569
413.569
413.569
408.325
408.325
408.325
408.325
408.325
408.325
408.325
408.325
408.325
408.325
407.631
407.631
407.631
407.631
407.631
407.631
407.631
407.631
407.631
407.631
395.738
395.738
395.738
395.738
395.738
395.738
395.738
395.738
395.738
395.738
395.695
395.695
395.695
380.694
380.694
380.694
380.694
380.694
380.694
380.694
380.694
380.694
380.694
380.694
380.694
380.694
380.694
380.694
380.694
380.694
377.876
