2483.74
1909.82
1627.69
1272.15
1049.33
969.26
865.398
822.129
786.322
755.733
713.826
700.739
673.469
625.925
625.925
625.925
619.503
619.503
619.503
461.202
461.202
461.202
461.202
458.001
458.001
453.204
453.204
453.204
432.41
394.357
394.357
394.357
394.357
394.357
394.357
394.357
394.357
394.357
394.357
391.174
391.174
391.174
391.174
391.174
391.174
391.174
391.174
391.174
391.174
388.39
388.39
388.39
388.39
388.39
388.39
388.39
388.39
388.39
388.39
387.438
387.438
387.438
387.438
387.438
387.438
387.438
387.438
387.438
387.438
387.438
387.438
387.438
371.168
371.168
371.168
371.168
371.168
371.168
371.168
371.168
371.168
371.168
371.168
371.168
371.168
371.168
371.168
371.168
371.168
371.168
371.168
368.828
368.828
366.01
366.01
366.01
366.01
366.01
366.01
366.01
