1       1.51076       1.51076             0
2       1.51523       1.51299    0.00223221
3       1.51055       1.51218    0.00152437
4       1.48404       1.50515    0.00711642
5       1.51119       1.50635    0.00564334
6       1.50301        1.5058    0.00464136
7       1.48333       1.50259    0.00506864
8       1.50302       1.50264    0.00438991
9       1.50164       1.50253    0.00387313
10       1.50864       1.50314    0.00351772
11        1.4996       1.50282    0.00319811
12       1.50182       1.50274    0.00292064
13       1.52351       1.50433    0.00312597
14       1.52473       1.50579    0.00323994
15       1.49462       1.50505    0.00310674
16       1.52257       1.50614    0.00310556
17       1.51043       1.50639    0.00292804
18        1.4955       1.50579    0.00282613
19       1.50081       1.50553    0.00268606
20       1.50896        1.5057    0.00255398
21       1.49611       1.50524    0.00247184
22        1.5078       1.50536    0.00235969
23       1.49892       1.50508    0.00227204
24        1.4992       1.50483    0.00218905
25       1.48854       1.50418    0.00219849
26        1.5046        1.5042     0.0021123
27       1.50009       1.50405    0.00203823
28       1.50423       1.50405     0.0019641
29       1.50241         1.504    0.00189601
30       1.51195       1.50426    0.00185083
31       1.50274       1.50421     0.0017908
32       1.50226       1.50415    0.00173501
33       1.51346       1.50443    0.00170513
34       1.50708       1.50451    0.00165606
35       1.49624       1.50427    0.00162533
36       1.49504       1.50402    0.00160024
37        1.5015       1.50395    0.00155787
38       1.51103       1.50414    0.00152773
39       1.51455        1.5044    0.00151179
40       1.51123       1.50457    0.00148337
41       1.51203       1.50476    0.00145811
42       1.49867       1.50461    0.00143033
43       1.51045       1.50475    0.00140327
44       1.50386       1.50473    0.00137115
45       1.52038       1.50507    0.00138473
46        1.5209       1.50542    0.00139729
47       1.49825       1.50527    0.00137572
48       1.49878       1.50513    0.00135351
49       1.52595       1.50556    0.00139203
50       1.51326       1.50571    0.00137258
51       1.51136       1.50582    0.00134996
52       1.49945        1.5057     0.0013294
53       1.49556       1.50551    0.00131803
54       1.50472       1.50549    0.00129348
55       1.51265       1.50562     0.0012764
56       1.50859       1.50568    0.00125452
57        1.5083       1.50572    0.00123318
58       1.49535       1.50554    0.00122485
59       1.50856       1.50559      0.001205
60       1.50416       1.50557    0.00118499
61       1.51436       1.50571    0.00117426
62       1.52908       1.50609     0.0012151
63       1.50476       1.50607    0.00119584
64       1.51804       1.50626    0.00119177
65       1.49255       1.50605    0.00119209
66       1.50558       1.50604    0.00117391
67       1.49333       1.50585    0.00117171
68       1.51219       1.50594    0.00115811
69       1.49874       1.50584    0.00114597
70       1.51259       1.50593    0.00113359
71       1.50288       1.50589    0.00111834
72       1.48214       1.50556      0.001151
73        1.4997       1.50548    0.00113796
74       1.52125       1.50569    0.00114253
75       1.54046       1.50616    0.00121879
76       1.51497       1.50627    0.00120823
77       1.50083        1.5062    0.00119453
78       1.51096       1.50626    0.00118069
79       1.53546       1.50663    0.00122282
80        1.5044       1.50661    0.00120776
81       1.50879       1.50663    0.00119307
82       1.49645       1.50651    0.00118495
83       1.52876       1.50678     0.0012009
84       1.53005       1.50705    0.00121845
85       1.52079       1.50722    0.00121482
86       1.50662       1.50721    0.00120063
87       1.51081       1.50725    0.00118748
88       1.47504       1.50688    0.00122966
89       1.50411       1.50685    0.00121616
90       1.50064       1.50678    0.00120455
91       1.50154       1.50673    0.00119263
92       1.51534       1.50682    0.00118331
93       1.49663       1.50671    0.00117563
94       1.50963       1.50674    0.00116347
95       1.50415       1.50671    0.00115149
96       1.49665       1.50661    0.00114424
97       1.49483       1.50649    0.00113887
98       1.50353       1.50646     0.0011276
99       1.51155       1.50651    0.00111734
100       1.53458       1.50679    0.00114118
