1      0.212607      0.212607             0
2      0.213963      0.213285    0.00067804
3      0.212412      0.212994   0.000487779
4      0.212514      0.212874   0.000365193
5       0.21197      0.212693   0.000335702
6      0.212251       0.21262    0.00028383
7      0.211959      0.212525   0.000257798
8      0.214016      0.212712    0.00029081
9      0.211819      0.212612   0.000274975
10      0.214724      0.212824   0.000324187
11      0.212431      0.212788   0.000295399
12      0.211846      0.212709   0.000280847
13      0.212609      0.212702   0.000258458
14      0.213572      0.212764   0.000247232
15      0.212248       0.21273   0.000232714
16      0.212241      0.212699   0.000219818
17      0.213545      0.212749   0.000212397
18      0.210034      0.212598     0.0002507
19      0.210829      0.212505   0.000254764
20      0.210799      0.212419   0.000256302
21       0.21319      0.212456    0.00024654
22      0.213736      0.212514   0.000242163
23      0.212132      0.212498   0.000231991
24      0.212651      0.212504   0.000222206
25      0.211358      0.212458   0.000218005
26      0.212282      0.212452   0.000209562
27      0.210442      0.212377   0.000214942
28      0.212932      0.212397   0.000208069
29      0.211684      0.212372   0.000202265
30      0.213576      0.212412   0.000199482
31      0.214313      0.212474   0.000202445
32      0.212308      0.212469   0.000196085
33      0.212299      0.212463    0.00019012
34      0.212473      0.212464   0.000184443
35      0.211529      0.212437   0.000181074
36      0.211592      0.212414   0.000177529
37      0.213459      0.212442   0.000174963
38      0.211363      0.212413   0.000172646
39      0.211974      0.212402   0.000168538
40      0.211136      0.212371    0.00016729
41      0.213395      0.212396   0.000165061
42      0.211013      0.212363   0.000164413
43      0.211585      0.212345   0.000161559
44      0.212908      0.212357   0.000158363
45      0.213223      0.212377   0.000155995
46      0.213027      0.212391    0.00015322
47      0.213504      0.212414   0.000151785
48       0.21122       0.21239   0.000150657
49      0.211903       0.21238   0.000147884
50      0.213008      0.212392    0.00014544
51      0.212614      0.212397   0.000142626
52      0.211933      0.212388    0.00014014
53      0.212578      0.212391   0.000137518
54      0.212219      0.212388   0.000134984
55       0.21311      0.212401   0.000133157
56      0.213803      0.212426   0.000133132
57      0.210096      0.212385   0.000137014
58      0.212337      0.212384   0.000134633
59      0.213717      0.212407   0.000134246
60      0.210681      0.212378   0.000135089
61      0.213286      0.212393   0.000133687
62      0.213215      0.212406    0.00013218
63      0.213647      0.212426   0.000131546
64      0.213131      0.212437   0.000129942
65      0.212653       0.21244    0.00012797
66      0.213105      0.212451   0.000126418
67      0.213662      0.212469   0.000125822
68       0.21148      0.212454   0.000124807
69      0.212949      0.212461   0.000123194
70      0.212586      0.212463   0.000121434
71      0.211916      0.212455   0.000119959
72      0.210271      0.212425   0.000122109
73      0.215036      0.212461   0.000125625
74      0.213911       0.21248   0.000125457
75      0.214519      0.212508   0.000126721
76      0.214687      0.212536   0.000128291
77      0.211699      0.212525    0.00012708
78      0.213907      0.212543   0.000126684
79      0.213151      0.212551   0.000125307
80      0.212123      0.212545   0.000123846
81      0.213512      0.212557   0.000122888
82      0.212368      0.212555   0.000121402
83      0.212923      0.212559   0.000120012
84      0.214617      0.212584   0.000121078
85      0.213376      0.212593   0.000120008
86      0.214853       0.21262   0.000121479
87      0.212421      0.212617   0.000120096
88      0.214632       0.21264   0.000120912
89      0.211172      0.212624   0.000120678
90      0.213152       0.21263   0.000119473
91       0.21107      0.212612    0.00011939
92       0.21287      0.212615   0.000118118
93      0.211913      0.212608   0.000117085
94      0.214435      0.212627   0.000117452
95      0.213238      0.212633   0.000116387
96      0.211893      0.212626   0.000115427
97      0.211461      0.212614    0.00011486
98      0.211426      0.212602   0.000114327
99      0.212458        0.2126   0.000113175
100      0.212477      0.212599   0.000112045
