1     0.0327108     0.0327108             0
2     0.0349272      0.033819     0.0011082
3     0.0294936     0.0323772    0.00157739
4     0.0291348     0.0315666    0.00137882
5       0.02807     0.0308673    0.00127661
6     0.0297232     0.0306766    0.00105965
7      0.029254     0.0304734   0.000918335
8     0.0297208     0.0303793   0.000800845
9     0.0313436     0.0304864    0.00071436
10       0.03074     0.0305118   0.000639446
11      0.031446     0.0305967   0.000584602
12     0.0327128     0.0307731   0.000562046
13     0.0276576     0.0305334    0.00056985
14     0.0325164     0.0306751   0.000546261
15     0.0305896     0.0306694   0.000508574
16      0.030718     0.0306724   0.000475737
17     0.0285452     0.0305473   0.000464065
18     0.0308376     0.0305634   0.000437822
19     0.0308048     0.0305761   0.000414333
20     0.0323036     0.0306625   0.000402449
21     0.0281692     0.0305438   0.000400794
22     0.0284772     0.0304498   0.000393518
23     0.0268136     0.0302917   0.000407903
24     0.0255472      0.030094   0.000437722
25     0.0286608     0.0300367   0.000423744
26     0.0316412     0.0300984   0.000411771
27     0.0313988     0.0301466   0.000399143
28     0.0265692     0.0300188   0.000405289
29     0.0299908     0.0300178   0.000391065
30     0.0325784     0.0301032   0.000387326
31     0.0274564     0.0300178   0.000384229
32     0.0312776     0.0300572   0.000374106
33     0.0296412     0.0300446   0.000362811
34      0.028334     0.0299943   0.000355556
35     0.0287272     0.0299581   0.000347141
36      0.035072     0.0301001   0.000366048
37     0.0304676     0.0301101   0.000356156
38      0.029688     0.0300989   0.000346834
39     0.0291944     0.0300758   0.000338619
40     0.0307908     0.0300936   0.000330529
41     0.0264256     0.0300042   0.000334551
42     0.0281376     0.0299597   0.000329499
43      0.031842     0.0300035   0.000324709
44     0.0298156     0.0299992   0.000317272
45     0.0304288     0.0300088   0.000310288
46     0.0299448     0.0300074   0.000303471
47     0.0283148     0.0299714    0.00029912
48     0.0297144      0.029966   0.000292871
49     0.0325956     0.0300197   0.000291809
50     0.0269124     0.0299575   0.000292589
51     0.0283608     0.0299262   0.000288498
52     0.0306008     0.0299392   0.000283193
53     0.0330828     0.0299985    0.00028406
54      0.032716     0.0300488   0.000283256
55     0.0322716     0.0300893    0.00028098
56     0.0302688     0.0300925   0.000275936
57     0.0291896     0.0300766   0.000271514
58     0.0293976     0.0300649   0.000267048
59     0.0298164     0.0300607   0.000262517
60     0.0344532     0.0301339   0.000268286
61     0.0260392     0.0300668   0.000272256
62      0.028658     0.0300441   0.000268791
63     0.0284944     0.0300195   0.000265631
64     0.0299688     0.0300187   0.000261449
65     0.0316168     0.0300433   0.000258567
66      0.033166     0.0300906   0.000258978
67     0.0306672     0.0300992   0.000255228
68     0.0276396      0.030063   0.000254035
69     0.0291604     0.0300499   0.000250668
70     0.0301732     0.0300517   0.000247067
71      0.031644     0.0300741   0.000244593
72     0.0285468     0.0300529   0.000242103
73     0.0274092     0.0300167   0.000241495
74      0.028324     0.0299938   0.000239304
75     0.0345956     0.0300552   0.000243935
76      0.029412     0.0300467   0.000240853
77     0.0284236     0.0300256   0.000238637
78     0.0303524     0.0300298   0.000235595
79      0.030536     0.0300362   0.000232682
80     0.0308188      0.030046   0.000229963
81     0.0295812     0.0300403   0.000227179
82     0.0281168     0.0300168   0.000225614
83      0.029162     0.0300065   0.000223117
84     0.0326852     0.0300384   0.000222739
85     0.0263412     0.0299949    0.00022436
86     0.0300144     0.0299951   0.000221736
87     0.0320256     0.0300185   0.000220411
88     0.0324036     0.0300456   0.000219572
89     0.0268832       0.03001   0.000219979
90      0.033188     0.0300454   0.000220369
91      0.031996     0.0300668   0.000218985
92     0.0284696     0.0300494   0.000217286
93     0.0327896     0.0300789   0.000216947
94     0.0308748     0.0300874   0.000214794
95     0.0319256     0.0301067     0.0002134
96     0.0296564      0.030102   0.000211218
97     0.0300536     0.0301015   0.000209029
98     0.0270612     0.0300705   0.000209198
99     0.0283232     0.0300528   0.000207825
100     0.0292732      0.030045   0.000205884
