1     -0.482563     -0.482563             0
2     -0.482302     -0.482433     0.0001304
3     -0.483547     -0.482804   0.000379019
4     -0.482672     -0.482771   0.000270039
5     -0.482962     -0.482809   0.000212609
6     -0.481561     -0.482601   0.000270984
7     -0.482208     -0.482545   0.000235811
8     -0.481701      -0.48244   0.000229873
9     -0.483115     -0.482515   0.000216184
10     -0.482373       -0.4825    0.00019388
11     -0.482566     -0.482506   0.000175474
12     -0.482759     -0.482527   0.000161564
13     -0.483266     -0.482584   0.000159117
14     -0.483449     -0.482646   0.000159732
15     -0.481984     -0.482602   0.000155114
16     -0.482629     -0.482604   0.000145106
17     -0.482241     -0.482582   0.000137964
18     -0.482369      -0.48257   0.000130613
19     -0.482566      -0.48257   0.000123548
20     -0.483419     -0.482613   0.000124659
21     -0.482409     -0.482603   0.000118971
22     -0.482299     -0.482589   0.000114271
23     -0.482215     -0.482573   0.000110393
24      -0.48283     -0.482584   0.000106237
25     -0.483133     -0.482606    0.00010424
26     -0.482398     -0.482598   0.000100467
27     -0.482033     -0.482577   9.89116e-05
28     -0.483142     -0.482597   9.74258e-05
29     -0.483355     -0.482623   9.75759e-05
30     -0.482259     -0.482611   9.50439e-05
31     -0.482728     -0.482615   9.20045e-05
32     -0.483921     -0.482655   9.79891e-05
33     -0.482633     -0.482655   9.49758e-05
34     -0.482419     -0.482648   9.24002e-05
35     -0.481997     -0.482629   9.16293e-05
36      -0.48257     -0.482628   8.90626e-05
37      -0.48346      -0.48265   8.94959e-05
38     -0.483666     -0.482677    9.1116e-05
39     -0.483493     -0.482698   9.11818e-05
40     -0.482342     -0.482689   8.93179e-05
41     -0.482289     -0.482679   8.76569e-05
42      -0.48247     -0.482674   8.56897e-05
43     -0.482418     -0.482668   8.38842e-05
44      -0.48231      -0.48266   8.23579e-05
45     -0.483007     -0.482668   8.08758e-05
46     -0.483442     -0.482685   8.08673e-05
47     -0.482355     -0.482678   7.94377e-05
48     -0.482105     -0.482666   7.86753e-05
49     -0.483224     -0.482677    7.7891e-05
50     -0.482405     -0.482672   7.65113e-05
51     -0.482714     -0.482672   7.50007e-05
52     -0.482786     -0.482675   7.35769e-05
53     -0.482014     -0.482662   7.32424e-05
54     -0.482678     -0.482662   7.18738e-05
55     -0.482331     -0.482656   7.08115e-05
56      -0.48267     -0.482657   6.95359e-05
57     -0.482664     -0.482657   6.83052e-05
58     -0.482312     -0.482651   6.73799e-05
59     -0.482058     -0.482641   6.69849e-05
60     -0.483664     -0.482658   6.80311e-05
61     -0.481762     -0.482643   6.85008e-05
62     -0.482892     -0.482647   6.75063e-05
63     -0.482701     -0.482648   6.64316e-05
64     -0.482989     -0.482653   6.56018e-05
65     -0.482519     -0.482651   6.46176e-05
66      -0.48313     -0.482659   6.40438e-05
67     -0.481579     -0.482642   6.51052e-05
68     -0.482502      -0.48264   6.41737e-05
69     -0.481306     -0.482621    6.6126e-05
70     -0.482006     -0.482612   6.57633e-05
71     -0.482838     -0.482615   6.49086e-05
72     -0.482018     -0.482607   6.45357e-05
73     -0.482148     -0.482601   6.39556e-05
74     -0.483313      -0.48261   6.38148e-05
75     -0.483394     -0.482621   6.38199e-05
76     -0.483334      -0.48263   6.36705e-05
77     -0.482694     -0.482631   6.28437e-05
78     -0.482822     -0.482634   6.20808e-05
79     -0.483274     -0.482642    6.1823e-05
80      -0.48264     -0.482642   6.10453e-05
81     -0.481475     -0.482627   6.19831e-05
82      -0.48254     -0.482626   6.12318e-05
83     -0.483183     -0.482633   6.08607e-05
84     -0.483573     -0.482644   6.11639e-05
85     -0.483085     -0.482649    6.0662e-05
86     -0.482922     -0.482652   6.00361e-05
87     -0.483384     -0.482661   5.99348e-05
88     -0.481895     -0.482652   5.98852e-05
89     -0.483462     -0.482661    5.9903e-05
90     -0.482322     -0.482657   5.93532e-05
91     -0.481693     -0.482647   5.96469e-05
92     -0.483262     -0.482654   5.93732e-05
93     -0.482766     -0.482655   5.87438e-05
94     -0.483398     -0.482663   5.86514e-05
95     -0.481977     -0.482655   5.84782e-05
96     -0.482999     -0.482659   5.79765e-05
97     -0.482884     -0.482661   5.74225e-05
98     -0.481503      -0.48265   5.80493e-05
99     -0.482941     -0.482653   5.75352e-05
100     -0.483288     -0.482659   5.73104e-05
