1045.16
1045.16
1045.16
927.99
927.99
927.99
927.99
927.99
927.99
927.99
927.99
927.99
774.14
774.14
774.14
774.14
774.14
774.14
774.14
774.14
774.14
774.14
774.14
774.14
774.14
774.14
774.14
774.14
774.14
774.14
774.14
774.14
774.14
774.14
774.14
749.097
749.097
749.097
749.097
749.097
749.097
749.097
746.645
746.645
746.645
746.645
746.645
746.645
697.365
697.365
697.365
697.365
697.365
697.365
563.311
563.311
563.311
563.311
563.311
563.311
563.311
563.311
563.311
563.311
563.311
563.311
563.311
560.427
543.585
530.907
530.907
530.907
530.907
530.907
491.502
483.899
483.899
447.489
447.489
434.354
434.354
434.354
415.872
415.872
415.872
415.872
415.872
403.133
402.171
381.867
351.825
349.221
349.221
349.221
346.075
346.075
346.075
346.075
346.075
346.075
