1       1.90249       1.90249             0
2       1.92452       1.91351     0.0110122
3        1.9043       1.91044    0.00705955
4       1.89482       1.90653    0.00633783
5       1.90734       1.90669    0.00491189
6        1.8886       1.90368    0.00501768
7       1.90762       1.90424    0.00427794
8       1.92423       1.90674    0.00446857
9       1.90488       1.90653    0.00394631
10       1.91119         1.907    0.00356026
11       1.93012        1.9091    0.00384571
12        1.9088       1.90908    0.00351073
13       1.89506         1.908    0.00340471
14       1.92387       1.90913    0.00334994
15       1.90089       1.90858    0.00316665
16       1.89254       1.90758    0.00312721
17       1.88498       1.90625    0.00322441
18       1.90906       1.90641    0.00304399
19       1.90598       1.90638    0.00287942
20       1.90787       1.90646    0.00273266
21       1.89656       1.90599    0.00264165
22       1.91679       1.90648     0.0025661
23       1.89518       1.90599    0.00250074
24       1.90027       1.90575    0.00240608
25       1.90838       1.90585    0.00231023
26       1.93791       1.90709    0.00253912
27       1.90239       1.90691    0.00244945
28       1.93469        1.9079    0.00256029
29       1.91467       1.90814    0.00248144
30       1.89555       1.90772    0.00243373
31        1.9382        1.9087      0.002551
32       1.88249       1.90788    0.00260226
33       1.91147       1.90799     0.0025245
34       1.90711       1.90796    0.00244927
35       1.90945       1.90801    0.00237864
36       1.91009       1.90807    0.00231235
37       1.86824       1.90699    0.00249325
38       1.92986       1.90759    0.00250026
39        1.9004       1.90741    0.00244229
40       1.89625       1.90713    0.00239672
41       1.91016        1.9072    0.00233871
42       1.91668       1.90743    0.00229348
43        1.8884       1.90698    0.00228279
44       1.91934       1.90727     0.0022479
45        1.8984       1.90707     0.0022062
46        1.9182       1.90731    0.00217122
47       1.91344       1.90744    0.00212852
48       1.91841       1.90767     0.0020962
49       1.91546       1.90783    0.00205912
50       1.86983       1.90707    0.00215591
51       1.92092       1.90734    0.00213059
52       1.91388       1.90747    0.00209299
53       1.89792       1.90729    0.00206101
54       1.92472       1.90761    0.00204809
55       1.89769       1.90743    0.00201859
56         1.886       1.90705    0.00201881
57       1.91906       1.90726    0.00199425
58       1.92454       1.90755    0.00198208
59       1.90388       1.90749    0.00194919
60       1.93302       1.90792    0.00196308
61       1.91234       1.90799    0.00193199
62       1.86985       1.90737    0.00199763
63       1.90255        1.9073    0.00196716
64       1.94574        1.9079    0.00202723
65       1.89879       1.90776    0.00200072
66       1.92552       1.90803    0.00198846
67       1.95186       1.90868    0.00206492
68       1.90969        1.9087    0.00203438
69       1.90555       1.90865     0.0020052
70       1.90748       1.90863    0.00197642
71       1.88542       1.90831    0.00197562
72       1.90369       1.90824    0.00194904
73       1.93756       1.90864    0.00196367
74       1.87773       1.90823    0.00198149
75       1.92695       1.90848    0.00197078
76       1.92952       1.90875    0.00196428
77        1.9033       1.90868     0.0019399
78       1.86714       1.90815    0.00198757
79       1.89672       1.90801    0.00196758
80       1.89458       1.90784    0.00195006
81       1.93253       1.90814    0.00194982
82       1.87933       1.90779    0.00195769
83       1.89598       1.90765    0.00193919
84       1.91112       1.90769    0.00191641
85       1.89701       1.90756     0.0018979
86        1.9021        1.9075    0.00187677
87       1.91638        1.9076    0.00185788
88       1.91243       1.90766    0.00183746
89       1.90454       1.90762    0.00181704
90       1.91958       1.90776    0.00180164
91       1.92241       1.90792      0.001789
92       1.89908       1.90782    0.00177205
93       1.90576        1.9078    0.00175303
94       1.88345       1.90754    0.00175352
95       1.92004       1.90767    0.00173994
96       1.88129        1.9074    0.00174351
97       1.90537       1.90738    0.00172557
98       1.91992        1.9075    0.00171266
99       1.89087       1.90734    0.00170358
100       1.89682       1.90723    0.00168973
