1     -0.527884     -0.527884             0
2     -0.528977      -0.52843     0.0005464
3     -0.528684     -0.528515   0.000326594
4     -0.527486     -0.528258   0.000345614
5     -0.529214     -0.528449   0.000328956
6     -0.527834     -0.528346   0.000287506
7     -0.528654      -0.52839   0.000246939
8     -0.530141     -0.528609   0.000305953
9     -0.528218     -0.528566   0.000273297
10     -0.528454     -0.528555   0.000244698
11     -0.528443     -0.528545   0.000221569
12     -0.528873     -0.528572   0.000204106
13     -0.528782     -0.528588   0.000188442
14     -0.529446     -0.528649   0.000184905
15     -0.528992     -0.528672   0.000173647
16     -0.529149     -0.528702   0.000165142
17     -0.528462     -0.528688   0.000155762
18     -0.529106     -0.528711   0.000148677
19     -0.528244     -0.528686   0.000142766
20     -0.528086     -0.528656   0.000138723
21      -0.52853      -0.52865   0.000132088
22     -0.528444     -0.528641    0.00012629
23     -0.528743     -0.528645   0.000120756
24     -0.527985     -0.528618   0.000118848
25     -0.528579     -0.528616   0.000114005
26     -0.529716     -0.528659   0.000117414
27     -0.528115     -0.528639   0.000114761
28     -0.529018     -0.528652   0.000111415
29     -0.527643     -0.528617   0.000112994
30     -0.528706      -0.52862   0.000109202
31     -0.530137     -0.528669     0.0001164
32     -0.528782     -0.528673   0.000112758
33      -0.52827     -0.528661   0.000109969
34     -0.529036     -0.528672   0.000107255
35     -0.528382     -0.528663   0.000104475
36     -0.529585     -0.528689   0.000104708
37     -0.528258     -0.528677   0.000102501
38     -0.529246     -0.528692   0.000100886
39     -0.529126     -0.528703   9.88912e-05
40     -0.528594     -0.528701   9.64257e-05
41     -0.528474     -0.528695   9.42073e-05
42     -0.528613     -0.528693   9.19577e-05
43     -0.528537     -0.528689   8.98673e-05
44     -0.529042     -0.528697    8.8165e-05
45     -0.528463     -0.528692   8.63406e-05
46     -0.529339     -0.528706    8.5606e-05
47      -0.52886      -0.52871   8.38285e-05
48     -0.529047     -0.528717   8.23644e-05
49     -0.527982     -0.528702   8.20489e-05
50     -0.527964     -0.528687   8.17336e-05
51     -0.529106     -0.528695   8.05345e-05
52     -0.528763     -0.528696   7.89815e-05
53     -0.529615     -0.528714   7.93927e-05
54     -0.529423     -0.528727   7.90086e-05
55     -0.528788     -0.528728   7.75668e-05
56     -0.528892     -0.528731   7.62253e-05
57     -0.528135      -0.52872    7.5602e-05
58     -0.528685      -0.52872   7.42896e-05
59     -0.528394     -0.528714   7.32287e-05
60     -0.529133     -0.528721   7.23349e-05
61     -0.528829     -0.528723    7.1161e-05
62     -0.528523      -0.52872    7.0078e-05
63     -0.529053     -0.528725    6.9159e-05
64     -0.529566     -0.528738   6.93274e-05
65     -0.528845      -0.52874   6.82722e-05
66     -0.528468     -0.528736   6.73559e-05
67     -0.528486     -0.528732   6.64473e-05
68     -0.527753     -0.528718   6.70281e-05
69     -0.529212     -0.528725    6.6437e-05
70      -0.52866     -0.528724   6.54875e-05
71     -0.529483     -0.528735   6.54384e-05
72     -0.528652     -0.528733   6.45333e-05
73     -0.528991     -0.528737    6.3741e-05
74     -0.528327     -0.528731   6.31171e-05
75     -0.528488     -0.528728   6.23544e-05
76     -0.529208     -0.528735   6.18515e-05
77     -0.528606     -0.528733   6.10657e-05
78     -0.528637     -0.528732   6.02903e-05
79     -0.529522     -0.528742    6.0358e-05
80      -0.52845     -0.528738   5.97105e-05
81     -0.528602     -0.528736   5.89927e-05
82     -0.527762     -0.528724   5.94669e-05
83     -0.528613     -0.528723   5.87615e-05
84     -0.529442     -0.528732   5.86859e-05
85     -0.528455     -0.528728   5.80825e-05
86     -0.528738     -0.528728   5.74032e-05
87     -0.529273     -0.528735   5.70835e-05
88     -0.528844     -0.528736   5.64447e-05
89     -0.528694     -0.528736   5.58089e-05
90     -0.528623     -0.528734   5.51994e-05
91     -0.529631     -0.528744   5.54721e-05
92     -0.529442     -0.528752   5.53883e-05
93      -0.52831     -0.528747   5.49954e-05
94     -0.529005      -0.52875   5.44763e-05
95     -0.529335     -0.528756    5.4251e-05
96      -0.52835     -0.528752   5.38495e-05
97     -0.529199     -0.528756   5.34908e-05
98     -0.528639     -0.528755   5.29556e-05
99     -0.528307     -0.528751   5.26128e-05
100     -0.528733      -0.52875   5.20844e-05
