1     0.0372764     0.0372764             0
2     0.0397532     0.0385148     0.0012384
3     0.0367052     0.0379116   0.000935447
4      0.040202     0.0384842   0.000874872
5      0.035604     0.0379082   0.000889417
6      0.035048     0.0374315   0.000868684
7     0.0383472     0.0375623   0.000745736
8     0.0374576     0.0375492   0.000645959
9     0.0363048     0.0374109   0.000586221
10     0.0361776     0.0372876   0.000538642
11     0.0369472     0.0372567   0.000488202
12     0.0383288      0.037346   0.000454533
13     0.0362044     0.0372582   0.000427232
14      0.039446     0.0374145   0.000425292
15     0.0342764     0.0372053   0.000447798
16     0.0399452     0.0373765   0.000452529
17     0.0398148     0.0375199   0.000448623
18     0.0394928     0.0376295   0.000436936
19     0.0377856     0.0376377   0.000413382
20      0.038384     0.0376751    0.00039394
21     0.0391208     0.0377439   0.000380983
22     0.0407108     0.0378788   0.000387479
23     0.0384588      0.037904   0.000371107
24     0.0359216     0.0378214   0.000364782
25     0.0395976     0.0378924   0.000357028
26     0.0360148     0.0378202   0.000350541
27     0.0365116     0.0377717   0.000340772
28     0.0403048     0.0378622    0.00034061
29       0.04029     0.0379459    0.00033915
30     0.0375388     0.0379324   0.000327931
31     0.0398032     0.0379927   0.000322866
32     0.0390956     0.0380272   0.000314508
33     0.0355368     0.0379517   0.000314031
34     0.0356728     0.0378847   0.000311941
35     0.0365292      0.037846   0.000305363
36     0.0383476     0.0378599   0.000297087
37     0.0388404     0.0378864   0.000290158
38     0.0395852     0.0379311   0.000285936
39     0.0412524     0.0380163   0.000291237
40     0.0419132     0.0381137   0.000300116
41     0.0370732     0.0380883   0.000293802
42     0.0394356     0.0381204   0.000288511
43     0.0442508     0.0382629   0.000315741
44     0.0389044     0.0382775   0.000308826
45      0.036096      0.038229   0.000305753
46     0.0341816     0.0381411   0.000311708
47     0.0386668     0.0381522   0.000305209
48     0.0400156     0.0381911   0.000301294
49     0.0378352     0.0381838   0.000295171
50     0.0390076     0.0382003   0.000289676
51       0.03593     0.0381558   0.000287408
52      0.036986     0.0381333   0.000282723
53     0.0395076     0.0381592   0.000278547
54     0.0400976     0.0381951   0.000275687
55     0.0372404     0.0381777   0.000271184
56      0.036312     0.0381444   0.000268373
57      0.039896     0.0381752   0.000265408
58     0.0420424     0.0382418   0.000269181
59     0.0421856     0.0383087   0.000272892
60     0.0407604     0.0383495   0.000271399
61     0.0395696     0.0383695   0.000267661
62     0.0379664      0.038363   0.000263389
63     0.0365832     0.0383348    0.00026071
64      0.039176     0.0383479    0.00025694
65     0.0369044     0.0383257   0.000253929
66       0.03628     0.0382947   0.000251966
67     0.0333124     0.0382204   0.000259078
68     0.0351884     0.0381758   0.000259105
69      0.037706      0.038169   0.000255413
70     0.0407716     0.0382061   0.000254469
71     0.0395224     0.0382247   0.000251543
72     0.0362096     0.0381967   0.000249599
73     0.0397712     0.0382183   0.000247099
74     0.0376808      0.038211   0.000243845
75     0.0381992     0.0382108   0.000240572
76     0.0368004     0.0381923    0.00023811
77     0.0358276     0.0381616   0.000236996
78     0.0344836     0.0381144   0.000238642
79     0.0368252     0.0380981   0.000236167
80     0.0371476     0.0380862   0.000233498
81     0.0370796     0.0380738   0.000230932
82     0.0355856     0.0380434   0.000230108
83     0.0410296     0.0380794   0.000230148
84     0.0379536     0.0380779   0.000227397
85     0.0343704     0.0380343     0.0002289
86     0.0346768     0.0379953   0.000229567
87     0.0373312     0.0379876   0.000227041
88     0.0384512     0.0379929   0.000224508
89     0.0387604     0.0380015   0.000222139
90     0.0354452     0.0379731   0.000221485
91      0.033366     0.0379225   0.000224813
92     0.0383472     0.0379271   0.000222404
93       0.03887     0.0379373   0.000220233
94     0.0390996     0.0379496   0.000218228
95     0.0403784     0.0379752   0.000217427
96     0.0359424      0.037954   0.000216189
97     0.0405064     0.0379803   0.000215561
98     0.0335312     0.0379349   0.000218127
99      0.037224     0.0379277   0.000216032
100     0.0379856     0.0379283   0.000213861
