1      0.249848      0.249848             0
2      0.248938      0.249393    0.00045503
3      0.249745       0.24951   0.000287715
4       0.24951       0.24951   0.000203446
5      0.248031      0.249214   0.000335228
6      0.249803      0.249312    0.00029077
7      0.248964      0.249262   0.000250726
8      0.248293      0.249141   0.000248691
9      0.248862       0.24911   0.000221505
10      0.247522      0.248951    0.00025393
11      0.249784      0.249027   0.000241838
12      0.249118      0.249035   0.000220898
13      0.247647      0.248928   0.000229533
14      0.250837      0.249064   0.000252486
15      0.250378      0.249152   0.000250839
16      0.249443       0.24917   0.000235343
17      0.248399      0.249125   0.000225674
18      0.248509       0.24909   0.000215501
19      0.252688       0.24928   0.000278224
20      0.248887       0.24926   0.000264675
21      0.248491      0.249224    0.00025441
22      0.249929      0.249256    0.00024468
23      0.248409      0.249219   0.000236678
24      0.249331      0.249223    0.00022665
25      0.247906      0.249171   0.000223692
26      0.249498      0.249183   0.000215285
27       0.24936       0.24919   0.000207261
28      0.249943      0.249217   0.000201527
29      0.249745      0.249235   0.000195306
30      0.248597      0.249214    0.00018988
31      0.250937      0.249269   0.000191881
32      0.248236      0.249237   0.000188574
33       0.24993      0.249258   0.000183974
34       0.24843      0.249234   0.000180136
35      0.250545      0.249271    0.00017888
36      0.248038      0.249237   0.000177181
37      0.248483      0.249217   0.000173526
38      0.247959      0.249183   0.000172108
39      0.250313      0.249212    0.00017012
40      0.248576      0.249196   0.000166575
41      0.248801      0.249187   0.000162748
42      0.248815      0.249178   0.000159073
43      0.250643      0.249212   0.000159024
44        0.2498      0.249225   0.000155941
45      0.249124      0.249223   0.000152453
46      0.249754      0.249235   0.000149548
47      0.250094      0.249253    0.00014747
48      0.248783      0.249243   0.000144697
49      0.249354      0.249245   0.000141731
50      0.249166      0.249244   0.000138877
51      0.250203      0.249263   0.000137419
52      0.249616      0.249269   0.000134922
53      0.247999      0.249245   0.000134503
54      0.251059      0.249279   0.000136194
55       0.24846      0.249264   0.000134522
56      0.247518      0.249233   0.000135729
57      0.246948      0.249193   0.000139223
58      0.250902      0.249222   0.000139937
59      0.250184      0.249239   0.000138507
60      0.248695       0.24923    0.00013648
61      0.246761      0.249189   0.000140192
62       0.24889      0.249184   0.000137996
63      0.249114      0.249183   0.000135793
64       0.24964       0.24919   0.000133844
65      0.248676      0.249182   0.000132006
66      0.252043      0.249226   0.000137028
67      0.247683      0.249203   0.000136917
68      0.248885      0.249198    0.00013497
69      0.247956       0.24918   0.000134212
70      0.250131      0.249194   0.000132976
71      0.247116      0.249164   0.000134316
72      0.250279       0.24918   0.000133339
73      0.248663      0.249173    0.00013169
74      0.248406      0.249162   0.000130311
75      0.249558      0.249168    0.00012867
76      0.248913      0.249164    0.00012701
77      0.249891      0.249174   0.000125704
78      0.245439      0.249126   0.000132998
79       0.24935      0.249129   0.000131335
80       0.24825      0.249118   0.000130147
81       0.24892      0.249115   0.000128554
82      0.248603      0.249109    0.00012713
83      0.248642      0.249103   0.000125715
84      0.250209      0.249117   0.000124905
85      0.246987      0.249092   0.000125944
86      0.250883      0.249112   0.000126203
87       0.24911      0.249112   0.000124744
88      0.249973      0.249122   0.000123705
89      0.248416      0.249114   0.000122564
90      0.250108      0.249125   0.000121697
91      0.248918      0.249123   0.000120374
92      0.250313      0.249136   0.000119759
93      0.251024      0.249156   0.000120192
94      0.249893      0.249164   0.000119164
95      0.246813      0.249139   0.000120472
96      0.250178       0.24915     0.0001197
97      0.248606      0.249145   0.000118592
98      0.249076      0.249144   0.000117378
99      0.248915      0.249141   0.000116209
100      0.248757      0.249138   0.000115105
