1     -0.482354     -0.482354             0
2     -0.482479     -0.482417      6.24e-05
3     -0.482309     -0.482381   5.09305e-05
4     -0.482412     -0.482389   3.68483e-05
5     -0.482382     -0.482387   2.85769e-05
6     -0.482626     -0.482427   4.60778e-05
7     -0.483134     -0.482528    0.00010831
8     -0.482449     -0.482518   9.43201e-05
9     -0.483802     -0.482661   0.000165174
10     -0.482575     -0.482652   0.000147984
11     -0.483416     -0.482722   0.000150793
12     -0.482924     -0.482739   0.000138683
13     -0.482491      -0.48272   0.000128981
14     -0.483558     -0.482779   0.000133604
15     -0.483118     -0.482802   0.000126415
16     -0.482926      -0.48281   0.000118502
17     -0.482393     -0.482785   0.000113983
18     -0.482386     -0.482763   0.000109734
19     -0.482274     -0.482737   0.000106936
20     -0.483039     -0.482752   0.000102566
21        -0.482     -0.482717    0.00010393
22     -0.481644     -0.482668   0.000110437
23     -0.482865     -0.482676   0.000105874
24     -0.482794     -0.482681   0.000101485
25     -0.483532     -0.482715   0.000103118
26     -0.481931     -0.482685   0.000103561
27     -0.482521     -0.482679   9.98373e-05
28     -0.482314     -0.482666   9.70871e-05
29     -0.482065     -0.482645   9.59461e-05
30     -0.483189     -0.482663   9.44466e-05
31     -0.482158     -0.482647   9.27904e-05
32      -0.48274      -0.48265   8.98908e-05
33     -0.482172     -0.482636   8.83203e-05
34     -0.482182     -0.482622   8.67172e-05
35     -0.482402     -0.482616    8.4437e-05
36     -0.482558     -0.482614   8.20735e-05
37     -0.481708      -0.48259   8.34982e-05
38      -0.48327     -0.482608   8.32167e-05
39     -0.482337     -0.482601    8.1352e-05
40     -0.482778     -0.482605   7.94164e-05
41     -0.482198     -0.482595   7.80881e-05
42     -0.481991     -0.482581   7.75516e-05
43     -0.482355     -0.482576   7.59083e-05
44     -0.481873      -0.48256   7.58638e-05
45     -0.482654     -0.482562   7.41886e-05
46     -0.482866     -0.482568   7.28595e-05
47     -0.482058     -0.482558   7.21135e-05
48     -0.483625      -0.48258   7.40138e-05
49     -0.483021     -0.482589   7.30442e-05
50     -0.482038     -0.482578   7.24124e-05
51     -0.482101     -0.482568   7.15918e-05
52     -0.482455     -0.482566   7.02353e-05
53     -0.482081     -0.482557   6.95035e-05
54     -0.482669     -0.482559   6.82356e-05
55     -0.483258     -0.482572   6.81767e-05
56     -0.483149     -0.482582   6.77363e-05
57     -0.483128     -0.482592    6.7223e-05
58     -0.482391     -0.482588   6.61442e-05
59     -0.482074      -0.48258   6.55942e-05
60     -0.482595      -0.48258   6.44923e-05
61     -0.482313     -0.482575   6.35771e-05
62     -0.482905     -0.482581   6.27684e-05
63     -0.483377     -0.482593   6.30433e-05
64     -0.483535     -0.482608   6.37716e-05
65     -0.482688     -0.482609   6.27949e-05
66     -0.481581     -0.482594   6.37696e-05
67     -0.482743     -0.482596   6.28502e-05
68     -0.482328     -0.482592   6.20443e-05
69      -0.48281     -0.482595   6.12197e-05
70     -0.482644     -0.482596   6.03429e-05
71     -0.481574     -0.482581   6.12046e-05
72     -0.482808     -0.482585   6.04305e-05
73     -0.482626     -0.482585   5.95996e-05
74     -0.482448     -0.482583   5.88179e-05
75     -0.483343     -0.482593   5.89062e-05
76     -0.482434     -0.482591   5.81636e-05
77     -0.482833     -0.482595   5.74888e-05
78      -0.48147      -0.48258   5.85484e-05
79     -0.482274     -0.482576   5.79319e-05
80     -0.482498     -0.482575   5.72116e-05
81     -0.482778     -0.482578   5.65561e-05
82     -0.482437     -0.482576   5.58886e-05
83      -0.48293      -0.48258   5.53752e-05
84     -0.482702     -0.482582   5.47311e-05
85     -0.482758     -0.482584   5.41233e-05
86     -0.482664     -0.482585   5.34984e-05
87     -0.482115     -0.482579   5.31546e-05
88     -0.482255     -0.482576    5.2676e-05
89      -0.48248     -0.482575   5.20919e-05
90     -0.482686     -0.482576   5.15248e-05
91     -0.482996      -0.48258   5.11642e-05
92     -0.483302     -0.482588   5.12085e-05
93     -0.481754     -0.482579   5.14424e-05
94     -0.483218     -0.482586   5.13432e-05
95     -0.481621     -0.482576   5.18061e-05
96     -0.482467     -0.482575   5.12761e-05
97      -0.48267     -0.482576   5.07543e-05
98     -0.483096     -0.482581   5.05134e-05
99     -0.482331     -0.482579   5.00643e-05
100     -0.482675      -0.48258   4.95705e-05
