1       1.49436       1.49436             0
2       1.51705        1.5057     0.0113421
3       1.51123       1.50755     0.0068029
4       1.51824       1.51022    0.00550339
5       1.50108       1.50839    0.00463867
6       1.51379       1.50929    0.00389269
7        1.4909       1.50666    0.00421014
8       1.49973        1.5058     0.0037476
9       1.51727       1.50707    0.00354236
10       1.50377       1.50674    0.00318558
11       1.50773       1.50683    0.00288286
12        1.4891       1.50535    0.00301801
13       1.51146       1.50582    0.00281562
14       1.52658       1.50731    0.00299899
15       1.51876       1.50807    0.00289449
16        1.5101        1.5082    0.00271051
17       1.51329        1.5085    0.00256364
18        1.4995         1.508    0.00246819
19       1.51199       1.50821    0.00234413
20       1.51722       1.50866    0.00226907
21       1.50005       1.50825    0.00219692
22       1.50303       1.50801    0.00210809
23       1.49277       1.50735    0.00212052
24       1.48336       1.50635    0.00226304
25       1.48431       1.50547    0.00234274
26       1.50719       1.50553     0.0022518
27        1.5196       1.50605    0.00222853
28       1.50321       1.50595    0.00214986
29       1.51445       1.50625    0.00209499
30       1.51534       1.50655    0.00204655
31       1.51194       1.50672    0.00198706
32       1.52319       1.50724     0.0019916
33       1.50171       1.50707    0.00193755
34       1.49638       1.50676     0.0019058
35       1.50301       1.50665    0.00185363
36       1.50663       1.50665     0.0018014
37       1.51273       1.50681    0.00175973
38       1.49714       1.50656    0.00173161
39       1.49946       1.50638    0.00169642
40        1.5222       1.50677    0.00170014
41       1.50262       1.50667    0.00166125
42       1.49116        1.5063    0.00166273
43       1.50021       1.50616    0.00162976
44       1.51304       1.50632    0.00159994
45       1.49711       1.50611    0.00157731
46       1.51383       1.50628    0.00155174
47       1.50568       1.50627    0.00151842
48       1.51339       1.50641    0.00149384
49       1.50455       1.50638    0.00146353
50       1.53402       1.50693    0.00153688
51       1.48845       1.50657    0.00154943
52       1.51056       1.50664    0.00152128
53       1.51343       1.50677    0.00149778
54       1.50988       1.50683    0.00147091
55       1.51847       1.50704    0.00145933
56       1.48992       1.50674     0.0014653
57       1.51405       1.50686    0.00144506
58       1.50886        1.5069    0.00142035
59       1.49183       1.50664    0.00141922
60       1.50102       1.50655    0.00139851
61        1.4931       1.50633    0.00139295
62       1.50717       1.50634    0.00137037
63        1.5083       1.50637     0.0013488
64       1.52714        1.5067    0.00136665
65       1.50525       1.50668    0.00134565
66       1.50811        1.5067    0.00132528
67       1.51825       1.50687    0.00131669
68       1.49544        1.5067    0.00130802
69       1.51741       1.50686    0.00129823
70       1.50619       1.50685    0.00127959
71       1.50738       1.50685    0.00126146
72       1.50261        1.5068    0.00124521
73       1.52129       1.50699    0.00124399
74       1.49988        1.5069    0.00123082
75       1.51967       1.50707    0.00122618
76       1.49668       1.50693    0.00121764
77       1.49397       1.50676    0.00121345
78       1.49409        1.5066    0.00120876
79       1.50177       1.50654    0.00119493
80       1.51899        1.5067    0.00119011
81       1.49907        1.5066    0.00117909
82       1.51045       1.50665    0.00116557
83       1.51026       1.50669    0.00115226
84       1.49059        1.5065    0.00115449
85       1.51317       1.50658    0.00114353
86       1.51435       1.50667    0.00113376
87       1.49337       1.50652    0.00113103
88       1.51021       1.50656    0.00111889
89       1.51555       1.50666    0.00111084
90       1.50408       1.50663     0.0010988
91       1.52507       1.50683    0.00110538
92       1.51303        1.5069    0.00109538
93       1.51698       1.50701    0.00108894
94        1.5118       1.50706     0.0010785
95       1.49617       1.50695    0.00107322
96       1.50138       1.50689    0.00106356
97       1.50093       1.50683    0.00105433
98       1.51841       1.50694    0.00105019
99       1.50378       1.50691    0.00104002
100       1.49918       1.50683    0.00103247
