1      0.032398      0.032398             0
2     0.0288232     0.0306106     0.0017874
3     0.0309748      0.030732    0.00103907
4      0.032724       0.03123   0.000887603
5      0.029746     0.0309332   0.000748862
6     0.0291532     0.0306365   0.000679613
7     0.0321508     0.0308529   0.000613764
8       0.03129     0.0309075   0.000534336
9      0.029532     0.0307547   0.000495404
10     0.0287632     0.0305555   0.000485798
11     0.0324532      0.030728   0.000472073
12     0.0337864     0.0309829   0.000500666
13     0.0271388     0.0306872   0.000547303
14     0.0339704     0.0309217   0.000558342
15       0.03245     0.0310236    0.00052968
16     0.0298548     0.0309506   0.000500826
17     0.0301756      0.030905   0.000472648
18     0.0340436     0.0310793   0.000478517
19     0.0299124     0.0310179    0.00045678
20     0.0274564     0.0308398   0.000468502
21      0.026864     0.0306505   0.000484184
22      0.031926     0.0307085   0.000465277
23       0.03112     0.0307264   0.000444948
24     0.0296384      0.030681    0.00042841
25     0.0313412     0.0307075   0.000411764
26     0.0275492      0.030586   0.000413839
27     0.0290868     0.0305305   0.000402069
28     0.0293812     0.0304894   0.000389612
29     0.0315204      0.030525   0.000377614
30     0.0321416     0.0305789   0.000368768
31     0.0291776     0.0305337   0.000359527
32     0.0289412     0.0304839    0.00035165
33     0.0325124     0.0305454   0.000346326
34      0.032636     0.0306068   0.000341566
35     0.0285704     0.0305487   0.000336728
36     0.0310556     0.0305627   0.000327544
37      0.029706     0.0305396   0.000319409
38     0.0279448     0.0304713     0.0003183
39     0.0315872     0.0304999   0.000311349
40     0.0295604     0.0304764   0.000304373
41     0.0323408     0.0305219   0.000300319
42     0.0311856     0.0305377   0.000293507
43      0.029318     0.0305093      0.000288
44     0.0299088     0.0304957   0.000281709
45     0.0318636     0.0305261   0.000277051
46     0.0301008     0.0305168   0.000271119
47     0.0262804     0.0304267   0.000280182
48     0.0285532     0.0303877   0.000277046
49     0.0304156     0.0303882   0.000271334
50     0.0304844     0.0303902   0.000265859
51     0.0306364      0.030395   0.000260639
52     0.0298092     0.0303837   0.000255825
53      0.031398     0.0304029   0.000251681
54     0.0282672     0.0303633   0.000250123
55      0.028758     0.0303341   0.000247261
56     0.0266928     0.0302691   0.000251362
57     0.0302108     0.0302681   0.000246915
58     0.0314112     0.0302878    0.00024342
59     0.0280364     0.0302496   0.000242282
60     0.0311468     0.0302646   0.000238679
61     0.0311996     0.0302799   0.000235233
62      0.030332     0.0302808    0.00023141
63     0.0300956     0.0302778   0.000227726
64     0.0270792     0.0302278   0.000229644
65     0.0301768     0.0302271   0.000226085
66     0.0283524     0.0301986   0.000224437
67     0.0307044     0.0302062   0.000221191
68     0.0290084     0.0301886   0.000218625
69     0.0287912     0.0301683   0.000216383
70     0.0292944     0.0301558   0.000213634
71      0.036878     0.0302505   0.000230907
72     0.0290232     0.0302335   0.000228314
73     0.0304508     0.0302365   0.000225185
74      0.027376     0.0301978   0.000225459
75     0.0316756     0.0302175   0.000223304
76     0.0297044     0.0302108   0.000220449
77     0.0297496     0.0302048    0.00021765
78     0.0304436     0.0302078   0.000214863
79     0.0296748     0.0302011   0.000212233
80     0.0312144     0.0302137   0.000209946
81     0.0291556     0.0302007   0.000207749
82     0.0310472      0.030211   0.000205459
83     0.0287176      0.030193   0.000203765
84     0.0319316     0.0302137   0.000202386
85      0.033806      0.030256   0.000204407
86     0.0286292     0.0302371     0.0002029
87     0.0300852     0.0302353   0.000200562
88     0.0324764     0.0302608   0.000199898
89     0.0294836      0.030252   0.000197832
90     0.0280436     0.0302275   0.000197155
91      0.028002     0.0302031   0.000196504
92     0.0285556     0.0301851    0.00019518
93     0.0344224     0.0302307   0.000198373
94     0.0314008     0.0302432   0.000196645
95     0.0295324     0.0302357   0.000194708
96     0.0310528     0.0302442   0.000192857
97     0.0321172     0.0302635   0.000191833
98     0.0288676     0.0302492   0.000190399
99     0.0306532     0.0302533    0.00018851
100     0.0307568     0.0302584   0.000186683
