1      0.211068      0.211068             0
2      0.212962      0.212015   0.000946958
3      0.213704      0.212578   0.000784702
4      0.212644      0.212595   0.000555113
5      0.212086      0.212493   0.000441863
6      0.213335      0.212633   0.000387106
7      0.208956      0.212108    0.00061886
8      0.212909      0.212208    0.00054523
9      0.213219       0.21232   0.000493803
10      0.213227      0.212411   0.000450873
11      0.213483      0.212509   0.000419315
12       0.21234      0.212494   0.000383037
13      0.211293      0.212402   0.000364261
14      0.213133      0.212454   0.000341252
15      0.211891      0.212417   0.000319896
16      0.211729      0.212374   0.000302311
17      0.212755      0.212396   0.000284857
18      0.211139      0.212326     0.0002775
19      0.214869       0.21246   0.000294637
20       0.21432      0.212553   0.000294579
21      0.212109      0.212532   0.000280997
22      0.212955      0.212551   0.000268609
23      0.211329      0.212498   0.000262106
24      0.213049      0.212521   0.000251996
25      0.214197      0.212588   0.000250831
26      0.212185      0.212573   0.000241488
27      0.211217      0.212522   0.000237737
28      0.213677      0.212564   0.000232771
29      0.212003      0.212544   0.000225433
30      0.213429      0.212574   0.000219778
31      0.213669      0.212609   0.000215486
32       0.21469      0.212674   0.000218539
33      0.212679      0.212674   0.000211813
34       0.21288       0.21268   0.000205578
35      0.213638      0.212708   0.000201483
36      0.210696      0.212652   0.000203621
37      0.214019      0.212689    0.00020146
38      0.212516      0.212684    0.00019614
39      0.210357      0.212625   0.000200149
40      0.212297      0.212616   0.000195253
41      0.212879      0.212623   0.000190539
42      0.211205      0.212589   0.000188985
43      0.211643      0.212567   0.000185845
44      0.213036      0.212578   0.000181885
45      0.211803       0.21256   0.000178629
46      0.212724      0.212564   0.000174739
47      0.213283      0.212579   0.000171664
48       0.21199      0.212567   0.000168498
49      0.211116      0.212537   0.000167658
50      0.213715      0.212561   0.000165951
51       0.21271      0.212564    0.00016269
52      0.212583      0.212564   0.000159531
53      0.213455      0.212581   0.000157393
54      0.212153      0.212573   0.000154654
55      0.212929       0.21258   0.000151954
56      0.211979      0.212569   0.000149601
57      0.213233       0.21258   0.000147413
58      0.212759      0.212584   0.000144882
59       0.21294       0.21259   0.000142533
60      0.212162      0.212582   0.000140319
61      0.213567      0.212599    0.00013894
62      0.212796      0.212602   0.000136718
63      0.213428      0.212615   0.000135169
64      0.213234      0.212625   0.000133391
65      0.213362      0.212636   0.000131812
66      0.211903      0.212625   0.000130274
67      0.212881      0.212629   0.000128372
68      0.212738       0.21263    0.00012648
69      0.211564      0.212615   0.000125588
70      0.211139      0.212594   0.000125564
71      0.213469      0.212606   0.000124395
72      0.212628      0.212606   0.000122656
73      0.214296      0.212629   0.000123157
74      0.212441      0.212627   0.000121508
75      0.213341      0.212636   0.000120255
76      0.213274      0.212645   0.000118958
77      0.212479      0.212643   0.000117422
78      0.212287      0.212638   0.000115997
79       0.21347      0.212649   0.000115003
80      0.210612      0.212623   0.000116375
81        0.2129      0.212627    0.00011498
82      0.213036      0.212632   0.000113679
83      0.211157      0.212614   0.000113697
84      0.211679      0.212603   0.000112886
85      0.212754      0.212605   0.000111564
86      0.213334      0.212613   0.000110585
87      0.213641      0.212625   0.000109943
88       0.21269      0.212626   0.000108689
89      0.213529      0.212636    0.00010794
90      0.210944      0.212617   0.000108376
91      0.211987       0.21261   0.000107402
92       0.21206      0.212604   0.000106397
93      0.212873      0.212607   0.000105286
94      0.211743      0.212598   0.000104565
95      0.212759      0.212599   0.000103472
96      0.213651       0.21261   0.000102973
97      0.213186      0.212616   0.000102079
98      0.214576      0.212636   0.000102991
99      0.211852      0.212628   0.000102253
100      0.211434      0.212616   0.000101927
