1212.5351
867.65087
415.31574
399.10822
388.17969
385.21838
385.21838
385.21838
385.21838
385.21838
385.21838
385.21838
385.21838
385.21838
385.21838
385.21838
385.21838
385.21838
385.21838
385.21838
385.21838
385.21838
385.21838
385.21838
385.21838
385.21838
385.21838
385.21838
385.21838
385.21838
385.21838
385.21838
385.21838
385.21838
385.21838
385.21838
385.21838
385.21838
385.21838
385.21838
385.21838
385.21838
385.21838
385.21838
385.21838
385.21838
385.21838
385.21838
385.21838
385.21838
385.21838
385.21838
385.21838
385.21838
385.21838
385.21838
385.21838
385.21838
385.21838
385.21838
385.21838
385.21838
385.21838
385.21838
385.21838
385.21838
385.21838
385.21838
385.21838
385.21838
385.21838
385.21838
385.21838
385.21838
385.21838
385.21838
385.21838
385.21838
385.21838
385.21838
385.21838
385.21838
385.21838
385.21838
385.21838
385.21838
385.21838
385.21838
385.21838
385.21838
385.21838
385.21838
385.21838
385.21838
385.21838
385.21838
385.21838
385.21838
385.21838
385.21838
