1     -0.891636     -0.891636             0
2      -0.89179     -0.891713      7.72e-05
3     -0.891579     -0.891669   6.31009e-05
4     -0.893061     -0.892017   0.000350915
5      -0.89245     -0.892103   0.000285328
6     -0.892215     -0.892122   0.000233714
7     -0.891887     -0.892088   0.000200352
8     -0.892274     -0.892112    0.00017506
9     -0.891682     -0.892064   0.000161615
10     -0.893416     -0.892199   0.000197932
11     -0.893674     -0.892333   0.000223655
12     -0.893246     -0.892409   0.000217891
13     -0.891603     -0.892347   0.000209802
14     -0.894711     -0.892516   0.000257371
15     -0.891362     -0.892439   0.000251659
16     -0.893834     -0.892526   0.000251038
17     -0.893458     -0.892581   0.000242099
18     -0.890287     -0.892454   0.000261421
19      -0.89391      -0.89253    0.00025888
20     -0.893834     -0.892596   0.000254092
21     -0.890437     -0.892493   0.000262643
22     -0.891013     -0.892425   0.000259298
23     -0.891262     -0.892375   0.000252875
24     -0.894229     -0.892452   0.000254134
25     -0.891336     -0.892407   0.000247811
26      -0.89063     -0.892339   0.000247706
27     -0.890598     -0.892275   0.000246928
28     -0.891998     -0.892265   0.000238151
29     -0.890355     -0.892199    0.00023904
30     -0.893921     -0.892256    0.00023796
31     -0.891014     -0.892216   0.000233621
32     -0.891672     -0.892199   0.000226841
33     -0.893074     -0.892226   0.000221454
34     -0.891254     -0.892197   0.000216733
35     -0.891602      -0.89218   0.000211134
36     -0.891448      -0.89216   0.000206191
37     -0.891797      -0.89215   0.000200781
38     -0.891615     -0.892136   0.000195932
39     -0.893658     -0.892175   0.000194789
40     -0.891437     -0.892157   0.000190752
41     -0.893922       -0.8922   0.000190957
42      -0.89485     -0.892263   0.000196753
43     -0.889522     -0.892199   0.000202417
44     -0.891635     -0.892186   0.000198177
45     -0.891813     -0.892178   0.000193901
46     -0.893118     -0.892198   0.000190736
47     -0.892908     -0.892213   0.000187244
48     -0.891566       -0.8922   0.000183797
49     -0.893978     -0.892236   0.000183627
50     -0.891614     -0.892224   0.000180346
51      -0.89187     -0.892217    0.00017691
52     -0.892494     -0.892222   0.000173557
53     -0.891336     -0.892205    0.00017107
54     -0.890731     -0.892178   0.000170077
55     -0.892329     -0.892181   0.000166979
56     -0.893714     -0.892208   0.000166239
57     -0.890982     -0.892187   0.000164708
58      -0.89205     -0.892184    0.00016186
59     -0.891346      -0.89217   0.000159727
60     -0.895047     -0.892218     0.0001642
61      -0.89189     -0.892213   0.000161576
62     -0.892194     -0.892212   0.000158949
63     -0.892538     -0.892218    0.00015649
64     -0.890668     -0.892193   0.000155917
65     -0.892438     -0.892197   0.000153546
66     -0.892367       -0.8922   0.000151224
67     -0.892942     -0.892211   0.000149361
68     -0.891349     -0.892198   0.000147693
69     -0.894695     -0.892234   0.000149969
70     -0.894818     -0.892271   0.000152351
71     -0.891739     -0.892264   0.000150377
72     -0.894328     -0.892292    0.00015102
73      -0.89056     -0.892269   0.000150816
74     -0.893104      -0.89228   0.000149192
75     -0.892976     -0.892289   0.000147481
76      -0.89115     -0.892274   0.000146297
77     -0.891946      -0.89227   0.000144448
78      -0.89219     -0.892269   0.000142588
79     -0.891619     -0.892261   0.000141011
80     -0.892601     -0.892265   0.000139302
81      -0.89237     -0.892266   0.000137578
82     -0.892658     -0.892271   0.000135974
83     -0.891778     -0.892265   0.000134456
84     -0.891835      -0.89226   0.000132945
85     -0.892894     -0.892267   0.000131583
86     -0.891737     -0.892261    0.00013019
87     -0.891146     -0.892248   0.000129322
88     -0.893092     -0.892258   0.000128203
89     -0.891796     -0.892253   0.000126861
90     -0.893006     -0.892261   0.000125722
91     -0.889703     -0.892233    0.00012747
92     -0.892553     -0.892237   0.000126125
93     -0.893318     -0.892248   0.000125302
94     -0.889966     -0.892224   0.000126316
95     -0.892413     -0.892226   0.000124995
96     -0.890905     -0.892212    0.00012445
97     -0.891542     -0.892205   0.000123354
98     -0.892119     -0.892204   0.000122092
99     -0.891076     -0.892193   0.000121388
100     -0.892503     -0.892196   0.000120208
