1       24.4059       24.4059             0
2       24.8922       24.6491      0.243148
3       24.5686       24.6223      0.142925
4       25.1819       24.7622        0.1726
5       25.1903       24.8478      0.158764
6       24.8647       24.8506       0.12966
7       24.7746       24.8398       0.11012
8       24.3959       24.7843      0.110328
9        24.763       24.7819     0.0973288
10       25.4511       24.8488      0.109803
11       25.0578       24.8678      0.101121
12       25.1504       24.8914     0.0952675
13       24.6947       24.8763     0.0889301
14       26.1037       24.9639      0.120275
15       23.9263       24.8948      0.131617
16       25.1365       24.9099      0.124039
17       24.9923       24.9147      0.116616
18       23.7247       24.8486      0.128293
19       25.8274       24.9001      0.131836
20       25.8316       24.9467       0.13346
21       23.6767       24.8862      0.140615
22       24.7964       24.8821      0.134133
23       24.1201        24.849      0.132382
24       25.6796       24.8836      0.131387
25       24.3587       24.8626      0.127759
26       23.9421       24.8272       0.12775
27       23.6664       24.7842      0.130229
28       25.0811       24.7948      0.125939
29       24.4622       24.7833      0.122058
30       25.5071       24.8075      0.120362
31       23.7905       24.7747      0.120949
32       24.6369       24.7704      0.117187
33       25.0769       24.7797       0.11396
34       24.4931       24.7712      0.110878
35       24.2004       24.7549      0.108892
36       24.2959       24.7422      0.106589
37       25.1505       24.7532      0.104254
38       24.1232       24.7366      0.102819
39       25.3425       24.7522      0.101346
40       24.4654        24.745     0.0990392
41       25.4674       24.7626     0.0981874
42       25.7087       24.7851      0.098433
43       23.4353       24.7537      0.101113
44       24.1843       24.7408     0.0996319
45        24.665       24.7391     0.0974073
46       25.8983       24.7643     0.0985426
47       25.0584       24.7706     0.0966259
48        24.845       24.7721     0.0946042
49       26.4188       24.8057     0.0985598
50        24.817        24.806     0.0965688
51         24.63       24.8025     0.0947192
52       24.4078       24.7949     0.0931895
53        24.944       24.7977     0.0914576
54       24.7994       24.7978      0.089748
55       24.9966       24.8014     0.0881752
56       25.1213       24.8071     0.0867747
57       23.8286       24.7899       0.08695
58       24.9606       24.7929     0.0854884
59       24.2677        24.784     0.0844972
60       26.3578       24.8102     0.0871198
61         24.64       24.8074     0.0857251
62        25.356       24.8163      0.084794
63       24.5583       24.8122     0.0835376
64       24.7822       24.8117     0.0822233
65       25.4902       24.8221     0.0816187
66       25.1932       24.8277      0.080569
67       24.5754        24.824     0.0794467
68       24.9189       24.8254     0.0782821
69       25.0154       24.8281     0.0771884
70       25.4992       24.8377     0.0766794
71       25.1308       24.8418     0.0757043
72        25.736       24.8543     0.0756715
73       24.1228       24.8442     0.0752974
74       25.0228       24.8467      0.074312
75       25.5097       24.8555     0.0738456
76       23.9891       24.8441     0.0737538
77       24.9295       24.8452     0.0727981
78       25.3185       24.8513     0.0721145
79       24.5767       24.8478     0.0712805
80        25.012       24.8499     0.0704138
81       24.3913       24.8442     0.0697691
82       25.4187       24.8512     0.0692683
83       24.2583       24.8441     0.0688004
84       24.2791       24.8373     0.0683084
85       24.8092        24.837     0.0675008
86       24.2947       24.8307     0.0670087
87       24.3361        24.825     0.0664775
88       25.5664       24.8334     0.0662556
89       25.0412       24.8358     0.0655485
90       24.9421        24.837     0.0648269
91       23.9791       24.8275     0.0647999
92       24.2175       24.8209     0.0644338
93       25.2933        24.826     0.0639393
94       23.5878       24.8128     0.0646123
95       25.3895       24.8189     0.0642161
96       23.8833       24.8091     0.0642866
97       24.6248       24.8072     0.0636488
98       24.5303       24.8044     0.0630593
99        23.984       24.7961     0.0629668
100       24.9696       24.7978     0.0623581
