1      0.439696      0.439696             0
2      0.435395      0.437546    0.00215026
3      0.435194      0.436762    0.00146827
4      0.435165      0.436362    0.00111233
5      0.432822      0.435654    0.00111518
6      0.438417      0.436115    0.00102032
7      0.433006      0.435671   0.000969952
8       0.42829      0.434748     0.0012477
9      0.433997      0.434665    0.00110353
10      0.441102      0.435308    0.00117837
11      0.432644      0.435066    0.00109304
12      0.427979      0.434476    0.00115948
13      0.427104      0.433909    0.00120793
14      0.443014      0.434559    0.00129368
15      0.428963      0.434186     0.0012608
16      0.429489      0.433892    0.00121535
17      0.432391      0.433804    0.00114504
18      0.427667      0.433463    0.00113212
19      0.438106      0.433707     0.0010984
20      0.439549      0.433999    0.00108219
21      0.430642       0.43384    0.00104171
22      0.447301      0.434451    0.00116658
23      0.430081      0.434261    0.00113079
24      0.434903      0.434288    0.00108298
25      0.432941      0.434234    0.00104015
26      0.428893      0.434029    0.00102024
27      0.434463      0.434045   0.000981858
28      0.441486      0.434311   0.000982759
29      0.437489       0.43442   0.000954578
30      0.434273      0.434415   0.000922223
31      0.422222      0.434022   0.000974857
32      0.420907      0.433612    0.00102905
33       0.44068      0.433826    0.00102011
34      0.433586      0.433819   0.000989676
35      0.429431      0.433694   0.000969129
36      0.431819      0.433642   0.000943263
37       0.43952      0.433801   0.000931071
38      0.435801      0.433853   0.000907765
39      0.439886      0.434008   0.000897609
40      0.436051      0.434059    0.00087637
41      0.431332      0.433993   0.000857312
42      0.434509      0.434005   0.000836741
43      0.426953      0.433841   0.000833346
44      0.427002      0.433685   0.000828888
45      0.441232      0.433853   0.000827432
46      0.448505      0.434172   0.000869676
47      0.436641      0.434224   0.000852591
48      0.438935      0.434322    0.00084039
49      0.448531      0.434612   0.000872646
50      0.441928      0.434759   0.000867445
51      0.434876      0.434761   0.000850269
52      0.428374      0.434638   0.000842756
53      0.430708      0.434564   0.000830021
54      0.443851      0.434736   0.000832464
55      0.433378      0.434711   0.000817561
56      0.430221      0.434631   0.000806824
57      0.422934      0.434426   0.000818681
58      0.436461      0.434461   0.000805207
59      0.432867      0.434434   0.000791903
60       0.43733      0.434482   0.000780088
61      0.441099      0.434591   0.000774822
62      0.445197      0.434762   0.000781184
63      0.427389      0.434645   0.000777543
64      0.442761      0.434771   0.000775734
65      0.447429      0.434966   0.000788142
66      0.435397      0.434973   0.000776136
67       0.42601      0.434839   0.000776081
68      0.437548      0.434879   0.000765621
69      0.420648      0.434673   0.000782124
70      0.430504      0.434613   0.000773166
71      0.431953      0.434576   0.000763119
72      0.434967      0.434581   0.000752466
73       0.42625      0.434467   0.000750809
74      0.435363      0.434479   0.000740693
75      0.431968      0.434446   0.000731517
76      0.425243      0.434324   0.000731913
77      0.430539      0.434275   0.000724016
78      0.434275      0.434275   0.000714673
79      0.442518       0.43438   0.000713241
80      0.437427      0.434418   0.000705299
81      0.423438      0.434282   0.000709604
82      0.435452      0.434296   0.000701042
83       0.44121       0.43438   0.000697536
84       0.42668      0.434288   0.000695251
85      0.434746      0.434293   0.000687044
86      0.432873      0.434277   0.000679209
87      0.434736      0.434282   0.000671378
88      0.449344      0.434453    0.00068542
89      0.445361      0.434576   0.000688667
90      0.428154      0.434505     0.0006847
91      0.434396      0.434503   0.000677135
92      0.426527      0.434417   0.000675323
93      0.430451      0.434374   0.000669382
94      0.424868      0.434273   0.000669899
95       0.44385      0.434374   0.000670433
96      0.429492      0.434323   0.000665358
97      0.425865      0.434236   0.000664211
98      0.421989      0.434111    0.00066917
99      0.426626      0.434035   0.000666677
100      0.433028      0.434025   0.000660053
