1      0.434923      0.434923             0
2      0.476316       0.45562     0.0206964
3      0.420037      0.443759     0.0168363
4      0.432107      0.440846     0.0122563
5      0.460618        0.4448     0.0102843
6      0.453904      0.446317    0.00853305
7      0.471186       0.44987    0.00803929
8      0.412464      0.445194    0.00838662
9      0.430773      0.443592    0.00756788
10       0.41727       0.44096    0.00726269
11      0.466766      0.443306    0.00697569
12      0.439533      0.442991    0.00637566
13      0.459168      0.444236    0.00599531
14      0.464689      0.445697    0.00573963
15      0.453363      0.446208    0.00536769
16      0.449844      0.446435    0.00502615
17      0.444678      0.446332    0.00472238
18       0.42945      0.445394    0.00455001
19      0.394623      0.442722    0.00506594
20      0.420148      0.441593    0.00493672
21      0.450281      0.442007    0.00471395
22      0.449828      0.442362    0.00450861
23      0.469898      0.443559    0.00447138
24      0.439232      0.443379    0.00428481
25      0.429748      0.442834    0.00414586
26      0.459132      0.443461    0.00403223
27      0.481584      0.444873    0.00412894
28      0.422462      0.444072    0.00405846
29      0.461174      0.444662    0.00396016
30      0.418879      0.443803    0.00392123
31      0.474352      0.444788    0.00391857
32      0.427794      0.444257    0.00383113
33      0.455674      0.444603     0.0037293
34      0.433624       0.44428    0.00363233
35      0.450251      0.444451    0.00353115
36        0.4475      0.444535    0.00343271
37      0.422522       0.44394    0.00339124
38      0.431666      0.443617    0.00331656
39      0.450905      0.443804     0.0032358
40      0.473178      0.444539    0.00323823
41      0.442033      0.444477    0.00315885
42       0.42779       0.44408    0.00310822
43       0.43623      0.443898    0.00304056
44      0.430658      0.443597    0.00298585
45      0.466002      0.444095    0.00296091
46      0.402272      0.443185    0.00303519
47      0.460632      0.443557    0.00299302
48       0.43109      0.443297    0.00294149
49      0.421846      0.442859    0.00291391
50      0.435738      0.442717    0.00285859
51      0.450968      0.442878    0.00280664
52      0.444506       0.44291    0.00275232
53      0.449044      0.443025    0.00270237
54      0.440722      0.442983     0.0026522
55      0.437274      0.442879     0.0026056
56      0.443969      0.442898    0.00255872
57      0.487861      0.443687     0.0026343
58      0.449512      0.443788    0.00259043
59      0.448458      0.443867    0.00254738
60      0.455543      0.444061    0.00251211
61      0.454576      0.444234    0.00247659
62        0.4545      0.444399    0.00244194
63      0.446898      0.444439    0.00240319
64      0.475035      0.444917    0.00241317
65      0.456407      0.445094    0.00238232
66       0.46847      0.445448    0.00237254
67      0.432581      0.445256    0.00234473
68      0.434148      0.445093    0.00231576
69      0.397005      0.444396    0.00238601
70      0.413772      0.443958    0.00239202
71      0.431388      0.443781    0.00236473
72      0.443214      0.443773    0.00233167
73      0.458302      0.443972     0.0023081
74      0.460872      0.444201    0.00228812
75      0.410484      0.443751    0.00230173
76      0.457895      0.443937    0.00227886
77       0.45454      0.444075    0.00225328
78      0.438414      0.444002    0.00222539
79      0.421301      0.443715    0.00221575
80      0.450119      0.443795    0.00218934
81       0.44932      0.443863    0.00216322
82      0.426518      0.443652    0.00214712
83      0.458658      0.443833    0.00212879
84      0.419231       0.44354    0.00212358
85      0.453221      0.443654    0.00210154
86      0.438124      0.443589    0.00207795
87      0.444241      0.443597    0.00205394
88      0.433063      0.443477      0.002034
89      0.425022       0.44327    0.00202167
90      0.463612      0.443496    0.00201182
91      0.446464      0.443528    0.00198986
92      0.447432      0.443571    0.00196857
93       0.44494      0.443586    0.00194734
94      0.448127      0.443634    0.00192712
95       0.44271      0.443624    0.00190675
96      0.439493      0.443581    0.00188728
97      0.436537      0.443508    0.00186913
98      0.470094       0.44378    0.00186974
99      0.433801      0.443679     0.0018535
100      0.462054      0.443863    0.00184405
