1      0.116572      0.116572             0
2      0.105101      0.110836     0.0057352
3      0.111714      0.111129    0.00332413
4      0.119268      0.113164    0.00310887
5      0.115765      0.113684    0.00246368
6      0.107663      0.112681    0.00224802
7      0.118439      0.113503    0.00207038
8      0.115082        0.1137    0.00180383
9      0.111382      0.113443    0.00161155
10      0.111878      0.113286    0.00144988
11      0.112656      0.113229    0.00131272
12      0.114167      0.113307    0.00120089
13      0.109886      0.113044    0.00113557
14      0.123805      0.113813    0.00130235
15      0.114809      0.113879    0.00121424
16      0.107063      0.113453    0.00121308
17      0.112865      0.113419    0.00114001
18      0.117138      0.113625    0.00109449
19       0.11778      0.113844    0.00105813
20      0.105424      0.113423    0.00108853
21      0.101012      0.112832    0.00119219
22      0.117564      0.113047    0.00115687
23      0.108899      0.112867    0.00112004
24      0.112614      0.112856    0.00107241
25      0.112537      0.112843     0.0010287
26      0.112085      0.112814   0.000988775
27      0.111942      0.112782   0.000951997
28      0.106396      0.112554   0.000945289
29      0.124421      0.112963   0.000999697
30      0.111557      0.112916   0.000966935
31      0.104893      0.112657   0.000970373
32      0.111598      0.112624   0.000940142
33      0.116485      0.112741   0.000918688
34      0.114038      0.112779   0.000892074
35      0.112126      0.112761   0.000866412
36      0.109158      0.112661   0.000847928
37      0.117084       0.11278   0.000833314
38      0.113094      0.112788    0.00081113
39      0.120527      0.112987   0.000814596
40      0.103418      0.112748   0.000829229
41      0.110308      0.112688   0.000810937
42      0.113228      0.112701   0.000791498
43      0.111052      0.112663   0.000773822
44      0.109163      0.112583   0.000760203
45      0.117904      0.112701   0.000752465
46      0.108458      0.112609   0.000741685
47       0.10809      0.112513   0.000732073
48      0.106178      0.112381   0.000728711
49      0.111744      0.112368   0.000713803
50      0.111131      0.112343   0.000699818
51      0.108377      0.112266   0.000690354
52      0.109266      0.112208     0.0006794
53      0.105197      0.112076    0.00067946
54      0.102204      0.111893   0.000691363
55      0.115515      0.111959   0.000681864
56        0.1034      0.111806   0.000686796
57       0.11009      0.111776   0.000675311
58      0.104601      0.111652   0.000674998
59      0.106683      0.111568   0.000668782
60      0.112969      0.111591   0.000657956
61      0.113251      0.111618   0.000647652
62      0.104267        0.1115   0.000648059
63      0.112731      0.111519   0.000637989
64      0.112749      0.111539   0.000628235
65      0.114375      0.111582   0.000620031
66      0.107665      0.111523   0.000613442
67      0.111067      0.111516   0.000604255
68      0.107945      0.111463   0.000597614
69      0.108472       0.11142   0.000590483
70       0.10457      0.111322   0.000590156
71      0.115756      0.111385   0.000585126
72      0.112188      0.111396    0.00057705
73      0.111862      0.111402   0.000569126
74      0.100683      0.111257    0.00057977
75      0.111111      0.111255    0.00057199
76      0.111621       0.11126   0.000564435
77      0.115942      0.111321   0.000560365
78      0.117416      0.111399   0.000558626
79       0.11369      0.111428   0.000552271
80      0.108456      0.111391   0.000546589
81      0.109012      0.111362   0.000540597
82       0.11778       0.11144   0.000539671
83      0.116548      0.111502   0.000536669
84      0.112492      0.111513   0.000530373
85      0.119797      0.111611    0.00053308
86      0.106104      0.111547   0.000530721
87      0.104623      0.111467   0.000530587
88      0.112124      0.111475   0.000524576
89      0.111468      0.111475   0.000518648
90       0.10969      0.111455   0.000513236
91      0.110267      0.111442   0.000507733
92      0.103668      0.111357   0.000509243
93      0.118334      0.111432   0.000509294
94       0.10961      0.111413   0.000504219
95      0.108931      0.111387   0.000499567
96      0.109277      0.111365   0.000494824
97      0.120095      0.111455   0.000497899
98      0.101927      0.111357   0.000502291
99      0.120057      0.111445   0.000504898
100      0.111537      0.111446   0.000499824
