1     -0.720105     -0.720105             0
2      -0.72037     -0.720238     0.0001328
3     -0.720125       -0.7202   8.53954e-05
4     -0.720659     -0.720315   0.000129712
5     -0.720204     -0.720293   0.000102889
6     -0.720577      -0.72034   9.64388e-05
7     -0.721026     -0.720438    0.00012742
8     -0.722068     -0.720642    0.00023172
9     -0.721165       -0.7207   0.000212462
10     -0.721269     -0.720757   0.000198367
11     -0.721415     -0.720817   0.000189152
12     -0.720781     -0.720814   0.000172697
13      -0.71958     -0.720719   0.000185042
14     -0.721802     -0.720796   0.000187968
15      -0.72012     -0.720751     0.0001807
16     -0.720314     -0.720724   0.000171217
17     -0.721426     -0.720765   0.000166046
18     -0.721726     -0.720818    0.00016541
19      -0.72005     -0.720778   0.000161599
20     -0.721481     -0.720813   0.000157283
21     -0.720417     -0.720794   0.000150791
22     -0.720633     -0.720787   0.000143961
23     -0.720652     -0.720781   0.000137684
24     -0.720944     -0.720788   0.000131998
25     -0.721116     -0.720801   0.000127286
26     -0.720409     -0.720786   0.000123219
27     -0.721418     -0.720809   0.000120854
28     -0.719917     -0.720777   0.000120741
29     -0.720128     -0.720755   0.000118636
30     -0.719814     -0.720724   0.000118824
31      -0.72096     -0.720731    0.00011518
32     -0.721446     -0.720754    0.00011374
33     -0.720095     -0.720734    0.00011203
34     -0.720726     -0.720733   0.000108685
35      -0.72006     -0.720714   0.000107274
36     -0.720944     -0.720721   0.000104447
37     -0.721074      -0.72073   0.000102034
38     -0.721146     -0.720741   9.99149e-05
39     -0.720594     -0.720737   9.73919e-05
40      -0.72125      -0.72075   9.57858e-05
41     -0.721179     -0.720761   9.40046e-05
42     -0.720204     -0.720747   9.26915e-05
43     -0.719498     -0.720718   9.50566e-05
44     -0.720147     -0.720705   9.37738e-05
45     -0.720369     -0.720698   9.19708e-05
46     -0.720932     -0.720703   9.00931e-05
47     -0.722054     -0.720732   9.27211e-05
48      -0.72093     -0.720736   9.08632e-05
49     -0.720006     -0.720721    9.0226e-05
50     -0.720305     -0.720713    8.8794e-05
51     -0.720647     -0.720711    8.7045e-05
52     -0.721985     -0.720736   8.87984e-05
53     -0.720681     -0.720735    8.7113e-05
54      -0.72056     -0.720732   8.55459e-05
55     -0.720776     -0.720732     8.398e-05
56     -0.720669     -0.720731   8.24745e-05
57     -0.721924     -0.720752   8.36736e-05
58     -0.721714     -0.720769   8.38727e-05
59     -0.721205     -0.720776   8.27695e-05
60     -0.720517     -0.720772    8.1493e-05
61     -0.720834     -0.720773   8.01525e-05
62     -0.720645     -0.720771   7.88762e-05
63      -0.72045     -0.720766   7.77805e-05
64     -0.721491     -0.720777   7.73903e-05
65     -0.720775     -0.720777   7.61904e-05
66     -0.720313      -0.72077    7.5356e-05
67     -0.721034     -0.720774   7.43277e-05
68      -0.72034     -0.720768   7.35039e-05
69     -0.721034     -0.720771   7.25334e-05
70     -0.721361      -0.72078   7.19839e-05
71     -0.720442     -0.720775   7.11217e-05
72     -0.721094     -0.720779   7.02664e-05
73     -0.720369     -0.720774   6.95251e-05
74     -0.721045     -0.720778   6.86768e-05
75     -0.721066     -0.720781   6.78644e-05
76     -0.720087     -0.720772   6.75855e-05
77     -0.721313     -0.720779   6.70704e-05
78      -0.71985     -0.720767   6.72692e-05
79     -0.720282     -0.720761   6.66962e-05
80     -0.721426     -0.720769   6.63789e-05
81      -0.72149     -0.720778   6.61544e-05
82     -0.721865     -0.720792   6.66723e-05
83     -0.720989     -0.720794    6.5907e-05
84     -0.720938     -0.720796   6.51403e-05
85     -0.720235     -0.720789   6.47063e-05
86     -0.721717       -0.7208   6.48529e-05
87     -0.720355     -0.720795   6.43066e-05
88      -0.72062     -0.720793   6.36026e-05
89     -0.720384     -0.720788   6.30515e-05
90      -0.72078     -0.720788    6.2347e-05
91     -0.720276     -0.720782   6.19144e-05
92     -0.720782     -0.720782   6.12377e-05
93     -0.719924     -0.720773    6.1275e-05
94     -0.720447      -0.72077   6.07188e-05
95     -0.719838      -0.72076   6.08723e-05
96     -0.721006     -0.720763   6.02896e-05
97     -0.720776     -0.720763    5.9665e-05
98     -0.721875     -0.720774   6.01343e-05
99     -0.719816     -0.720764   6.03052e-05
100      -0.72076     -0.720764   5.96992e-05
