1       5.51387       5.51387             0
2       5.75101       5.63244      0.118571
3       5.65606       5.64031     0.0689082
4       5.62555       5.63662     0.0488649
5       5.62022       5.63334     0.0379924
6       5.61355       5.63004     0.0311956
7       5.60734        5.6268     0.0265638
8       5.67412       5.63272     0.0237532
9       5.54896       5.62341     0.0229224
10       5.67145       5.62821     0.0210576
11       5.61645       5.62714     0.0190774
12        5.6201       5.62656      0.017425
13       5.55466       5.62103     0.0169561
14       5.67266       5.62471     0.0161257
15       5.55196       5.61986     0.0157762
16        5.4982       5.61226     0.0166012
17       5.54755       5.60845     0.0160519
18       5.62999       5.60965     0.0151811
19       5.54235       5.60611     0.0147903
20       5.62262       5.60693     0.0140556
21       5.51037       5.60234     0.0141381
22          5.63       5.60359     0.0135387
23       5.58708       5.60288     0.0129566
24       5.72069       5.60778     0.0133409
25       5.54163       5.60514     0.0130669
26        5.5062       5.60133     0.0131183
27       5.60284       5.60139     0.0126232
28       5.64208       5.60284     0.0122506
29       5.60167        5.6028     0.0118207
30       5.51291        5.5998     0.0118064
31       5.66071       5.60177     0.0115869
32         5.744       5.60621     0.0120674
33       5.52804       5.60385     0.0119335
34       5.49422       5.60062     0.0120178
35       5.56849        5.5997     0.0117054
36        5.5658       5.59876     0.0114145
37       5.69395       5.60133     0.0113959
38       5.58286       5.60085     0.0111026
39       5.52029       5.59878     0.0110097
40       5.64951       5.60005     0.0108056
41        5.6216       5.60058     0.0105519
42       5.61583       5.60094      0.010304
43       5.57076       5.60024     0.0100859
44       5.58065       5.59979     0.0098641
45        5.5203       5.59803    0.00980286
46       5.62848       5.59869    0.00961022
47       5.73127       5.60151    0.00981751
48       5.71127        5.6038     0.0098791
49       5.60504       5.60382    0.00967542
50       5.57156       5.60318    0.00950186
51       5.56682       5.60246    0.00934093
52       5.79896       5.60624    0.00990843
53       5.56022       5.60537    0.00975839
54       5.64798       5.60616    0.00960842
55       5.53003       5.60478    0.00953314
56       5.58498       5.60442    0.00936803
57       5.63053       5.60488    0.00921361
58       5.50542       5.60317    0.00921435
59       5.74616       5.60559    0.00937549
60       5.63894       5.60615    0.00923465
61       5.58514        5.6058    0.00908853
62       5.60848       5.60585    0.00894084
63       5.58873       5.60557    0.00880197
64       5.65728       5.60638    0.00870094
65       5.53311       5.60525    0.00863987
66       5.49262       5.60355    0.00867744
67       5.49373       5.60191    0.00870269
68       5.42879       5.59936    0.00894376
69       5.62354       5.59971    0.00882015
70          5.66       5.60057    0.00873579
71       5.69825       5.60195    0.00872107
72       5.63098       5.60235    0.00860854
73       5.60985       5.60246    0.00849041
74       5.61966       5.60269    0.00837812
75       5.65845       5.60343    0.00829903
76       5.51836       5.60231    0.00826525
77       5.66577       5.60314    0.00819872
78       5.50593       5.60189    0.00818831
79       5.59882       5.60185    0.00808409
80       5.59267       5.60174    0.00798322
81       5.74346       5.60349    0.00807587
82       5.59231       5.60335    0.00797794
83       5.63454       5.60373    0.00789019
84       5.67417       5.60456    0.00784067
85       5.56212       5.60407    0.00776395
86       5.69501       5.60512    0.00774566
87       5.53559       5.60432    0.00769772
88       5.59258       5.60419    0.00761091
89       5.66166       5.60484    0.00755256
90       5.58692       5.60464    0.00747082
91       5.73657       5.60609    0.00752917
92        5.6233       5.60627    0.00744923
93       5.55902       5.60577    0.00738619
94       5.56677       5.60535    0.00731896
95       5.52112       5.60446    0.00729559
96       5.45399        5.6029     0.0073874
97       5.49538       5.60179    0.00739439
98        5.6823       5.60261    0.00736452
99       5.55184        5.6021    0.00730777
100       5.52347       5.60131    0.00727692
