1      0.397307      0.397307             0
2      0.399661      0.398484     0.0011769
3      0.400211       0.39906   0.000890493
4      0.399152      0.399083   0.000630092
5      0.395323      0.398331   0.000896529
6      0.396987      0.398107   0.000765493
7      0.398666      0.398187   0.000651872
8      0.394941      0.397781   0.000695179
9        0.3964      0.397628   0.000631997
10      0.399304      0.397795   0.000589612
11      0.394522      0.397498   0.000610712
12      0.397743      0.397518   0.000557875
13      0.397962      0.397552   0.000514303
14      0.396803      0.397499   0.000479147
15      0.399735      0.397648   0.000470315
16      0.398547      0.397704   0.000443512
17      0.398144       0.39773    0.00041741
18      0.395164      0.397587   0.000418558
19      0.397493      0.397582   0.000395947
20      0.396059      0.397506   0.000383275
21      0.391244      0.397208   0.000470979
22      0.395831      0.397145   0.000453399
23      0.397824      0.397175   0.000434243
24      0.399175      0.397258   0.000424026
25      0.395167      0.397175   0.000415225
26       0.39838      0.397221   0.000401619
27      0.395183      0.397146    0.00039376
28       0.40165      0.397306   0.000412131
29      0.395128      0.397231   0.000404699
30      0.399443      0.397305   0.000397868
31       0.39874      0.397351   0.000387594
32      0.399025      0.397404   0.000378913
33      0.394642       0.39732   0.000376668
34      0.397513      0.397326   0.000365466
35      0.401158      0.397435   0.000371381
36      0.393828      0.397335   0.000374571
37      0.398223      0.397359   0.000365096
38      0.395603      0.397313   0.000358349
39      0.399758      0.397375   0.000354626
40      0.397682      0.397383   0.000345732
41      0.398149      0.397402   0.000337712
42      0.399887      0.397461   0.000334844
43      0.399789      0.397515   0.000331415
44      0.395186      0.397462   0.000328094
45      0.392896      0.397361   0.000336387
46      0.397679      0.397368   0.000329066
47      0.397086      0.397362   0.000322044
48      0.391866      0.397247   0.000335407
49      0.398984      0.397283   0.000330398
50      0.400139       0.39734   0.000328725
51      0.395095      0.397296   0.000325206
52      0.396722      0.397285   0.000319082
53      0.390894      0.397164   0.000335426
54      0.398353      0.397186   0.000329891
55      0.395506      0.397156   0.000325276
56      0.398199      0.397174   0.000319957
57      0.395758      0.397149   0.000315274
58      0.395594      0.397123   0.000310948
59      0.398406      0.397144   0.000306406
60      0.395673       0.39712   0.000302252
61      0.396602      0.397111   0.000297377
62      0.394122      0.397063   0.000296487
63      0.393163      0.397001   0.000298238
64      0.397644      0.397011   0.000293713
65      0.397891      0.397025   0.000289476
66        0.3977      0.397035    0.00028524
67      0.395571      0.397013   0.000281799
68      0.394484      0.396976   0.000280104
69      0.396391      0.396967   0.000276145
70      0.392355      0.396902   0.000280036
71      0.397189      0.396906   0.000276093
72      0.400485      0.396955   0.000276733
73      0.398339      0.396974   0.000273573
74      0.396475      0.396968   0.000269935
75      0.393564      0.396922   0.000270151
76        0.3947      0.396893   0.000268172
77      0.397829      0.396905   0.000264945
78      0.400591      0.396952   0.000265763
79        0.3995      0.396985   0.000264351
80      0.397282      0.396988   0.000261052
81      0.396703      0.396985   0.000257833
82      0.396535      0.396979   0.000254729
83      0.398331      0.396996   0.000252167
84      0.399884       0.39703   0.000251509
85      0.397792      0.397039   0.000248694
86       0.40092      0.397084   0.000249895
87      0.393029      0.397037   0.000251365
88      0.400778       0.39708   0.000252101
89      0.403807      0.397155   0.000260462
90       0.39559      0.397138   0.000258138
91      0.394634      0.397111   0.000256765
92      0.395109      0.397089   0.000254889
93      0.395356       0.39707   0.000252822
94      0.395739      0.397056   0.000250518
95      0.393625       0.39702   0.000250484
96        0.3988      0.397038   0.000248553
97      0.395151      0.397019   0.000246746
98      0.398506      0.397034   0.000244686
99      0.395233      0.397016   0.000242884
100      0.396543      0.397011   0.000240489
