1       78.6429       78.6429             0
2       78.5163       78.5796     0.0632984
3       76.7211       77.9601      0.620573
4       80.7901       78.6676       0.83253
5       77.8977       78.5136      0.663002
6       79.9389       78.7512      0.591166
7       78.0318       78.6484      0.510086
8       78.3646       78.6129       0.44317
9       77.5131       78.4907      0.409498
10       81.2467       78.7663      0.458371
11       80.0195       78.8803       0.42998
12       77.4301       78.7594      0.410698
13        82.154       79.0205      0.459244
14       80.6229        79.135      0.440313
15        80.604       79.2329      0.421446
16       77.1262       79.1013      0.415635
17       80.5361       79.1857      0.399441
18       79.8711       79.2237      0.378517
19        80.677       79.3002       0.36612
20        77.213       79.1959      0.362671
21       80.5526       79.2605      0.350967
22       79.6438       79.2779      0.335087
23       79.9882       79.3088      0.321673
24       80.0447       79.3394      0.309501
25       81.2245       79.4148      0.306289
26       80.4641       79.4552      0.297028
27       80.6739       79.5003      0.289357
28       78.2127       79.4544      0.282598
29       76.5687       79.3548      0.290267
30       77.7493       79.3013      0.285486
31       79.2855       79.3008      0.276124
32       78.0665       79.2622      0.270124
33       77.4421       79.2071      0.267557
34       79.4831       79.2152      0.259696
35       79.4648       79.2223      0.252267
36       77.0689       79.1625      0.252352
37       78.3701       79.1411      0.246369
38       77.2988       79.0926       0.24465
39       79.6224       79.1062      0.238681
40       77.7096       79.0713      0.235243
41       77.0259       79.0214      0.234795
42       76.7977       78.9685      0.235174
43       75.4782       78.8873      0.243563
44       81.4556       78.9457      0.245017
45       79.7252        78.963      0.240136
46       81.5512       79.0193      0.241504
47       79.0966       79.0209      0.236315
48       79.4706       79.0303      0.231529
49       81.0219       79.0709      0.230369
50       75.1356       78.9922      0.239044
51       79.2919       78.9981      0.234383
52       77.8462       78.9759      0.230897
53       77.9472       78.9565      0.227329
54       80.7182       78.9891      0.225452
55       77.1332       78.9554      0.223873
56       77.1821       78.9237      0.222107
57       75.9832       78.8721      0.224192
58        79.917       78.8902      0.221028
59       79.0982       78.8937      0.217278
60       80.6471       78.9229      0.215616
61       77.8231       78.9049      0.212817
62       77.3988       78.8806      0.210761
63       81.3973       78.9205      0.211201
64       80.4167       78.9439      0.209185
65       76.9565       78.9133      0.208199
66       76.6136       78.8785      0.207961
67       78.5387       78.8734      0.204896
68       77.3834       78.8515      0.203046
69       80.8421       78.8804      0.202151
70        77.271       78.8574      0.200564
71       77.8116       78.8426      0.198267
72       77.9473       78.8302      0.195889
73       77.2036       78.8079      0.194468
74       77.7632       78.7938      0.192341
75       78.4763       78.7896      0.189806
76       77.0888       78.7672      0.188624
77       79.9411       78.7824      0.186781
78       80.8721       78.8092      0.186308
79       77.3364       78.7906      0.184877
80       74.0845       78.7318      0.191795
81       81.5912       78.7671      0.192674
82       81.3823        78.799      0.192964
83       79.7107       78.8099      0.190941
84       79.2358        78.815      0.188722
85       80.3835       78.8335      0.187399
86       79.8934       78.8458      0.185617
87       76.7124       78.8213      0.185103
88       79.9821       78.8345      0.183462
89       77.7789       78.8226      0.181776
90       79.3647       78.8286      0.179846
91       77.4152       78.8131      0.178536
92       79.2709       78.8181      0.176655
93       76.7572       78.7959      0.176144
94       78.6513       78.7944      0.174267
95       78.6222       78.7926      0.172432
96       82.6314       78.8325       0.17525
97       81.6319       78.8614      0.175819
98       78.7868       78.8606      0.174017
99       77.9199       78.8511      0.172512
100       81.6784       78.8794      0.173103
