1       0.87322       0.87322             0
2      0.892172      0.882696     0.0094762
3      0.844801      0.870065     0.0137656
4      0.840953      0.862787     0.0121538
5      0.900043      0.870238     0.0120062
6      0.908751      0.876657     0.0117176
7      0.903665      0.880515     0.0106282
8      0.877324      0.880116    0.00921296
9      0.918128       0.88434    0.00915726
10      0.892196      0.885125    0.00822809
11      0.883751         0.885    0.00744364
12      0.917624      0.887719    0.00731876
13      0.865343      0.885998    0.00694884
14      0.910596      0.887755    0.00666899
15      0.857004      0.885705    0.00653821
16      0.900189       0.88661    0.00618257
17      0.878106       0.88611    0.00582902
18      0.888731      0.886255    0.00549758
19      0.896169      0.886777     0.0052263
20      0.932847      0.889081    0.00546708
21       0.90027      0.889614    0.00522745
22      0.916721      0.890846    0.00513422
23      0.794259      0.886646    0.00645779
24      0.906249      0.887463    0.00623658
25      0.901532      0.888026    0.00600833
26      0.866155      0.887185    0.00583359
27      0.904218      0.887815    0.00564871
28      0.817394        0.8853    0.00599619
29      0.901758      0.885868     0.0058135
30      0.891486      0.886055    0.00561949
31      0.879796      0.885853    0.00543895
32      0.883572      0.885782    0.00526672
33      0.887993      0.885849    0.00510507
34      0.904134      0.886387    0.00498175
35       0.91782      0.887285    0.00491999
36      0.880598      0.887099    0.00478497
37      0.816574      0.885193    0.00502906
38      0.924024      0.886215    0.00500046
39      0.921108       0.88711    0.00495205
40       0.91663      0.887848    0.00488275
41      0.895569      0.888036    0.00476589
42      0.892582      0.888144     0.0046523
43      0.858481      0.887454    0.00459489
44      0.903728      0.887824    0.00450446
45       0.90804      0.888273    0.00442608
46      0.914324       0.88884    0.00436568
47      0.909993       0.88929    0.00429543
48      0.852707      0.888528     0.0042735
49      0.925994      0.889292    0.00425465
50      0.867714      0.888861    0.00419097
51      0.913915      0.889352    0.00413724
52      0.923601      0.890011    0.00411001
53      0.924612      0.890663    0.00408424
54      0.803839      0.889056    0.00431838
55      0.907012      0.889382    0.00425169
56      0.915545      0.889849    0.00420114
57      0.908218      0.890172    0.00413934
58      0.923116       0.89074    0.00410681
59      0.930164      0.891408    0.00409154
60      0.825268      0.890305    0.00417107
61       0.89928      0.890453    0.00410476
62      0.853109       0.88985    0.00408268
63      0.842943      0.889106    0.00408577
64      0.877728      0.888928    0.00402535
65      0.900203      0.889101    0.00396673
66      0.867098      0.888768    0.00392037
67      0.889553       0.88878    0.00386143
68      0.901624      0.888969    0.00380891
69      0.881519      0.888861    0.00375485
70      0.901917      0.889047    0.00370552
71       0.87884      0.888903    0.00365579
72      0.909261      0.889186    0.00361573
73      0.880283      0.889064    0.00356794
74      0.886151      0.889025    0.00351961
75      0.886435       0.88899    0.00347254
76      0.853343      0.888521    0.00345849
77      0.922017      0.888956    0.00344089
78       0.85959       0.88858     0.0034173
79      0.884679       0.88853    0.00337412
80      0.889474      0.888542     0.0033317
81      0.925645         0.889    0.00332204
82       0.85496      0.888585    0.00330743
83      0.926935      0.889047    0.00329985
84      0.876236      0.888895    0.00326389
85      0.889142      0.888898    0.00322527
86      0.905311      0.889088    0.00319325
87       0.90811      0.889307     0.0031639
88      0.886671      0.889277    0.00312788
89      0.913333      0.889547    0.00310433
90      0.862609      0.889248     0.0030842
91       0.92232      0.889611    0.00307169
92      0.903127      0.889758    0.00304167
93      0.878677      0.889639    0.00301115
94       0.87236      0.889455    0.00298461
95       0.90191      0.889587    0.00295593
96      0.885284      0.889542    0.00292532
97      0.908342      0.889736    0.00290149
98      0.879225      0.889628    0.00287373
99      0.837611      0.889103    0.00289267
100      0.916608      0.889378    0.00287678
