1      0.329963      0.329963             0
2      0.333347      0.331655    0.00169208
3      0.338044      0.333785    0.00234309
4      0.321473      0.330707    0.00349544
5      0.329692      0.330504    0.00271516
6      0.318507      0.328504    0.00298542
7      0.350964      0.331713    0.00408178
8      0.334548      0.332067    0.00355265
9      0.344492      0.333448     0.0034238
10      0.317474       0.33185    0.00345391
11      0.315088      0.330326    0.00347602
12      0.335817      0.330784    0.00320598
13      0.299212      0.328355    0.00382035
14      0.316117      0.327481    0.00364339
15      0.326029      0.327384    0.00339319
16      0.346714      0.328593    0.00339619
17      0.309043      0.327443     0.0033911
18      0.323903      0.327246     0.0032032
19      0.312042      0.326446    0.00313381
20      0.341729       0.32721    0.00306964
21      0.308463      0.326317    0.00305322
22      0.312701      0.325698    0.00297621
23      0.306932      0.324882    0.00295859
24      0.310968      0.324303    0.00289136
25      0.312831      0.323844      0.002811
26      0.324444      0.323867    0.00270082
27      0.324132      0.323877    0.00259888
28      0.335682      0.324298    0.00253959
29      0.343625      0.324965    0.00253946
30       0.33597      0.325332    0.00248063
31      0.327966      0.325417    0.00240078
32      0.335321      0.325726    0.00234506
33      0.334461      0.325991    0.00228825
34          0.32      0.325815    0.00222691
35      0.320419       0.32566    0.00216784
36      0.333906      0.325889    0.00211917
37      0.334343      0.326118    0.00207373
38      0.342993      0.326562    0.00206669
39      0.335434      0.326789    0.00202582
40      0.340305      0.327127    0.00200322
41      0.345068      0.327565    0.00200216
42      0.345775      0.327999    0.00200143
43      0.356261      0.328656     0.0020619
44      0.298758      0.327976      0.002126
45      0.325864      0.327929    0.00207875
46      0.307388      0.327483    0.00208152
47      0.326184      0.327455    0.00203694
48       0.32362      0.327375    0.00199565
49      0.309596      0.327012     0.0019879
50      0.348809      0.327448    0.00199592
51      0.326264      0.327425    0.00195653
52      0.334444       0.32756    0.00192328
53      0.346082       0.32791    0.00191874
54      0.325212       0.32786    0.00188353
55      0.343143      0.328138    0.00186973
56      0.343252      0.328407    0.00185577
57      0.356273      0.328896    0.00188734
58       0.33291      0.328966    0.00185581
59      0.324712      0.328893    0.00182551
60      0.307204      0.328532    0.00183086
61      0.333536      0.328614    0.00180247
62      0.336927      0.328748    0.00177822
63      0.314329      0.328519    0.00176467
64      0.300964      0.328089    0.00178945
65      0.352739      0.328468    0.00180206
66      0.339362      0.328633     0.0017822
67      0.339435      0.328794    0.00176279
68       0.33922      0.328947    0.00174343
69      0.300284      0.328532    0.00176749
70      0.340191      0.328699       0.00175
71       0.33488      0.328786    0.00172737
72      0.337077      0.328901     0.0017071
73      0.352557      0.329225    0.00171446
74      0.340135      0.329372    0.00169754
75      0.340872      0.329526    0.00168176
76      0.335093      0.329599     0.0016611
77      0.315677      0.329418    0.00164933
78      0.306482      0.329124    0.00165439
79      0.347693      0.329359    0.00165014
80       0.36259      0.329774     0.0016815
81      0.300719      0.329416    0.00169891
82      0.309781      0.329176    0.00169506
83      0.335257       0.32925    0.00167611
84      0.326042      0.329211    0.00165648
85      0.322769      0.329136    0.00163863
86      0.314527      0.328966    0.00162835
87      0.342347       0.32912    0.00161686
88      0.320919      0.329026    0.00160109
89      0.334302      0.329086    0.00158411
90      0.319557       0.32898    0.00156998
91      0.339396      0.329094    0.00155685
92      0.322014      0.329017    0.00154175
93      0.339524       0.32913    0.00152927
94      0.330708      0.329147      0.001513
95      0.332253       0.32918    0.00149735
96       0.29554      0.328829    0.00152254
97      0.300466      0.328537    0.00153487
98      0.326988      0.328521    0.00151921
99      0.341122      0.328648    0.00150917
100      0.311308      0.328475    0.00150403
