1     -0.974007     -0.974007             0
2     -0.973385     -0.973696     0.0003112
3     -0.972017     -0.973136   0.000587863
4     -0.975634     -0.973761   0.000750056
5     -0.973133     -0.973635   0.000594404
6     -0.975206     -0.973897   0.000551418
7     -0.972601     -0.973712   0.000501463
8     -0.973447     -0.973679   0.000435536
9      -0.97225      -0.97352    0.00041563
10      -0.97637     -0.973805   0.000468462
11     -0.975034     -0.973917   0.000438234
12     -0.972558     -0.973803   0.000415755
13     -0.977502     -0.974088   0.000476638
14     -0.975806     -0.974211   0.000458019
15     -0.975311     -0.974284    0.00043266
16     -0.972093     -0.974147   0.000427259
17     -0.975984     -0.974255   0.000415632
18     -0.975058       -0.9743   0.000394395
19     -0.976091     -0.974394   0.000384791
20     -0.972348     -0.974292   0.000379108
21     -0.976178     -0.974382   0.000371618
22     -0.975158     -0.974417   0.000356079
23     -0.975568     -0.974467   0.000343907
24     -0.975266       -0.9745   0.000330947
25     -0.976175     -0.974567   0.000324427
26     -0.975768     -0.974613   0.000315102
27     -0.975548     -0.974648   0.000305177
28      -0.97305     -0.974591   0.000299565
29     -0.972075     -0.974504   0.000301787
30      -0.97291     -0.974451   0.000296355
31     -0.974337     -0.974447   0.000286659
32     -0.973245      -0.97441   0.000280089
33      -0.97287     -0.974363   0.000275448
34      -0.97455     -0.974369    0.00026728
35     -0.974845     -0.974382   0.000259888
36     -0.972602     -0.974333   0.000257359
37     -0.973575     -0.974312   0.000251143
38     -0.972237     -0.974258   0.000250472
39     -0.974302     -0.974259   0.000243968
40     -0.972709      -0.97422   0.000240927
41     -0.972121     -0.974169   0.000240492
42     -0.971985     -0.974117   0.000240388
43     -0.970267     -0.974027   0.000251225
44     -0.976917     -0.974093   0.000254082
45     -0.974537     -0.974103   0.000248567
46     -0.976626     -0.974158   0.000249216
47     -0.974001     -0.974154   0.000243879
48     -0.974588     -0.974163   0.000238915
49      -0.97605     -0.974202   0.000237133
50     -0.970422     -0.974126   0.000244329
51     -0.974348     -0.974131    0.00023953
52     -0.973481     -0.974118   0.000235211
53     -0.973107     -0.974099   0.000231517
54     -0.975054     -0.974117   0.000227876
55     -0.971962     -0.974078   0.000227098
56     -0.972273     -0.974045   0.000225323
57     -0.970614     -0.973985   0.000229377
58     -0.974754     -0.973998   0.000225778
59     -0.974519     -0.974007   0.000222093
60     -0.976363     -0.974047   0.000221863
61      -0.97301      -0.97403   0.000218856
62     -0.972729     -0.974009   0.000216317
63     -0.976444     -0.974047   0.000216338
64     -0.976272     -0.974082    0.00021575
65     -0.971753     -0.974046   0.000215406
66     -0.971772     -0.974012   0.000214898
67      -0.97339     -0.974002   0.000211869
68     -0.972538     -0.973981   0.000209837
69     -0.976353     -0.974015   0.000209612
70     -0.972467     -0.973993   0.000207776
71     -0.973134     -0.973981   0.000205185
72     -0.973047     -0.973968   0.000202731
73      -0.97207     -0.973942   0.000201617
74     -0.972892     -0.973928    0.00019938
75     -0.973423     -0.973921   0.000196818
76     -0.972483     -0.973902   0.000195131
77     -0.975132     -0.973918   0.000193241
78     -0.975932     -0.973944   0.000192487
79     -0.972113     -0.973921   0.000191443
80     -0.969235     -0.973862   0.000197901
81     -0.976903       -0.9739   0.000199016
82     -0.976156     -0.973927    0.00019849
83     -0.974708     -0.973937   0.000196309
84     -0.974022     -0.973938   0.000193961
85     -0.975338     -0.973954   0.000192371
86     -0.975233     -0.973969   0.000190702
87     -0.971632     -0.973942   0.000190402
88     -0.975226     -0.973957    0.00018879
89     -0.972762     -0.973943   0.000187139
90       -0.9746     -0.973951   0.000185192
91     -0.972656     -0.973936   0.000183697
92     -0.974236      -0.97394   0.000181719
93     -0.972134      -0.97392   0.000180799
94     -0.973678     -0.973918   0.000178884
95     -0.973611     -0.973915    0.00017702
96     -0.977854     -0.973956    0.00017991
97     -0.977076     -0.973988   0.000180929
98     -0.974239      -0.97399   0.000179091
99      -0.97313     -0.973982   0.000177486
100     -0.976634     -0.974008   0.000177692
