1       10.0815       10.0815             0
2       10.3638       10.2226      0.141176
3        10.212       10.2191     0.0815851
4       10.6683       10.3314      0.126244
5        10.065       10.2781      0.111357
6       10.3463       10.2895     0.0916291
7       10.3798       10.3024     0.0785073
8       10.1868       10.2879     0.0695075
9       9.93401       10.2486     0.0728285
10        10.257       10.2494     0.0651451
11       10.1895        10.244     0.0591772
12       10.3367       10.2517     0.0545711
13       10.3952       10.2627     0.0513968
14       10.3081        10.266     0.0476944
15       10.2017       10.2617     0.0446074
16       10.0896       10.2509     0.0430909
17       10.2328       10.2499      0.040491
18       10.5831       10.2684     0.0424275
19        10.319       10.2711     0.0402208
20       10.4148       10.2782     0.0388275
21       10.0873       10.2691     0.0380349
22       10.1813       10.2652     0.0364841
23       10.3132       10.2672     0.0349243
24       10.2161       10.2651     0.0335054
25       10.3145       10.2671      0.032198
26        10.205       10.2647     0.0310269
27       10.0378       10.2563     0.0310159
28       10.1842       10.2537     0.0299985
29       10.3273       10.2563     0.0290567
30       10.0079        10.248     0.0292665
31       10.3377       10.2509     0.0284542
32       10.3693       10.2546      0.027798
33       10.7099       10.2684     0.0302695
34       10.2623       10.2682     0.0293663
35       9.91715       10.2582     0.0302274
36       10.0559       10.2525     0.0299084
37       10.1903       10.2509     0.0291374
38       10.3568       10.2537     0.0284969
39       9.91737        10.245     0.0290651
40       10.4884       10.2511     0.0289753
41       10.1506       10.2487      0.028366
42       10.2387       10.2484     0.0276834
43       10.0522       10.2439     0.0274144
44       10.2299       10.2435      0.026786
45       10.3653       10.2463     0.0263235
46       10.2841       10.2471      0.025758
47       10.3829         10.25     0.0253692
48       10.0554       10.2459     0.0251638
49       10.2729       10.2465     0.0246511
50       10.1729        10.245     0.0241977
51       10.6907       10.2537     0.0252774
52       10.5813         10.26     0.0255743
53       10.0196       10.2555      0.025494
54       10.0763       10.2522     0.0252366
55       10.0816       10.2491     0.0249669
56       10.0874       10.2462     0.0246865
57       10.1186       10.2439     0.0243526
58       9.99174       10.2396      0.024321
59       10.1339       10.2378     0.0239722
60       10.1947       10.2371     0.0235802
61       10.5187       10.2417     0.0236455
62       10.4416       10.2449     0.0234835
63       10.3036       10.2459     0.0231265
64       10.2909       10.2466     0.0227732
65       10.1523       10.2451     0.0224669
66       10.2055       10.2445      0.022132
67       10.1458        10.243     0.0218489
68       10.3052        10.244     0.0215446
69       10.4346       10.2467      0.021409
70       10.2098       10.2462     0.0211075
71       9.97002       10.2423     0.0211685
72        10.472       10.2455     0.0211149
73       10.1898       10.2447     0.0208376
74       10.5262       10.2485      0.020903
75       10.3508       10.2499     0.0206674
76       10.1098       10.2481     0.0204767
77       10.3243        10.249     0.0202333
78       10.3268         10.25     0.0199971
79       10.3139       10.2509     0.0197589
80       10.2247       10.2505     0.0195131
81       10.1417       10.2492     0.0193175
82        10.209       10.2487     0.0190868
83       10.1633       10.2477     0.0188835
84       10.2804       10.2481     0.0186614
85       10.2236       10.2478     0.0184428
86       10.2131       10.2474     0.0182315
87       10.3132       10.2481     0.0180366
88       10.1761       10.2473     0.0178493
89       10.5858       10.2511     0.0180528
90       10.0297       10.2486     0.0180197
91       10.7416       10.2541     0.0186259
92       10.2462        10.254     0.0184225
93       10.2149       10.2536     0.0182282
94        10.299        10.254     0.0180397
95       9.89338       10.2502     0.0182481
96       10.1001       10.2487     0.0181246
97        10.104       10.2472     0.0179987
98       10.3878       10.2486     0.0178718
99       10.1932       10.2481     0.0176992
100       10.2525       10.2481     0.0175214
