1     -0.804168     -0.804168             0
2     -0.804138     -0.804153      1.48e-05
3     -0.803889     -0.804065   8.85466e-05
4     -0.806072     -0.804567   0.000505625
5     -0.803918     -0.804437   0.000412566
6     -0.803923     -0.804351   0.000347578
7     -0.804931     -0.804434   0.000305208
8     -0.804605     -0.804456   0.000265176
9     -0.804174     -0.804424   0.000235953
10     -0.804327     -0.804415   0.000211266
11     -0.804502     -0.804423   0.000191264
12     -0.804562     -0.804434   0.000174983
13      -0.80415     -0.804412   0.000162443
14       -0.8046     -0.804426   0.000150989
15     -0.803364     -0.804355   0.000157377
16      -0.80479     -0.804382   0.000149708
17     -0.805184     -0.804429   0.000148327
18     -0.804994     -0.804461   0.000143325
19     -0.804786     -0.804478   0.000136651
20     -0.805307     -0.804519    0.00013611
21     -0.804084     -0.804499   0.000131115
22     -0.803634     -0.804459    0.00013105
23     -0.804876     -0.804477   0.000126527
24      -0.80351     -0.804437   0.000127675
25     -0.805806     -0.804492   0.000134153
26      -0.80395     -0.804471   0.000130567
27     -0.803914      -0.80445   0.000127322
28     -0.804317     -0.804446   0.000122783
29     -0.805153      -0.80447   0.000120958
30     -0.803445     -0.804436    0.00012175
31     -0.804189     -0.804428   0.000118026
32     -0.804646     -0.804435   0.000114481
33     -0.805238     -0.804459   0.000113595
34     -0.804698     -0.804466   0.000110428
35      -0.80398     -0.804452   0.000108122
36     -0.804222     -0.804446   0.000105269
37     -0.804965      -0.80446   0.000103341
38     -0.804214     -0.804453   0.000100792
39     -0.804488     -0.804454   9.81773e-05
40      -0.80535     -0.804477   9.82749e-05
41     -0.805306     -0.804497   9.79577e-05
42     -0.804857     -0.804505   9.59805e-05
43     -0.803327     -0.804478   9.76446e-05
44     -0.803798     -0.804463   9.66417e-05
45     -0.803901      -0.80445   9.52908e-05
46     -0.804218     -0.804445   9.33322e-05
47     -0.805312     -0.804463   9.31692e-05
48      -0.80256     -0.804424   9.94552e-05
49      -0.80483     -0.804432   9.77572e-05
50     -0.804362     -0.804431   9.57925e-05
51     -0.805467     -0.804451   9.60698e-05
52     -0.805843     -0.804478   9.79349e-05
53     -0.803805     -0.804465   9.69048e-05
54     -0.802359     -0.804426   0.000102779
55     -0.804954     -0.804436   0.000101348
56      -0.80411      -0.80443   9.96919e-05
57     -0.805441     -0.804448   9.95205e-05
58     -0.803814     -0.804437   9.83986e-05
59     -0.803714     -0.804424   9.74881e-05
60     -0.803887     -0.804415   9.62668e-05
61     -0.805486     -0.804433   9.62895e-05
62     -0.804726     -0.804438   9.48419e-05
63     -0.805422     -0.804453   9.46219e-05
64     -0.804666     -0.804457   9.31912e-05
65     -0.804018      -0.80445   9.19947e-05
66     -0.803888     -0.804441   9.09893e-05
67     -0.804594     -0.804444   8.96497e-05
68     -0.804555     -0.804445   8.83367e-05
69       -0.8055     -0.804461   8.83789e-05
70     -0.804326     -0.804459   8.71283e-05
71     -0.803571     -0.804446   8.67972e-05
72     -0.805396     -0.804459   8.65939e-05
73     -0.804107     -0.804455   8.55356e-05
74     -0.804447     -0.804454   8.43718e-05
75     -0.803326     -0.804439   8.45873e-05
76     -0.803535     -0.804428   8.43105e-05
77      -0.80497     -0.804435   8.35066e-05
78     -0.805205     -0.804444   8.30184e-05
79     -0.804597     -0.804446   8.19835e-05
80     -0.804517     -0.804447    8.0957e-05
81     -0.803481     -0.804435   8.08367e-05
82     -0.805514     -0.804448   8.09219e-05
83     -0.804326     -0.804447   7.99545e-05
84     -0.804805     -0.804451   7.91117e-05
85     -0.804113     -0.804447   7.82768e-05
86     -0.804694      -0.80445   7.74146e-05
87     -0.804351     -0.804449    7.6528e-05
88     -0.804529      -0.80445   7.56588e-05
89     -0.805085     -0.804457   7.51433e-05
90     -0.804825     -0.804461   7.44159e-05
91     -0.805515     -0.804473   7.44995e-05
92     -0.804875     -0.804477    7.3815e-05
93     -0.803908     -0.804471    7.3273e-05
94     -0.805693     -0.804484   7.36454e-05
95     -0.803562     -0.804474   7.35101e-05
96     -0.804062      -0.80447   7.28673e-05
97       -0.8054      -0.80448   7.27467e-05
98     -0.806038     -0.804495   7.37349e-05
99     -0.803776     -0.804488   7.33473e-05
100     -0.803552     -0.804479   7.32111e-05
