1      0.434776      0.434776             0
2      0.436008      0.435392   0.000615984
3      0.437822      0.436202   0.000884795
4      0.438621      0.436807   0.000870183
5      0.433035      0.436052    0.00101152
6      0.435064      0.435888   0.000842174
7      0.439799      0.436446   0.000904878
8      0.438229      0.436669   0.000814711
9      0.428657      0.435779    0.00114401
10      0.431998      0.435401    0.00109086
11      0.430622      0.434966    0.00107811
12      0.434358      0.434916   0.000985481
13      0.435472      0.434958   0.000907522
14       0.43568       0.43501   0.000841779
15      0.434351      0.434966   0.000784883
16      0.437473      0.435123   0.000750728
17       0.43426      0.435072   0.000707009
18      0.436568      0.435155   0.000671735
19      0.433652      0.435076   0.000640307
20      0.433777      0.435011   0.000610909
21      0.438635      0.435184   0.000606168
22      0.438683      0.435343    0.00059945
23      0.433843      0.435277   0.000576494
24      0.436059       0.43531   0.000552912
25      0.437741      0.435407   0.000539176
26      0.436141      0.435436   0.000518792
27      0.435068      0.435422   0.000499393
28      0.438064      0.435516   0.000490387
29      0.437267      0.435577    0.00047701
30      0.433772      0.435516   0.000464744
31      0.437159      0.435569   0.000452614
32      0.435108      0.435555   0.000438478
33      0.439591      0.435677   0.000442228
34      0.439921      0.435802   0.000446813
35      0.432974      0.435721   0.000441321
36      0.434866      0.435698   0.000429545
37      0.432841       0.43562   0.000424849
38      0.437596      0.435672   0.000416773
39      0.430354      0.435536   0.000428241
40      0.436444      0.435559   0.000418014
41      0.426209      0.435331   0.000467134
42      0.434945      0.435321   0.000455969
43      0.439091      0.435409   0.000453789
44      0.429095      0.435266   0.000466004
45       0.43641      0.435291    0.00045624
46      0.435002      0.435285   0.000446256
47      0.434027      0.435258   0.000437477
48      0.435459      0.435262   0.000428287
49      0.440855      0.435376   0.000434707
50      0.440141      0.435472   0.000436455
51      0.437985      0.435521   0.000430641
52      0.436024      0.435531   0.000422389
53      0.439442      0.435604   0.000420864
54      0.439613      0.435679   0.000419615
55      0.432682      0.435624   0.000415503
56      0.434221      0.435599   0.000408785
57       0.42875      0.435479    0.00041914
58      0.433702      0.435448   0.000412988
59      0.436916      0.435473    0.00040669
60       0.44032      0.435554   0.000407931
61      0.436913      0.435576   0.000401806
62      0.438728      0.435627   0.000398527
63      0.431884      0.435568   0.000396625
64      0.438589      0.435615   0.000393222
65      0.438699      0.435662   0.000390023
66      0.434338      0.435642   0.000384592
67      0.428264      0.435532   0.000394491
68      0.439316      0.435588   0.000392609
69      0.432677      0.435546   0.000389171
70      0.427992      0.435438   0.000398459
71      0.433393      0.435409   0.000393861
72      0.438594      0.435453   0.000390863
73      0.439871      0.435514   0.000390194
74      0.439834      0.435572   0.000389288
75      0.440822      0.435642    0.00039039
76      0.434903      0.435632   0.000385342
77      0.430688      0.435568   0.000385686
78       0.43322      0.435538   0.000381898
79      0.436203      0.435546   0.000377127
80      0.438642      0.435585   0.000374388
81      0.438885      0.435626   0.000371974
82      0.433402      0.435599    0.00036841
83      0.439623      0.435647   0.000367159
84      0.433514      0.435622    0.00036365
85      0.440777      0.435682   0.000364428
86      0.435135      0.435676   0.000360222
87       0.43667      0.435688   0.000356241
88      0.437861      0.435712   0.000353034
89      0.444405       0.43581   0.000362453
90       0.43784      0.435832   0.000359112
91      0.434041      0.435813   0.000355689
92       0.43491      0.435803   0.000351938
93      0.429524      0.435735   0.000354619
94        0.4341      0.435718   0.000351257
95      0.429139      0.435649   0.000354373
96      0.434521      0.435637   0.000350859
97      0.432254      0.435602    0.00034897
98      0.437019      0.435617   0.000345693
99      0.438579      0.435647   0.000343489
100      0.440537      0.435695   0.000343535
