1      0.213169      0.213169             0
2      0.191283      0.202226     0.0109428
3      0.201627      0.202026    0.00632098
4       0.21766      0.205935    0.00593738
5      0.199652      0.204678    0.00476761
6       0.18173      0.200854    0.00545721
7      0.193554      0.199811    0.00472859
8       0.20035      0.199878    0.00409563
9      0.185381      0.198267     0.0039549
10      0.185973      0.197038    0.00374492
11      0.192561      0.196631    0.00341177
12      0.202348      0.197107    0.00315074
13      0.206981      0.197867    0.00299613
14      0.215991      0.199162     0.0030611
15      0.204856      0.199541     0.0028749
16      0.214435      0.200472    0.00284577
17      0.199939      0.200441    0.00267332
18      0.224257      0.201764    0.00284662
19      0.210934      0.202246    0.00273555
20      0.187994      0.201534    0.00269123
21      0.197867      0.201359    0.00256582
22      0.202732      0.201422    0.00244721
23      0.189347      0.200897     0.0023966
24      0.210901      0.201313    0.00233212
25      0.198446      0.201199    0.00223983
26      0.187355      0.200666    0.00221685
27      0.202358      0.200729    0.00213408
28      0.198707      0.200657    0.00205772
29      0.211806      0.201041    0.00202238
30      0.205832      0.201201    0.00196032
31      0.206774      0.201381    0.00190453
32      0.197251      0.201252    0.00184856
33      0.208653      0.201476    0.00180565
34       0.20238      0.201502    0.00175194
35      0.205742      0.201624    0.00170546
36      0.193262      0.201391     0.0016736
37      0.191982      0.201137    0.00164749
38      0.196979      0.201028    0.00160728
39      0.212845      0.201331    0.00159457
40       0.19981      0.201293    0.00155466
41       0.20374      0.201352    0.00151745
42      0.201104      0.201346    0.00148089
43      0.199955      0.201314     0.0014464
44      0.195859       0.20119    0.00141857
45      0.212152      0.201434    0.00140793
46      0.199405       0.20139    0.00137768
47      0.193218      0.201216    0.00135922
48       0.18184      0.200812    0.00139048
49      0.203389      0.200865    0.00136282
50      0.204864      0.200945    0.00133768
51      0.197807      0.200883    0.00131263
52      0.192024      0.200713    0.00129837
53      0.195566      0.200616    0.00127733
54      0.196564      0.200541     0.0012557
55      0.194371      0.200428    0.00123775
56       0.19692      0.200366    0.00121706
57       0.19828      0.200329    0.00119608
58      0.203219      0.200379    0.00117633
59      0.194687      0.200282    0.00116024
60      0.202672      0.200322    0.00114143
61        0.2067      0.200427    0.00112742
62       0.19546      0.200347    0.00111198
63      0.197966      0.200309    0.00109484
64      0.202322       0.20034    0.00107805
65      0.201772      0.200362    0.00106157
66      0.198756      0.200338    0.00104564
67      0.188663      0.200164    0.00104456
68      0.208041       0.20028    0.00103558
69      0.203133      0.200321     0.0010213
70      0.188496      0.200152    0.00102068
71      0.208177      0.200265    0.00101253
72      0.199382      0.200253   0.000998441
73      0.197187      0.200211   0.000985564
74      0.188796      0.200057   0.000984316
75       0.20663      0.200144   0.000975049
76      0.197516       0.20011   0.000962756
77       0.20562      0.200181   0.000952862
78         0.206      0.200256   0.000943519
79      0.186934      0.200087   0.000946641
80      0.188772      0.199946   0.000945374
81      0.197363      0.199914   0.000934174
82      0.208264      0.200016   0.000928314
83      0.201813      0.200037   0.000917317
84      0.205281        0.2001   0.000908478
85      0.204704      0.200154   0.000899358
86      0.189301      0.200028   0.000897754
87      0.185849      0.199865   0.000902217
88       0.21084       0.19999   0.000900584
89      0.197498      0.199962   0.000890847
90      0.203604      0.200002   0.000881822
91      0.193769      0.199933   0.000874764
92      0.186768       0.19979   0.000876959
93      0.221496      0.200024   0.000898326
94      0.206467      0.200092   0.000891358
95      0.194503      0.200033   0.000883886
96      0.200851      0.200042   0.000874671
97      0.202038      0.200063   0.000865852
98        0.1953      0.200014   0.000858348
99      0.191836      0.199931   0.000853639
100      0.211715      0.200049   0.000853235
