1     0.0290996     0.0290996             0
2     0.0259272     0.0275134     0.0015862
3       0.02807     0.0276989   0.000934398
4     0.0294052     0.0281255   0.000786453
5      0.026918      0.027884   0.000655307
6     0.0254052     0.0274709   0.000675991
7     0.0298324     0.0278082   0.000663488
8        0.0275     0.0277697   0.000575888
9     0.0262404     0.0275998   0.000535557
10     0.0261604     0.0274558   0.000500175
11     0.0285148     0.0275521   0.000462554
12     0.0301372     0.0277675    0.00047403
13     0.0246984     0.0275314   0.000495854
14     0.0306408     0.0277535   0.000509975
15     0.0291164     0.0278444   0.000483376
16      0.026582     0.0277655   0.000458989
17     0.0280672     0.0277832    0.00043151
18     0.0305548     0.0279372   0.000434995
19     0.0266308     0.0278685    0.00041717
20     0.0253384      0.027742   0.000415488
21     0.0239668     0.0275622   0.000434173
22     0.0294908     0.0276499   0.000423148
23     0.0279148     0.0276614   0.000404496
24     0.0267048     0.0276215   0.000389321
25     0.0287692     0.0276674   0.000376235
26     0.0253784     0.0275794   0.000372042
27     0.0267372     0.0275482   0.000359354
28     0.0262912     0.0275033    0.00034918
29      0.028792     0.0275477   0.000339842
30     0.0279024     0.0275596   0.000328531
31     0.0257952     0.0275026   0.000322814
32     0.0258088     0.0274497   0.000317013
33     0.0283448     0.0274768   0.000308452
34     0.0290432     0.0275229   0.000302768
35     0.0260652     0.0274813   0.000296925
36     0.0276388     0.0274856   0.000288593
37     0.0261396     0.0274493   0.000283032
38     0.0256736     0.0274025   0.000279418
39     0.0284916     0.0274305   0.000273588
40     0.0261888     0.0273994   0.000268462
41     0.0297588      0.027457   0.000268081
42      0.027588     0.0274601   0.000261639
43     0.0261288     0.0274291   0.000257351
44     0.0280012     0.0274421    0.00025177
45     0.0280076     0.0274547   0.000246432
46     0.0271836     0.0274488   0.000241087
47     0.0228868     0.0273517   0.000255091
48     0.0256444     0.0273162    0.00025224
49     0.0258356     0.0272859    0.00024888
50     0.0271236     0.0272827   0.000243873
51     0.0267456     0.0272722   0.000239275
52     0.0269288     0.0272656   0.000234721
53     0.0284408     0.0272877   0.000231315
54      0.025636     0.0272571   0.000229043
55      0.027636      0.027264   0.000224946
56     0.0231932     0.0271913   0.000232546
57     0.0277512     0.0272012   0.000228641
58     0.0290524     0.0272331    0.00022692
59     0.0243832     0.0271848   0.000228211
60     0.0280292     0.0271989   0.000224817
61        0.0286     0.0272218    0.00022229
62     0.0277148     0.0272298    0.00021882
63     0.0265644     0.0272192   0.000215578
64     0.0248784     0.0271826   0.000215312
65     0.0279192      0.027194   0.000212276
66      0.025454     0.0271676   0.000210691
67     0.0281268     0.0271819   0.000208016
68     0.0254244     0.0271561   0.000206557
69      0.025608     0.0271336   0.000204774
70     0.0273832     0.0271372   0.000201859
71     0.0325928      0.027214   0.000213316
72     0.0260564      0.027198   0.000210946
73     0.0272752      0.027199   0.000208039
74     0.0248736     0.0271676     0.0002076
75     0.0287692      0.027189   0.000205924
76      0.026154     0.0271753   0.000203652
77     0.0269368     0.0271722   0.000201014
78     0.0275096     0.0271766   0.000198467
79     0.0256848     0.0271577   0.000196847
80     0.0282764     0.0271717   0.000194873
81     0.0266036     0.0271647    0.00019258
82     0.0280532     0.0271755   0.000190525
83     0.0263468     0.0271655    0.00018848
84      0.028318     0.0271792   0.000186728
85     0.0311448     0.0272259   0.000190324
86      0.026254     0.0272146   0.000188438
87     0.0267284      0.027209   0.000186343
88     0.0292956     0.0272327   0.000185733
89     0.0262024     0.0272211   0.000183999
90     0.0253716     0.0272006     0.0001831
91       0.02523     0.0271789   0.000182367
92     0.0259056     0.0271651   0.000180904
93     0.0314308     0.0272109   0.000184733
94     0.0277796      0.027217   0.000182857
95      0.026738      0.027212   0.000180992
96     0.0291052     0.0272317    0.00018018
97     0.0290072       0.02725   0.000179249
98     0.0266844     0.0272442   0.000177505
99     0.0270476     0.0272422   0.000175714
100     0.0273912     0.0272437   0.000173954
