1      0.196468      0.196468             0
2      0.196998      0.196733   0.000265038
3      0.197353      0.196939   0.000257117
4      0.196242      0.196765   0.000251809
5      0.196116      0.196635   0.000234278
6      0.196936      0.196685   0.000197755
7      0.193231      0.196192   0.000520991
8      0.196232      0.196197   0.000451219
9      0.197768      0.196372   0.000434522
10      0.197499      0.196484   0.000404667
11      0.197657      0.196591   0.000381253
12      0.196206      0.196559    0.00034951
13      0.195846      0.196504   0.000326144
14      0.197211      0.196555   0.000306146
15      0.195475      0.196483   0.000293956
16      0.196299      0.196471   0.000275209
17      0.196692      0.196484   0.000258841
18      0.195751      0.196443   0.000247415
19      0.198493      0.196551   0.000257705
20      0.198602      0.196654   0.000265119
21      0.197073      0.196674   0.000252965
22      0.196478      0.196665   0.000241356
23      0.196143      0.196642   0.000231736
24      0.197243      0.196667   0.000223275
25      0.197861      0.196715   0.000219415
26      0.196254      0.196697    0.00021155
27      0.195635      0.196658   0.000207334
28      0.198099      0.196709   0.000206314
29      0.196581      0.196705   0.000199122
30      0.197112      0.196719   0.000192847
31      0.196814      0.196722   0.000186548
32      0.198591       0.19678   0.000189834
33      0.196826      0.196781   0.000183997
34       0.19641       0.19677   0.000178836
35      0.198052      0.196807   0.000177471
36       0.19459      0.196745   0.000183137
37      0.197779      0.196773   0.000180296
38        0.1968      0.196774   0.000175489
39      0.194616      0.196719   0.000179664
40      0.196869      0.196723   0.000175155
41      0.195895      0.196702   0.000172018
42      0.196385      0.196695   0.000168043
43       0.19472      0.196649   0.000170395
44      0.197245      0.196662   0.000167027
45      0.195434      0.196635   0.000165541
46      0.197446      0.196653   0.000162858
47      0.196225      0.196644   0.000159615
48      0.196212      0.196635   0.000156513
49      0.196095      0.196624    0.00015368
50      0.197527      0.196642   0.000151655
51      0.197748      0.196663   0.000150226
52      0.196254      0.196656   0.000147519
53      0.198284      0.196686   0.000147937
54      0.196075      0.196675   0.000145612
55      0.196718      0.196676   0.000142942
56      0.197277      0.196686   0.000140777
57      0.197509      0.196701   0.000139036
58      0.196487      0.196697   0.000136667
59      0.196787      0.196699   0.000134339
60      0.195773      0.196683    0.00013298
61      0.198255      0.196709   0.000133294
62      0.197526      0.196722   0.000131788
63      0.197487      0.196734   0.000130246
64      0.197241      0.196742   0.000128439
65      0.197528      0.196754   0.000127024
66      0.195678      0.196738   0.000126143
67      0.197559       0.19675   0.000124849
68       0.19685      0.196752   0.000123008
69      0.195921       0.19674   0.000121809
70       0.19519      0.196718    0.00012208
71      0.196866       0.19672   0.000120366
72      0.196569      0.196718   0.000118701
73      0.197427      0.196727   0.000117466
74       0.19633      0.196722   0.000115993
75      0.197133      0.196727   0.000114567
76      0.197385      0.196736    0.00011338
77      0.196622      0.196735   0.000111907
78      0.195986      0.196725   0.000110879
79      0.198011      0.196741   0.000110671
80      0.195223      0.196722   0.000110914
81      0.197535      0.196732   0.000109994
82      0.197152      0.196737   0.000108765
83      0.195756      0.196726   0.000108095
84      0.196118      0.196718   0.000107045
85      0.196362      0.196714   0.000105862
86      0.197632      0.196725   0.000105166
87      0.197564      0.196735   0.000104397
88      0.197521      0.196743   0.000103589
89      0.196713      0.196743   0.000102419
90      0.195246      0.196726   0.000102633
91      0.195333      0.196711   0.000102647
92      0.196438      0.196708   0.000101569
93      0.196626      0.196707   0.000100474
94      0.196853      0.196709   9.94118e-05
95      0.197639      0.196719   9.88456e-05
96       0.19832      0.196735   9.92234e-05
97      0.197314      0.196741   9.83763e-05
98      0.198738      0.196762   9.94758e-05
99      0.195939      0.196753   9.88162e-05
100      0.196183      0.196748   9.79894e-05
