1       1.35172       1.35172             0
2       1.36039       1.35606     0.0043352
3       1.36369        1.3586    0.00356817
4       1.36806       1.36096    0.00345761
5       1.35941       1.36065    0.00269622
6       1.36438       1.36128    0.00228739
7       1.34009       1.35825    0.00359065
8       1.35474       1.35781    0.00314031
9       1.36283       1.35837    0.00282498
10       1.35459       1.35799    0.00255476
11       1.35849       1.35804    0.00231131
12       1.34583       1.35702     0.0023423
13       1.36707       1.35779    0.00228903
14       1.37461       1.35899     0.0024361
15       1.36374       1.35931    0.00228984
16       1.36057       1.35939    0.00214341
17       1.36631        1.3598    0.00205416
18       1.35004       1.35925    0.00201104
19       1.36491       1.35955    0.00192537
20       1.37135       1.36014    0.00191947
21       1.34528       1.35943    0.00195812
22       1.35333       1.35916    0.00188752
23       1.35644       1.35904    0.00180744
24        1.3393       1.35822    0.00191592
25       1.33757       1.35739    0.00201478
26       1.35653       1.35736    0.00193602
27       1.35488       1.35727    0.00186519
28       1.35086       1.35704    0.00181185
29       1.36531       1.35732    0.00177138
30       1.36393       1.35754    0.00172543
31        1.3601       1.35762    0.00167088
32       1.36779       1.35794    0.00164873
33       1.35518       1.35786    0.00160019
34       1.34736       1.35755    0.00158283
35         1.355       1.35748    0.00153867
36       1.36053       1.35756    0.00149772
37       1.35592       1.35752    0.00145735
38       1.34847       1.35728    0.00143831
39       1.34549       1.35698    0.00143317
40       1.36966       1.35729    0.00143244
41       1.35587       1.35726     0.0013975
42       1.34145       1.35688    0.00141482
43       1.35447       1.35683    0.00138266
44       1.36428         1.357    0.00136146
45       1.35258        1.3569    0.00133448
46       1.35736       1.35691    0.00130518
47       1.35263       1.35682    0.00128035
48       1.35974       1.35688    0.00125488
49        1.3628         1.357    0.00123492
50       1.38061       1.35747    0.00129884
51       1.34009       1.35713    0.00131792
52         1.357       1.35713    0.00129233
53       1.36227       1.35722    0.00127142
54       1.35611        1.3572    0.00124783
55       1.37248       1.35748    0.00125602
56       1.34638       1.35728    0.00124922
57       1.36799       1.35747     0.0012414
58       1.35502       1.35743    0.00122054
59       1.35374       1.35737     0.0012013
60       1.35003       1.35724    0.00118742
61       1.34503       1.35704    0.00118484
62       1.36066        1.3571    0.00116703
63       1.35606       1.35709    0.00114847
64       1.36896       1.35727    0.00114551
65       1.35822       1.35729    0.00112784
66       1.36282       1.35737    0.00111379
67       1.36381       1.35747    0.00110124
68       1.34932       1.35735    0.00109152
69       1.36825        1.3575    0.00108714
70       1.35935       1.35753    0.00107182
71        1.3602       1.35757    0.00105728
72       1.35355       1.35751    0.00104398
73       1.36724       1.35765    0.00103817
74       1.35117       1.35756    0.00102778
75       1.37197       1.35775    0.00103203
76        1.3425       1.35755    0.00103795
77       1.34918       1.35744    0.00103013
78       1.34924       1.35734    0.00102225
79       1.35499       1.35731    0.00100967
80       1.36992       1.35746    0.00100937
81       1.35927       1.35749   0.000997075
82       1.36306       1.35755   0.000987182
83       1.35991       1.35758    0.00097563
84       1.34739       1.35746   0.000971549
85        1.3557       1.35744   0.000960274
86       1.37423       1.35764   0.000968919
87       1.34529       1.35749   0.000968176
88       1.36409       1.35757   0.000960042
89       1.36386       1.35764   0.000951821
90       1.35448        1.3576    0.00094184
91       1.36615        1.3577    0.00093615
92       1.36237       1.35775   0.000927307
93       1.35564       1.35773   0.000917562
94       1.36034       1.35775   0.000908175
95       1.34618       1.35763   0.000906787
96       1.35471        1.3576    0.00089781
97       1.34692       1.35749    0.00089531
98       1.36665       1.35759   0.000891044
99        1.3552       1.35756   0.000882328
100       1.35178        1.3575   0.000875371
