1     -0.461966     -0.461966             0
2     -0.461932     -0.461949      1.72e-05
3     -0.461931     -0.461943   1.16023e-05
4     -0.462078     -0.461977   3.45871e-05
5     -0.462082     -0.461998   3.40159e-05
6     -0.462306     -0.462049   5.84591e-05
7     -0.462464     -0.462108   7.71521e-05
8     -0.462069     -0.462104   6.69993e-05
9     -0.463199     -0.462225   0.000135326
10     -0.462269      -0.46223   0.000121117
11     -0.462682     -0.462271   0.000117007
12     -0.462421     -0.462283   0.000107543
13     -0.462204     -0.462277   9.91123e-05
14     -0.463094     -0.462335   0.000108726
15     -0.462822     -0.462368   0.000106297
16      -0.46259     -0.462382   0.000100399
17     -0.462207     -0.462372   9.48665e-05
18     -0.462109     -0.462357   9.06241e-05
19     -0.461889     -0.462332   8.91925e-05
20     -0.462434     -0.462337   8.47693e-05
21     -0.461404     -0.462293   9.20709e-05
22     -0.460961     -0.462232   0.000106644
23     -0.462475     -0.462243   0.000102447
24     -0.462218     -0.462242   9.80917e-05
25     -0.463037     -0.462274   9.93137e-05
26     -0.461538     -0.462245   9.95291e-05
27     -0.462239     -0.462245   9.57722e-05
28     -0.461676     -0.462225   9.45004e-05
29     -0.461414     -0.462197   9.53699e-05
30      -0.46283     -0.462218   9.45251e-05
31     -0.461876     -0.462207   9.20883e-05
32     -0.462141     -0.462205   8.91881e-05
33     -0.461834     -0.462194   8.71692e-05
34     -0.461798     -0.462182   8.53651e-05
35     -0.462337     -0.462186   8.30081e-05
36     -0.462118     -0.462185   8.06921e-05
37     -0.461496     -0.462166    8.0657e-05
38     -0.462973     -0.462187   8.13266e-05
39     -0.461726     -0.462175    8.0093e-05
40     -0.462288     -0.462178   7.81159e-05
41      -0.46203     -0.462175   7.62719e-05
42     -0.461422     -0.462157   7.65577e-05
43      -0.46215     -0.462156   7.47563e-05
44     -0.461624     -0.462144   7.40333e-05
45      -0.46232     -0.462148   7.24746e-05
46     -0.462402     -0.462154   7.10951e-05
47     -0.461746     -0.462145   7.01061e-05
48     -0.462603     -0.462155   6.92904e-05
49     -0.462475     -0.462161   6.81761e-05
50     -0.461836     -0.462155   6.71146e-05
51      -0.46171     -0.462146   6.63618e-05
52     -0.462085     -0.462145   6.50837e-05
53     -0.461823     -0.462139   6.41316e-05
54     -0.461624     -0.462129   6.36505e-05
55     -0.462469     -0.462135   6.27869e-05
56     -0.462339     -0.462139   6.17629e-05
57     -0.462827     -0.462151   6.18593e-05
58     -0.461885     -0.462146   6.09566e-05
59     -0.461693     -0.462139   6.04059e-05
60     -0.462226      -0.46214   5.94086e-05
61     -0.461803     -0.462135   5.86872e-05
62      -0.46214     -0.462135    5.7733e-05
63     -0.462573     -0.462142    5.7233e-05
64     -0.462972     -0.462155    5.7806e-05
65     -0.462306     -0.462157   5.69576e-05
66     -0.461089     -0.462141   5.83767e-05
67     -0.462566     -0.462147   5.78485e-05
68     -0.462185     -0.462148   5.69941e-05
69     -0.462464     -0.462152   5.63487e-05
70     -0.462258     -0.462154   5.55585e-05
71     -0.461181      -0.46214   5.64592e-05
72      -0.46219     -0.462141   5.56737e-05
73     -0.462266     -0.462143   5.49324e-05
74     -0.462133     -0.462142   5.41851e-05
75     -0.462943     -0.462153   5.45135e-05
76     -0.461963     -0.462151   5.38495e-05
77     -0.462494     -0.462155   5.33328e-05
78     -0.461138     -0.462142   5.42366e-05
79     -0.462022     -0.462141   5.35671e-05
80      -0.46189     -0.462137   5.29862e-05
81     -0.462252     -0.462139   5.23471e-05
82     -0.461744     -0.462134   5.19285e-05
83     -0.462318     -0.462136   5.13471e-05
84     -0.462286     -0.462138   5.07636e-05
85     -0.462047     -0.462137   5.01742e-05
86     -0.462494     -0.462141   4.97613e-05
87     -0.461639     -0.462135   4.95231e-05
88      -0.46212     -0.462135   4.89574e-05
89     -0.462054     -0.462134   4.84129e-05
90     -0.461992     -0.462133    4.7898e-05
91      -0.46243     -0.462136    4.7481e-05
92     -0.462917     -0.462144    4.7723e-05
93     -0.461212     -0.462134   4.82599e-05
94     -0.462653      -0.46214   4.80613e-05
95     -0.461542     -0.462134   4.79679e-05
96     -0.461688     -0.462129    4.7692e-05
97     -0.462217      -0.46213   4.72065e-05
98      -0.46239     -0.462133   4.67974e-05
99      -0.46189      -0.46213   4.63872e-05
100     -0.462126      -0.46213    4.5921e-05
