1      0.197503      0.197503             0
2      0.198585      0.198044   0.000541444
3      0.196404      0.197497   0.000629716
4       0.19542      0.196978   0.000684082
5      0.196136       0.19681   0.000556021
6      0.198396      0.197074   0.000525376
7       0.19663      0.197011   0.000448523
8      0.195022      0.196762   0.000461176
9      0.195853      0.196661   0.000419073
10      0.198516      0.196847   0.000418218
11      0.196938      0.196855   0.000378383
12      0.197046      0.196871   0.000345782
13      0.198552         0.197   0.000343372
14      0.196797      0.196986   0.000318232
15      0.196024      0.196921   0.000303111
16      0.195454       0.19683   0.000298008
17      0.196865      0.196832   0.000279938
18       0.19517      0.196739    0.00027961
19      0.196074      0.196704   0.000266792
20      0.195589      0.196649   0.000259178
21      0.197609      0.196694   0.000250732
22      0.197868      0.196748   0.000244947
23      0.197194      0.196767   0.000234857
24      0.196566      0.196759   0.000225015
25      0.197948      0.196806   0.000221011
26       0.19736      0.196828   0.000213406
27      0.196221      0.196805   0.000206575
28      0.196266      0.196786   0.000199992
29       0.19603       0.19676   0.000194724
30      0.195669      0.196723   0.000191606
31      0.197735      0.196756   0.000188175
32      0.195255      0.196709    0.00018814
33      0.197957      0.196747   0.000186227
34      0.196853       0.19675   0.000180693
35      0.195786      0.196723   0.000177605
36      0.197212      0.196736   0.000173136
37      0.198025      0.196771   0.000171957
38       0.19614      0.196754   0.000168191
39      0.197184      0.196765   0.000164192
40      0.198376      0.196806   0.000165023
41      0.198038      0.196836    0.00016373
42      0.198102      0.196866   0.000162602
43      0.195669      0.196838   0.000161199
44      0.197193      0.196846     0.0001577
45      0.196281      0.196834   0.000154667
46      0.196821      0.196833   0.000151267
47      0.195367      0.196802   0.000151266
48      0.196919      0.196805   0.000148101
49      0.196869      0.196806   0.000145053
50      0.197117      0.196812   0.000142258
51        0.1962        0.1968   0.000139956
52      0.196581      0.196796   0.000137302
53       0.19579      0.196777   0.000136018
54      0.196298      0.196768    0.00013377
55      0.195621      0.196747   0.000132962
56      0.196305      0.196739   0.000130805
57      0.196302      0.196732   0.000128718
58       0.19694      0.196735    0.00012653
59      0.196268      0.196727   0.000124619
60      0.196661      0.196726    0.00012253
61      0.197884      0.196745    0.00012199
62      0.195543      0.196726   0.000121562
63      0.197059      0.196731   0.000119733
64      0.195837      0.196717   0.000118672
65       0.19759       0.19673   0.000117602
66      0.195793      0.196716   0.000116674
67      0.196505      0.196713   0.000114962
68      0.195942      0.196702   0.000113825
69      0.196338      0.196697   0.000112287
70      0.195942      0.196686   0.000111194
71      0.197715        0.1967   0.000110572
72      0.198293      0.196722   0.000111246
73      0.196716      0.196722   0.000109712
74       0.19797      0.196739   0.000109524
75      0.196403      0.196735   0.000108147
76      0.195301      0.196716   0.000108368
77      0.197091      0.196721   0.000107062
78      0.195742      0.196708   0.000106423
79      0.195884      0.196698   0.000105584
80      0.197187      0.196704   0.000104435
81      0.195378      0.196687   0.000104429
82      0.195848      0.196677   0.000103654
83      0.197155      0.196683   0.000102559
84      0.195568       0.19667   0.000102197
85      0.195799      0.196659   0.000101506
86       0.19619      0.196654   0.000100467
87      0.197024      0.196658   9.93966e-05
88      0.195845      0.196649   9.86943e-05
89      0.196547      0.196648   9.75858e-05
90      0.197396      0.196656   9.68526e-05
91      0.197573      0.196666   9.63103e-05
92      0.197246      0.196673   9.54661e-05
93      0.197514      0.196682   9.48669e-05
94      0.196301      0.196678   9.39394e-05
95       0.19753      0.196687   9.33772e-05
96      0.197463      0.196695   9.27524e-05
97      0.196802      0.196696   9.17979e-05
98      0.196366      0.196692   9.09188e-05
99       0.19732      0.196699   9.02187e-05
100      0.195584      0.196688   9.00049e-05
