1       1.35088       1.35088             0
2       1.36073       1.35581      0.004927
3       1.36406       1.35856    0.00395771
4       1.36207       1.35944    0.00293321
5        1.3716       1.36187    0.00332923
6       1.37129       1.36344    0.00313883
7       1.34158       1.36032    0.00409748
8       1.36331       1.36069    0.00356812
9       1.37224       1.36197     0.0033985
10       1.34899       1.36068    0.00330526
11       1.35985        1.3606    0.00299066
12       1.36652       1.36109    0.00277423
13       1.36013       1.36102      0.002553
14        1.3678        1.3615    0.00241273
15       1.35812       1.36128    0.00225742
16       1.35236       1.36072    0.00218389
17       1.35283       1.36026    0.00210325
18       1.36418       1.36047    0.00199488
19       1.37129       1.36104     0.0019709
20       1.35154       1.36057     0.0019292
21       1.36103       1.36059    0.00183517
22       1.35566       1.36037    0.00176403
23       1.37042        1.3608    0.00174139
24       1.35348        1.3605    0.00169498
25       1.36355       1.36062    0.00163034
26       1.36036       1.36061    0.00156641
27       1.34738       1.36012    0.00158495
28       1.36575       1.36032    0.00154047
29       1.35294       1.36007    0.00150805
30       1.37045       1.36041    0.00149748
31       1.36028       1.36041    0.00144838
32       1.36278       1.36048    0.00140434
33       1.35469       1.36031    0.00137239
34       1.36698        1.3605    0.00134582
35       1.35332        1.3603    0.00132283
36       1.34797       1.35996    0.00133035
37       1.34887       1.35966    0.00132814
38       1.36493       1.35979    0.00130013
39       1.35155       1.35958    0.00128387
40       1.35959       1.35958    0.00125136
41       1.35036       1.35936    0.00124103
42       1.37306       1.35968    0.00125427
43       1.36071       1.35971    0.00122498
44       1.35269       1.35955    0.00120741
45       1.35665       1.35948    0.00118203
46       1.35376       1.35936    0.00116272
47       1.34876       1.35913    0.00115986
48       1.36723        1.3593     0.0011479
49       1.36497       1.35942    0.00113015
50       1.34728       1.35918    0.00113364
51       1.36556        1.3593    0.00111823
52       1.36638       1.35944    0.00110494
53       1.35364       1.35933     0.0010894
54       1.35033       1.35916    0.00108195
55       1.35046         1.359    0.00107383
56       1.34439       1.35874    0.00108627
57       1.35124       1.35861    0.00107514
58       1.36082       1.35865    0.00105713
59       1.37679       1.35896    0.00108359
60         1.371       1.35916    0.00108414
61       1.35189       1.35904    0.00107285
62       1.36083       1.35907     0.0010558
63       1.35035       1.35893    0.00104809
64       1.35595       1.35888    0.00103263
65       1.36321       1.35895     0.0010188
66       1.36976       1.35911    0.00101654
67       1.34965       1.35897    0.00101117
68       1.36857       1.35911    0.00100614
69       1.35487       1.35905    0.00099335
70       1.35535         1.359   0.000980482
71       1.34029       1.35873    0.00100184
72       1.36813       1.35886    0.00099642
73       1.34946       1.35874   0.000991087
74       1.36012       1.35875   0.000977781
75       1.37087       1.35892   0.000978087
76       1.35334       1.35884   0.000967913
77       1.36804       1.35896   0.000962705
78       1.34987       1.35885   0.000957408
79       1.37269       1.35902   0.000961323
80       1.35473       1.35897   0.000950747
81       1.35671       1.35894   0.000939349
82       1.35259       1.35886   0.000931046
83       1.35643       1.35883   0.000920225
84       1.35281       1.35876   0.000912028
85       1.34926       1.35865   0.000908134
86       1.34897       1.35854   0.000904543
87       1.35704       1.35852   0.000894251
88       1.36074       1.35854   0.000884389
89       1.35968       1.35856   0.000874488
90       1.33551        1.3583   0.000901846
91       1.36885       1.35842   0.000899377
92       1.35601       1.35839   0.000889932
93       1.35219       1.35832   0.000882829
94       1.36215       1.35837   0.000874336
95       1.35322       1.35831    0.00086678
96       1.36055       1.35833    0.00085802
97       1.35859       1.35834   0.000849132
98       1.34001       1.35815   0.000860969
99       1.35234       1.35809   0.000854249
100       1.37118       1.35822   0.000855736
