1      -0.46262      -0.46262             0
2     -0.460627     -0.461624     0.0009964
3     -0.462268     -0.461838   0.000614066
4     -0.462351     -0.461967    0.00045274
5     -0.463173     -0.462208   0.000425653
6     -0.461429     -0.462078   0.000371006
7     -0.461958     -0.462061   0.000314023
8     -0.463325     -0.462219   0.000314511
9     -0.463227     -0.462331   0.000299144
10     -0.462024       -0.4623   0.000269317
11      -0.46168     -0.462244   0.000250047
12     -0.462586     -0.462272    0.00023003
13     -0.461518     -0.462214   0.000219417
14     -0.462447     -0.462231   0.000203821
15      -0.46239     -0.462241   0.000190042
16      -0.46284     -0.462279   0.000181661
17      -0.46234     -0.462282   0.000170678
18      -0.46217     -0.462276   0.000161039
19     -0.462847     -0.462306   0.000155264
20     -0.462663     -0.462324   0.000148373
21     -0.461274     -0.462274   0.000149722
22     -0.462523     -0.462285   0.000143203
23     -0.462664     -0.462302   0.000137821
24     -0.461658     -0.462275   0.000134657
25     -0.462247     -0.462274   0.000129163
26     -0.462466     -0.462281   0.000124315
27      -0.46083     -0.462228   0.000131138
28     -0.461582     -0.462205   0.000128451
29     -0.462294     -0.462208   0.000123982
30     -0.462443     -0.462215   0.000120035
31      -0.46206      -0.46221   0.000116206
32     -0.462362     -0.462215   0.000112615
33      -0.46241     -0.462221    0.00010931
34      -0.46129     -0.462194   0.000109522
35      -0.46193     -0.462186   0.000106613
36     -0.461592      -0.46217   0.000104915
37       -0.4617     -0.462157   0.000102827
38     -0.462254      -0.46216   0.000100117
39     -0.461293     -0.462137   0.000100017
40     -0.461803     -0.462129   9.78419e-05
41      -0.46117     -0.462106   9.82528e-05
42     -0.462541     -0.462116   9.64432e-05
43     -0.462494     -0.462125    9.4584e-05
44     -0.461645     -0.462114   9.30509e-05
45     -0.461425     -0.462099   9.22395e-05
46     -0.462015     -0.462097   9.02302e-05
47     -0.462762     -0.462111   8.94156e-05
48     -0.461549     -0.462099   8.83128e-05
49     -0.461667      -0.46209   8.69398e-05
50      -0.46189     -0.462086   8.52771e-05
51     -0.462098     -0.462087   8.35885e-05
52      -0.46179     -0.462081    8.2164e-05
53     -0.461822     -0.462076   8.07462e-05
54     -0.462561     -0.462085   7.97438e-05
55     -0.462001     -0.462083   7.82955e-05
56     -0.461794     -0.462078   7.70577e-05
57     -0.462461     -0.462085   7.59906e-05
58     -0.461611     -0.462077   7.51145e-05
59     -0.462496     -0.462084   7.41714e-05
60     -0.462151     -0.462085   7.29334e-05
61     -0.461172      -0.46207   7.32729e-05
62     -0.461595     -0.462062   7.24871e-05
63     -0.462086     -0.462063   7.13282e-05
64     -0.461556     -0.462055     7.065e-05
65     -0.462186     -0.462057    6.9584e-05
66     -0.462064     -0.462057   6.85217e-05
67     -0.461845     -0.462054   6.75655e-05
68     -0.461303     -0.462043   6.74736e-05
69     -0.462382     -0.462048   6.66704e-05
70     -0.462664     -0.462057   6.62983e-05
71     -0.461733     -0.462052   6.55167e-05
72     -0.462726     -0.462061   6.52759e-05
73     -0.462659      -0.46207   6.48944e-05
74     -0.462947     -0.462081    6.5101e-05
75     -0.462727      -0.46209   6.48018e-05
76     -0.462621     -0.462097   6.43238e-05
77     -0.462685     -0.462105   6.39403e-05
78     -0.462766     -0.462113    6.3683e-05
79     -0.462754     -0.462121   6.33936e-05
80     -0.461838     -0.462118   6.26959e-05
81      -0.46127     -0.462107    6.2796e-05
82     -0.461531       -0.4621    6.2422e-05
83       -0.4614     -0.462092   6.22397e-05
84       -0.4621     -0.462092   6.14943e-05
85     -0.462529     -0.462097   6.09836e-05
86     -0.461426     -0.462089   6.07726e-05
87     -0.462222     -0.462091   6.00895e-05
88      -0.46303     -0.462101   6.03533e-05
89     -0.461451     -0.462094   6.01169e-05
90     -0.461036     -0.462082   6.05965e-05
91     -0.461534     -0.462076   6.02295e-05
92     -0.462075     -0.462076   5.95713e-05
93      -0.46264     -0.462082   5.92382e-05
94     -0.461097     -0.462072    5.9535e-05
95     -0.462638     -0.462078   5.92061e-05
96     -0.462274      -0.46208   5.86216e-05
97     -0.462772     -0.462087   5.84513e-05
98     -0.461717     -0.462083    5.7975e-05
99     -0.462118     -0.462084   5.73875e-05
100     -0.461782     -0.462081   5.68909e-05
