1     0.0273892     0.0273892             0
2     0.0262276     0.0268084     0.0005808
3     0.0293116     0.0276428   0.000899259
4     0.0268516      0.027445   0.000665926
5     0.0250372     0.0269634   0.000705673
6     0.0260584     0.0268126   0.000595597
7     0.0249528     0.0265469   0.000569185
8     0.0288472     0.0268345   0.000570662
9     0.0260524     0.0267476   0.000510723
10     0.0274832     0.0268211    0.00046269
11     0.0292324     0.0270403   0.000472451
12     0.0297496     0.0272661   0.000486808
13     0.0291408     0.0274103   0.000470445
14     0.0292308     0.0275403   0.000454545
15     0.0261696      0.027449   0.000432913
16     0.0255736     0.0273318   0.000421575
17     0.0270764     0.0273167   0.000396285
18     0.0264176     0.0272668   0.000376946
19     0.0276584     0.0272874    0.00035715
20      0.025796     0.0272128   0.000346931
21      0.029082     0.0273018   0.000341791
22     0.0262848     0.0272556   0.000329147
23      0.027526     0.0272674   0.000314731
24     0.0277648     0.0272881   0.000302044
25     0.0301836     0.0274039   0.000312004
26     0.0267732     0.0273796   0.000300743
27      0.024972     0.0272905   0.000302818
28     0.0254476     0.0272247   0.000299133
29     0.0266716     0.0272056   0.000289263
30     0.0266624     0.0271875   0.000280041
31     0.0280712      0.027216   0.000272352
32     0.0281132      0.027244    0.00026519
33     0.0266056     0.0272247   0.000257756
34     0.0254728     0.0271732   0.000255313
35     0.0275892      0.027185   0.000248196
36      0.025506     0.0271384   0.000245671
37     0.0270788     0.0271368   0.000238945
38      0.029796     0.0272068   0.000242872
39     0.0272164      0.027207   0.000236562
40     0.0273076     0.0272095   0.000230586
41     0.0269668     0.0272036    0.00022497
42     0.0266444     0.0271903   0.000219951
43     0.0264232     0.0271725   0.000215515
44     0.0249944      0.027123     0.0002163
45      0.027584     0.0271332   0.000211687
46     0.0252752     0.0270928   0.000210937
47     0.0271964      0.027095   0.000206412
48     0.0266408     0.0270856   0.000202288
49     0.0308192     0.0271617   0.000212264
50     0.0275192     0.0271689   0.000208098
51     0.0269396     0.0271644   0.000204027
52      0.025456     0.0271315   0.000202744
53     0.0285764     0.0271588   0.000200742
54      0.030416     0.0272191   0.000206017
55      0.029542     0.0272614     0.0002066
56     0.0290332      0.027293   0.000205329
57     0.0294664     0.0273311   0.000205267
58     0.0275492     0.0273349   0.000201732
59     0.0275616     0.0273387   0.000198321
60     0.0255188     0.0273084   0.000197333
61     0.0262212     0.0272906   0.000194887
62     0.0281644     0.0273047   0.000192236
63      0.025882     0.0272821   0.000190503
64      0.025208     0.0272497   0.000190283
65     0.0258604     0.0272283   0.000188548
66     0.0272848     0.0272292   0.000185671
67      0.027224     0.0272291   0.000182879
68     0.0281292     0.0272423   0.000180655
69     0.0283728     0.0272587    0.00017877
70     0.0277792     0.0272661   0.000176354
71      0.028836     0.0272883   0.000175253
72     0.0265368     0.0272778   0.000173117
73     0.0262808     0.0272642   0.000171274
74     0.0278756     0.0272724   0.000169146
75     0.0267636     0.0272656   0.000167013
76     0.0244404     0.0272285   0.000168942
77     0.0250452     0.0272001   0.000169127
78     0.0265872     0.0271923   0.000167129
79     0.0264012     0.0271822   0.000165304
80      0.028826     0.0272028   0.000164512
81     0.0280128     0.0272128   0.000162776
82      0.026518     0.0272043   0.000161002
83     0.0275208     0.0272081   0.000159096
84     0.0263612      0.027198   0.000157514
85     0.0302056     0.0272334   0.000159621
86     0.0265488     0.0272255   0.000157954
87       0.02641     0.0272161   0.000156409
88     0.0296636     0.0272439   0.000157103
89     0.0254696      0.027224   0.000156602
90     0.0300564     0.0272554   0.000158018
91     0.0276928     0.0272602   0.000156346
92     0.0277472     0.0272655   0.000154728
93     0.0279172     0.0272725   0.000153215
94     0.0266108     0.0272655    0.00015174
95     0.0276012      0.027269   0.000150176
96     0.0278812     0.0272754    0.00014874
97     0.0275364     0.0272781   0.000147223
98     0.0295712     0.0273015    0.00014758
99     0.0244344     0.0272725   0.000148925
100     0.0276844     0.0272767   0.000147485
