1085.01
1001.2
926.438
926.438
730.938
730.938
730.938
730.938
730.938
730.938
730.938
730.938
730.938
730.938
730.938
730.938
730.938
730.938
730.938
730.938
730.938
644.596
464.767
464.767
464.767
464.767
464.767
464.767
464.767
464.767
464.767
464.767
447.882
447.882
447.882
447.882
447.882
447.882
405.191
405.191
405.191
405.191
405.191
405.191
405.191
405.191
405.191
405.191
405.191
405.191
405.191
378.589
378.589
378.589
378.589
378.589
378.589
378.589
378.589
334.396
334.396
334.396
334.396
334.396
334.396
317.846
317.846
317.641
317.641
317.641
317.641
288.683
288.683
288.683
245.571
245.571
245.571
245.571
245.571
245.571
245.571
245.571
245.571
241.303
236.737
217.73
217.73
217.73
217.73
217.73
217.73
217.73
217.73
216.665
216.665
216.665
213.532
213.252
213.252
213.252
