89.98
118.05
111.91
111.53
90.21
107.73
97.52
93.52
85.89
117.27
91.45
105.69
93.22
115.89
89.66
88.75
115.74
109.5
102.91
112.88
116.58
98.97
98.37
108.91
91
96.86
107.56
106.41
111.22
97.52
115.47
87.26
80.08
94.01
101.29
75.81
121.48
113.89
106.53
72.55
111.07
81.88
85.5
104.8
100.92
95.49
120.67
75.69
96.01
99.52
112.11
93.61
80.47
75.63
88.63
108.52
101.91
96.9
92.31
106.31
120.79
84.86
91.25
97.43
88.79
92.57
103.05
114.09
101.26
96.29
105.92
118.01
107.21
99.45
83.93
92.28
112.69
106.38
108.2
96.75
78.17
99.2
104.97
106.54
106.95
89.28
105.16
108.18
97.12
122.74
105.93
93.2
95.8
116.79
79.37
89.66
92.9
93.45
78.72
104.81
