3396.8781
2893.7779
1985.5048
1444.1223
1171.8305
999.32634
999.32634
769.19691
769.19691
746.18306
729.96715
729.33489
709.71324
679.93698
679.93698
679.93698
675.34689
665.09363
665.09363
662.93793
662.93793
662.93793
650.11804
650.11804
639.26834
636.76404
636.76404
636.76404
636.76404
636.76404
621.84301
621.84301
615.97502
615.97502
615.97502
611.69909
611.69909
611.69909
578.33148
578.33148
578.33148
563.80321
563.80321
562.55287
547.98483
547.98483
547.98483
547.98483
547.98483
547.98483
547.98483
547.98483
547.98483
547.98483
547.98483
547.98483
547.98483
547.98483
547.98483
547.98483
547.98483
547.98483
547.98483
547.98483
547.98483
547.98483
547.98483
547.98483
547.98483
547.98483
547.98483
547.98483
547.98483
547.98483
547.98483
547.98483
547.98483
547.98483
547.98483
547.98483
547.98483
547.98483
547.98483
547.98483
547.98483
547.98483
547.98483
547.98483
547.98483
547.98483
547.98483
547.98483
547.98483
547.98483
547.98483
546.97699
545.72278
545.72278
545.72278
540.14205
