-2.49375 0.000114754 7.06061e-05
-2.48125 4.91804e-05 2.61783e-05
-2.46875 3.27869e-05 2.19941e-05
-2.45625 9.83607e-05 4.69437e-05
-2.44375 4.91804e-05 2.61783e-05
-2.43125 4.91804e-05 2.61783e-05
-2.41875 3.27869e-05 2.19941e-05
-2.40625 4.91804e-05 3.49684e-05
-2.39375 4.91804e-05 3.49684e-05
-2.38125 6.55738e-05 3.73828e-05
-2.36875 0.000147541 3.64731e-05
-2.35625 0.000114754 4.79351e-05
-2.34375 9.83607e-05 4.08194e-05
-2.33125 0.000262295 8.54978e-05
-2.31875 0.000229508 5.23565e-05
-2.30625 0.000278689 6.66914e-05
-2.29375 0.000213115 4.79351e-05
-2.28125 0.000393443 5.95604e-05
-2.26875 0.000327869 6.55738e-05
-2.25625 0.000360656 6.51627e-05
-2.24375 0.000327869 6.13387e-05
-2.23125 0.000622951 8.94909e-05
-2.21875 0.000704919 0.000118838
-2.20625 0.000885247 0.000137353
-2.19375 0.000918034 0.000105225
-2.18125 0.000885247 0.000106494
-2.16875 0.00121312 0.000135383
-2.15625 0.00127869 0.000162121
-2.14375 0.0014918 0.000191845
-2.13125 0.00185246 0.000216586
-2.11875 0.00180328 0.000206714
-2.10625 0.00219672 0.000159109
-2.09375 0.00211476 0.000206681
-2.08125 0.00268853 0.000154829
-2.06875 0.00331148 0.000244147
-2.05625 0.00357377 0.000231723
-2.04375 0.00329508 0.000240347
-2.03125 0.00357377 0.000302191
-2.01875 0.00508197 0.000281567
-2.00625 0.00598361 0.000309202
-1.99375 0.00618033 0.000268648
-1.98125 0.00683607 0.000435137
-1.96875 0.00659017 0.000429308
-1.95625 0.00811476 0.000433653
-1.94375 0.0090164 0.000359537
-1.93125 0.0108361 0.00044503
-1.91875 0.0108689 0.000511767
-1.90625 0.0121312 0.000406214
-1.89375 0.0137049 0.000654754
-1.88125 0.0159017 0.000536995
-1.86875 0.0167377 0.000627026
-1.85625 0.0174262 0.000897091
-1.84375 0.0191476 0.000598035
-1.83125 0.0223279 0.000791279
-1.81875 0.0229508 0.000584674
-1.80625 0.0250328 0.0007358
-1.79375 0.0269836 0.000842981
-1.78125 0.0287377 0.000760937
-1.76875 0.0308033 0.000970536
-1.75625 0.0349017 0.000930673
-1.74375 0.0368361 0.0010472
-1.73125 0.0420984 0.00143073
-1.71875 0.0432787 0.00114473
-1.70625 0.0472132 0.0014359
-1.69375 0.0485082 0.00128131
-1.68125 0.0544427 0.00110031
-1.66875 0.0584919 0.00114717
-1.65625 0.0615574 0.00102032
-1.64375 0.0653607 0.00161511
-1.63125 0.0699181 0.00124997
-1.61875 0.0723115 0.0014853
-1.60625 0.0791476 0.0019065
-1.59375 0.0811968 0.00128921
-1.58125 0.0888034 0.00188093
-1.56875 0.0920165 0.00196671
-1.55625 0.0994919 0.0011777
-1.54375 0.104033 0.00140489
-1.53125 0.110967 0.00203087
-1.51875 0.114918 0.00199509
-1.50625 0.119262 0.00207491
-1.49375 0.125607 0.00208666
-1.48125 0.135312 0.00253257
-1.46875 0.138082 0.00271729
-1.45625 0.143869 0.00257368
-1.44375 0.153312 0.00335697
-1.43125 0.159017 0.00239558
-1.41875 0.163049 0.00243509
-1.40625 0.17259 0.00283672
-1.39375 0.179262 0.0020099
-1.38125 0.188164 0.00306815
-1.36875 0.192492 0.00224583
-1.35625 0.198672 0.00303553
-1.34375 0.210869 0.00315388
-1.33125 0.21159 0.00345597
-1.31875 0.219607 0.003212
-1.30625 0.229443 0.00312867
-1.29375 0.238672 0.00365706
-1.28125 0.242771 0.00349826
-1.26875 0.252541 0.00342995
-1.25625 0.256689 0.0037494
-1.24375 0.260525 0.00384834
-1.23125 0.272951 0.00398813
-1.21875 0.27464 0.0037787
-1.20625 0.280738 0.00453337
-1.19375 0.288804 0.00308844
-1.18125 0.292525 0.00256301
-1.16875 0.303361 0.0041627
-1.15625 0.307918 0.00411703
-1.14375 0.312656 0.00438005
-1.13125 0.319082 0.00397227
-1.11875 0.322459 0.0032524
-1.10625 0.329869 0.0033991
-1.09375 0.333951 0.00383246
-1.08125 0.338886 0.00531034
-1.06875 0.341279 0.00376435
-1.05625 0.348558 0.00506061
-1.04375 0.354968 0.00402447
-1.03125 0.361722 0.00497994
-1.01875 0.363295 0.00415059
-1.00625 0.364754 0.00460522
-0.99375 0.371017 0.00478888
-0.98125 0.370295 0.00438821
-0.96875 0.376722 0.00453195
-0.95625 0.377886 0.00503562
-0.94375 0.375722 0.00461722
-0.93125 0.383459 0.00470304
-0.91875 0.380131 0.00324138
-0.90625 0.383607 0.00395344
-0.89375 0.385771 0.00374879
-0.88125 0.388787 0.0040283
-0.86875 0.388328 0.00429755
-0.85625 0.383279 0.00412607
-0.84375 0.385968 0.00405264
-0.83125 0.391377 0.00477537
-0.81875 0.385689 0.00451766
-0.80625 0.391197 0.00378801
-0.79375 0.392853 0.00409755
-0.78125 0.385459 0.00440342
-0.76875 0.393394 0.00476806
-0.75625 0.389574 0.00353229
-0.74375 0.392017 0.00396486
-0.73125 0.391476 0.00404649
-0.71875 0.390181 0.00409728
-0.70625 0.390443 0.0037406
-0.69375 0.381968 0.0029717
-0.68125 0.384328 0.00359025
-0.66875 0.381738 0.00521807
-0.65625 0.384672 0.00351844
-0.64375 0.38359 0.00359046
-0.63125 0.378377 0.00412037
-0.61875 0.377804 0.00402793
-0.60625 0.373295 0.00378802
-0.59375 0.372968 0.00368131
-0.58125 0.374263 0.00399708
-0.56875 0.371836 0.00450906
-0.55625 0.368246 0.00435772
-0.54375 0.367918 0.00376124
-0.53125 0.362295 0.00433885
-0.51875 0.361951 0.0045797
-0.50625 0.358049 0.00327397
-0.49375 0.351246 0.0037887
-0.48125 0.35382 0.00303135
-0.46875 0.352443 0.00344976
-0.45625 0.352082 0.00363516
-0.44375 0.35059 0.00407621
-0.43125 0.350361 0.00343429
-0.41875 0.347 0.00256308
-0.40625 0.335 0.00334763
-0.39375 0.339967 0.00416677
-0.38125 0.335967 0.00222397
-0.36875 0.32941 0.00325715
-0.35625 0.332082 0.00336719
-0.34375 0.330017 0.00246562
-0.33125 0.328197 0.00342188
-0.31875 0.326377 0.00246311
-0.30625 0.324213 0.00258094
-0.29375 0.326295 0.00349566
-0.28125 0.318656 0.0022973
-0.26875 0.321787 0.00348348
-0.25625 0.318886 0.00340924
-0.24375 0.315 0.00316541
-0.23125 0.316607 0.00318441
-0.21875 0.314607 0.00340948
-0.20625 0.312541 0.00361042
-0.19375 0.311361 0.0027589
-0.18125 0.308394 0.00269017
-0.16875 0.304656 0.00286221
-0.15625 0.305312 0.00294221
-0.14375 0.305656 0.00332831
-0.13125 0.307459 0.00283449
-0.11875 0.303099 0.00232712
-0.10625 0.302492 0.00278142
-0.09375 0.302508 0.00314432
-0.08125 0.299853 0.00280922
-0.06875 0.302377 0.00380172
-0.05625 0.299525 0.00248765
-0.04375 0.301033 0.00260922
-0.03125 0.297722 0.00258013
-0.01875 0.301443 0.0026016
-0.00625 0.301804 0.00341775
0.00625 0.298377 0.00302755
0.01875 0.299164 0.00263006
0.03125 0.300197 0.00254055
0.04375 0.294689 0.00179231
0.05625 0.300541 0.00280345
0.06875 0.294181 0.0022162
0.08125 0.296607 0.00316528
0.09375 0.302312 0.00241841
0.10625 0.298902 0.00305854
0.11875 0.302197 0.00224238
0.13125 0.302164 0.00219163
0.14375 0.303607 0.00279132
0.15625 0.303377 0.00287574
0.16875 0.303049 0.00320123
0.18125 0.301148 0.00309923
0.19375 0.311131 0.00270522
0.20625 0.312197 0.00232343
0.21875 0.313181 0.00272857
0.23125 0.312656 0.0029711
0.24375 0.314508 0.00322471
0.25625 0.315197 0.00228161
0.26875 0.317394 0.0037255
0.28125 0.319722 0.00171094
0.29375 0.32164 0.00300622
0.30625 0.323738 0.00304348
0.31875 0.324754 0.00255617
0.33125 0.321394 0.00347239
0.34375 0.325476 0.00264774
0.35625 0.334541 0.00390779
0.36875 0.336295 0.00355228
0.38125 0.335459 0.00275549
0.39375 0.338623 0.00393549
0.40625 0.339705 0.00401221
0.41875 0.342525 0.00287789
0.43125 0.344443 0.00421261
0.44375 0.348967 0.00445566
0.45625 0.351623 0.00391192
0.46875 0.354082 0.00456383
0.48125 0.357492 0.0035158
0.49375 0.354771 0.00256771
0.50625 0.355902 0.00338369
0.51875 0.363082 0.00453043
0.53125 0.363541 0.00418958
0.54375 0.365869 0.00360685
0.55625 0.366672 0.00320745
0.56875 0.371853 0.00318921
0.58125 0.369492 0.0033786
0.59375 0.374066 0.00427853
0.60625 0.374115 0.00500972
0.61875 0.372656 0.00411645
0.63125 0.378869 0.0039307
0.64375 0.383541 0.00336746
0.65625 0.374164 0.00379335
0.66875 0.38359 0.00290497
0.68125 0.386328 0.00281205
0.69375 0.377656 0.00351755
0.70625 0.384394 0.00421133
0.71875 0.381968 0.00339341
0.73125 0.390623 0.00379836
0.74375 0.388328 0.00332948
0.75625 0.391131 0.00427448
0.76875 0.384033 0.00352555
0.78125 0.39623 0.00342553
0.79375 0.390754 0.0045739
0.80625 0.393869 0.00407232
0.81875 0.391738 0.00380686
0.83125 0.390427 0.00379229
0.84375 0.394574 0.00455794
0.85625 0.390361 0.0047161
0.86875 0.388263 0.0028684
0.88125 0.381886 0.00336125
0.89375 0.387689 0.00447655
0.90625 0.387672 0.00363945
0.91875 0.38159 0.00384686
0.93125 0.379099 0.00425876
0.94375 0.374804 0.00374878
0.95625 0.377164 0.00419232
0.96875 0.368263 0.003882
0.98125 0.367033 0.00334936
0.99375 0.366279 0.00352618
1.00625 0.363689 0.00402718
1.01875 0.354705 0.00411396
1.03125 0.347951 0.00440413
1.04375 0.347066 0.00354413
1.05625 0.344836 0.00408338
1.06875 0.339279 0.00483602
1.08125 0.333869 0.00450197
1.09375 0.330099 0.00262107
1.10625 0.325459 0.00461739
1.11875 0.320984 0.00333767
1.13125 0.315443 0.00419217
1.14375 0.311279 0.00371451
1.15625 0.302902 0.00458216
1.16875 0.299738 0.00433765
1.18125 0.284722 0.0038115
1.19375 0.288738 0.00350983
1.20625 0.277738 0.00430608
1.21875 0.275377 0.00332734
1.23125 0.26759 0.00338478
1.24375 0.260115 0.00341348
1.25625 0.255049 0.00390824
1.26875 0.24841 0.00308522
1.28125 0.240099 0.00375686
1.29375 0.235082 0.00295401
1.30625 0.225181 0.0030201
1.31875 0.215049 0.00263399
1.33125 0.215246 0.00250681
1.34375 0.200607 0.00238233
1.35625 0.196312 0.0034515
1.36875 0.187902 0.00233109
1.38125 0.180361 0.00339894
1.39375 0.173771 0.00329349
1.40625 0.169541 0.00266008
1.41875 0.160574 0.00205996
1.43125 0.154607 0.00337271
1.44375 0.150738 0.00224834
1.45625 0.142443 0.00269646
1.46875 0.142574 0.00219431
1.48125 0.132017 0.00147692
1.49375 0.12482 0.00200806
1.50625 0.119476 0.00225842
1.51875 0.112771 0.00190862
1.53125 0.107246 0.00199514
1.54375 0.101918 0.00192416
1.55625 0.0983771 0.00207589
1.56875 0.0922952 0.00194737
1.58125 0.0864919 0.00192713
1.59375 0.0812132 0.00144283
1.60625 0.0783771 0.00123561
1.61875 0.0719673 0.00156958
1.63125 0.0669673 0.00135201
1.64375 0.0648361 0.00121176
1.65625 0.0609509 0.00123961
1.66875 0.0562459 0.00109074
1.68125 0.0520984 0.00136527
1.69375 0.0500492 0.00131501
1.70625 0.045541 0.00114282
1.71875 0.0435902 0.00100909
1.73125 0.0392623 0.0011995
1.74375 0.0381476 0.00103921
1.75625 0.0351312 0.00096854
1.76875 0.0331148 0.000981419
1.78125 0.0293607 0.00100241
1.79375 0.0274099 0.00074816
1.80625 0.0254263 0.000732211
1.81875 0.0233279 0.00108922
1.83125 0.0215246 0.000757042
1.84375 0.0196558 0.000791814
1.85625 0.0178361 0.000590347
1.86875 0.0158853 0.000603882
1.88125 0.0153279 0.000570188
1.89375 0.0135246 0.000631467
1.90625 0.0130656 0.000513864
1.91875 0.0107869 0.000464777
1.93125 0.0105574 0.000492677
1.94375 0.00954099 0.000500417
1.95625 0.00888525 0.000487908
1.96875 0.00713115 0.000388546
1.98125 0.00711476 0.000433792
1.99375 0.0057541 0.000360265
2.00625 0.00518033 0.000330807
2.01875 0.0047705 0.000278665
2.03125 0.00431148 0.000211565
2.04375 0.00380328 0.000356459
2.05625 0.00352459 0.000238552
2.06875 0.00319672 0.000186734
2.08125 0.00262295 0.000246448
2.09375 0.00259017 0.0002528
2.10625 0.002 0.000222251
2.11875 0.00206558 0.000182697
2.13125 0.0015082 0.000183138
2.14375 0.00147541 0.000112388
2.15625 0.00119672 0.000176981
2.16875 0.00121312 0.000150427
2.18125 0.000868853 0.000104392
2.19375 0.000721312 8.54978e-05
2.20625 0.000803279 7.50348e-05
2.21875 0.000573771 8.94157e-05
2.23125 0.000606558 0.000121079
2.24375 0.000344263 9.12013e-05
2.25625 0.000344263 7.50348e-05
2.26875 0.000327869 8.03112e-05
2.28125 0.000344263 7.50348e-05
2.29375 0.000278689 5.32472e-05
2.30625 0.000262295 7.89613e-05
2.31875 0.000245902 4.56375e-05
2.33125 0.000147541 4.32178e-05
2.34375 0.000163935 5.43709e-05
2.35625 0.000147541 4.90436e-05
2.36875 0.000114754 4.79351e-05
2.38125 1.63935e-05 1.59784e-05
2.39375 6.55738e-05 2.93255e-05
2.40625 4.91804e-05 2.61783e-05
2.41875 4.91804e-05 2.61783e-05
2.43125 3.27869e-05 2.19941e-05
2.44375 1.63935e-05 1.59784e-05
2.45625 1.63935e-05 1.59784e-05
2.46875 1.63935e-05 1.59784e-05
2.48125 0 0
2.49375 1.63935e-05 1.59784e-05
