1      -0.76076      -0.76076             0
2     -0.760589     -0.760674      8.56e-05
3     -0.761226     -0.760858   0.000190264
4     -0.761868     -0.761111   0.000286076
5     -0.761342     -0.761157   0.000226391
6      -0.76183     -0.761269   0.000216186
7     -0.762311     -0.761418   0.000235685
8     -0.761793     -0.761465   0.000209419
9     -0.761856     -0.761508   0.000189736
10     -0.761759     -0.761533    0.00017155
11     -0.761954     -0.761572   0.000159807
12     -0.761456     -0.761562     0.0001462
13      -0.76125     -0.761538   0.000136614
14     -0.762482     -0.761605   0.000143348
15     -0.761198     -0.761578    0.00013619
16     -0.761814     -0.761593   0.000128241
17      -0.76179     -0.761605    0.00012102
18      -0.76237     -0.761647   0.000121774
19     -0.761142      -0.76162   0.000118219
20     -0.762318     -0.761655   0.000117456
21     -0.761794     -0.761662   0.000111917
22     -0.761989     -0.761677   0.000107738
23     -0.761245     -0.761658   0.000104647
24     -0.761004     -0.761631   0.000103831
25     -0.761821     -0.761638   9.98813e-05
26     -0.761346     -0.761627   9.66212e-05
27     -0.762409     -0.761656   9.73772e-05
28     -0.760918      -0.76163   9.74632e-05
29     -0.761139     -0.761613   9.55513e-05
30     -0.760858     -0.761588   9.56822e-05
31     -0.761648      -0.76159   9.25647e-05
32     -0.762174     -0.761608   9.14648e-05
33     -0.761439     -0.761603   8.87969e-05
34     -0.761338     -0.761595   8.64957e-05
35     -0.761001     -0.761578   8.56864e-05
36     -0.761161     -0.761566   8.40746e-05
37     -0.762667     -0.761596   8.70152e-05
38     -0.761685     -0.761598   8.47265e-05
39     -0.761699     -0.761601   8.25658e-05
40     -0.762066     -0.761613   8.13089e-05
41     -0.762293     -0.761629   8.10175e-05
42     -0.762484      -0.76165   8.16422e-05
43     -0.760288     -0.761618   8.57794e-05
44     -0.761676     -0.761619   8.38176e-05
45     -0.761369     -0.761614   8.21226e-05
46     -0.761258     -0.761606    8.0688e-05
47     -0.763286     -0.761642    8.6671e-05
48     -0.760946     -0.761627   8.60738e-05
49     -0.761234     -0.761619   8.46793e-05
50     -0.761694     -0.761621    8.2982e-05
51     -0.761603      -0.76162   8.13394e-05
52     -0.762871     -0.761644   8.33081e-05
53     -0.760784     -0.761628   8.33181e-05
54     -0.760578     -0.761609   8.40401e-05
55     -0.762306     -0.761621   8.34674e-05
56     -0.761659     -0.761622   8.19661e-05
57      -0.76247     -0.761637   8.18766e-05
58     -0.762036     -0.761644   8.07461e-05
59     -0.762058     -0.761651   7.96761e-05
60     -0.761252     -0.761644   7.86185e-05
61     -0.762434     -0.761657   7.83965e-05
62     -0.762289     -0.761667   7.77916e-05
63     -0.761162     -0.761659   7.69667e-05
64     -0.761534     -0.761657     7.578e-05
65     -0.761602     -0.761657     7.461e-05
66     -0.760588      -0.76164   7.52335e-05
67     -0.761992     -0.761646   7.42878e-05
68     -0.761563     -0.761644   7.31972e-05
69     -0.762399     -0.761655   7.29534e-05
70     -0.762061     -0.761661   7.21366e-05
71     -0.761864     -0.761664   7.11707e-05
72     -0.761602     -0.761663   7.01805e-05
73     -0.760592     -0.761648   7.07506e-05
74     -0.761142     -0.761642   7.01222e-05
75     -0.761103     -0.761634   6.95524e-05
76     -0.761187     -0.761629   6.88829e-05
77     -0.762585     -0.761641   6.91075e-05
78     -0.761074     -0.761634   6.86025e-05
79     -0.761152     -0.761628   6.80024e-05
80     -0.762083     -0.761633   6.73881e-05
81     -0.761447     -0.761631   6.65906e-05
82     -0.762702     -0.761644   6.70587e-05
83     -0.761994     -0.761648   6.63802e-05
84     -0.761874     -0.761651   6.56401e-05
85     -0.761162     -0.761645   6.51174e-05
86     -0.762157     -0.761651   6.46301e-05
87     -0.761232     -0.761646   6.40643e-05
88     -0.761358     -0.761643   6.34166e-05
89     -0.762071     -0.761648   6.28843e-05
90     -0.761298     -0.761644   6.23033e-05
91      -0.76157     -0.761643   6.16202e-05
92     -0.762454     -0.761652     6.158e-05
93     -0.760587     -0.761641   6.19809e-05
94     -0.761396     -0.761638   6.13732e-05
95     -0.760988     -0.761631   6.11079e-05
96     -0.761441     -0.761629   6.05005e-05
97     -0.762371     -0.761637   6.03603e-05
98     -0.762273     -0.761643   6.00927e-05
99     -0.760548     -0.761632   6.05027e-05
100     -0.760763     -0.761623   6.05217e-05
