1       7.28534       7.28534             0
2       7.41447       7.34991      0.064564
3       7.41451       7.37144     0.0430491
4       7.42229       7.38415     0.0329876
5       7.37374       7.38207     0.0256367
6        7.3994       7.38496     0.0211306
7       7.34429       7.37915     0.0187798
8        7.3515       7.37569     0.0166271
9        7.2173       7.35809     0.0229073
10        7.3181       7.35409     0.0208756
11       7.32078       7.35107     0.0191241
12       7.43125       7.35775     0.0186929
13       7.53822       7.37163     0.0220997
14       7.47394       7.37894     0.0217263
15       7.37886       7.37893     0.0202261
16       7.28388       7.37299     0.0198306
17       7.42498       7.37605     0.0188769
18       7.62325       7.38978     0.0224799
19       7.30342       7.38524     0.0217443
20        7.5048       7.39122     0.0214772
21       7.34828       7.38917      0.020531
22       7.41076       7.39015     0.0196001
23       7.36352       7.38899     0.0187643
24       7.47981       7.39278     0.0183596
25       7.46095       7.39551     0.0178198
26       7.24761       7.38982     0.0180409
27       7.32313       7.38735     0.0175347
28       7.42685       7.38876     0.0169556
29        7.4351       7.39036     0.0164384
30       7.34173       7.38874     0.0159635
31       7.46507        7.3912     0.0156351
32       7.51612        7.3951     0.0156339
33       7.46133       7.39711      0.015285
34       7.31176        7.3946     0.0150397
35       7.16137       7.38793     0.0160521
36       7.17453       7.38201     0.0166881
37       7.52863       7.38597     0.0167076
38       7.34485       7.38489     0.0162979
39       7.27431       7.38205     0.0161257
40       7.34823       7.38121     0.0157402
41       7.32293       7.37979     0.0154171
42        7.3999       7.38026     0.0150532
43       7.29714       7.37833     0.0148255
44       7.29652       7.37647     0.0146035
45       7.28908       7.37453     0.0144068
46       7.46248       7.37644     0.0142192
47       7.58195       7.38081     0.0145843
48       7.35882       7.38036     0.0142846
49       7.25815       7.37786     0.0142106
50       7.30781       7.37646     0.0139938
51       7.52461       7.37937     0.0140209
52       7.50804       7.38184     0.0139695
53       7.21124       7.37862     0.0140764
54       7.44501       7.37985     0.0138679
55       7.39258       7.38008     0.0136154
56       7.24692        7.3777     0.0135799
57       7.37555       7.37767     0.0133395
58       7.29522       7.37625     0.0131844
59       7.45516       7.37758     0.0130278
60       7.48293       7.37934     0.0129287
61       7.52899       7.38179     0.0129495
62       7.50626        7.3838     0.0128961
63         7.307       7.38258     0.0127482
64       7.40354       7.38291     0.0125517
65       7.41374       7.38338     0.0123662
66       7.32422       7.38249     0.0122103
67       7.38525       7.38253     0.0120267
68       7.31666       7.38156     0.0118881
69       7.44748       7.38251     0.0117534
70       7.43742        7.3833     0.0116108
71       7.41642       7.38376     0.0114556
72       7.30492       7.38267     0.0113484
73       7.20409       7.38022     0.0114561
74       7.36136       7.37997     0.0113031
75       7.35739       7.37967     0.0111554
76       7.25415       7.37802     0.0111309
77       7.41913       7.37855     0.0109983
78       7.40068       7.37883     0.0108601
79       7.38237       7.37888     0.0107218
80       7.42958       7.37951     0.0106059
81        7.3699       7.37939     0.0104748
82       7.52843       7.38121     0.0105047
83       7.33106       7.38061      0.010395
84       7.45949       7.38155     0.0103133
85       7.39822       7.38174     0.0101932
86       7.41524       7.38213     0.0100815
87       7.39206       7.38225    0.00996557
88       7.27734       7.38105    0.00992354
89       7.64756       7.38405     0.0102582
90       7.32228       7.38336     0.0101668
91       7.55161       7.38521      0.010223
92       7.30329       7.38432     0.0101504
93        7.3251       7.38368     0.0100608
94       7.29156        7.3827     0.0100013
95       7.35368        7.3824    0.00990022
96       7.39237        7.3825     0.0097971
97       7.36197       7.38229    0.00969788
98       7.40088       7.38248    0.00960029
99        7.2986       7.38163    0.00954052
100       7.27441       7.38056    0.00950531
