1       0.41807       0.41807             0
2      0.423637      0.420854    0.00278337
3      0.427067      0.422925     0.0026215
4      0.421218      0.422498    0.00190219
5      0.418009        0.4216    0.00172541
6      0.417679      0.420947      0.001553
7      0.420056      0.420819    0.00131867
8      0.420636      0.420797    0.00114223
9      0.418253      0.420514    0.00104624
10      0.415951      0.420058    0.00104111
11      0.416539      0.419738   0.000994573
12      0.418057      0.419598   0.000918655
13      0.418488      0.419512   0.000849338
14      0.423945      0.419829   0.000847674
15      0.423496      0.420073   0.000826147
16      0.421356      0.420154   0.000776933
17      0.419545      0.420118   0.000730678
18      0.416573      0.419921   0.000716479
19       0.42022      0.419937   0.000677904
20      0.417395       0.41981   0.000655549
21      0.418866      0.419765   0.000625167
22      0.417492      0.419661    0.00060496
23      0.419027      0.419634   0.000578718
24       0.42026       0.41966   0.000554694
25      0.420397      0.419689   0.000532861
26      0.423493      0.419836   0.000532454
27      0.415649      0.419681   0.000535303
28      0.425046      0.419872   0.000550271
29      0.421458      0.419927   0.000533767
30      0.419822      0.419923   0.000515679
31      0.424613      0.420075   0.000521204
32      0.423709      0.420188   0.000517278
33      0.417653      0.420111   0.000507209
34      0.425501       0.42027   0.000516966
35        0.4158      0.420142   0.000517973
36      0.421037      0.420167   0.000503992
37      0.422524      0.420231   0.000494304
38      0.415288      0.420101    0.00049839
39      0.421974      0.420149   0.000487813
40      0.417137      0.420073   0.000481386
41       0.41792      0.420021   0.000472428
42       0.41828      0.419979   0.000462902
43      0.420117      0.419983    0.00045202
44      0.413264       0.41983   0.000467278
45      0.417644      0.419781   0.000459352
46      0.417543      0.419733   0.000451883
47      0.420401      0.419747   0.000442392
48      0.418269      0.419716   0.000434171
49      0.422308      0.419769   0.000428495
50      0.419767      0.419769   0.000419837
51      0.420351       0.41978   0.000411681
52      0.420301       0.41979   0.000403811
53      0.421204      0.419817   0.000397016
54      0.420748      0.419834   0.000389976
55      0.419539      0.419829   0.000382857
56      0.417149      0.419781   0.000378993
57      0.419269      0.419772   0.000372393
58      0.418452      0.419749   0.000366623
59      0.419548      0.419746   0.000360372
60       0.41965      0.419744   0.000354318
61      0.418651      0.419726   0.000348922
62      0.416855       0.41968   0.000346359
63       0.41823      0.419657   0.000341593
64       0.41851      0.419639   0.000336691
65       0.42016      0.419647   0.000331568
66      0.421586      0.419677   0.000327824
67      0.415654      0.419617   0.000328427
68      0.418982      0.419607   0.000323696
69      0.418013      0.419584   0.000319806
70      0.416389      0.419538   0.000318491
71      0.417497       0.41951   0.000315288
72      0.420265       0.41952   0.000311055
73      0.420584      0.419535    0.00030711
74      0.421976      0.419568   0.000304723
75      0.419923      0.419573    0.00030067
76      0.416909      0.419537   0.000298751
77      0.416936      0.419504   0.000296774
78      0.422874      0.419547   0.000296113
79      0.421386       0.41957   0.000293267
80      0.423252      0.419616   0.000293212
81      0.419962       0.41962   0.000289601
82      0.420704      0.419634   0.000286352
83      0.419862      0.419636   0.000282895
84       0.41896      0.419628   0.000279622
85      0.426227      0.419706   0.000287011
86       0.42378      0.419753   0.000287583
87      0.417761       0.41973   0.000285179
88      0.425034      0.419791    0.00028829
89       0.42247      0.419821   0.000286618
90      0.419916      0.419822   0.000283417
91      0.418254      0.419805   0.000280814
92      0.416323      0.419767   0.000280312
93      0.419042      0.419759   0.000277391
94      0.419675      0.419758   0.000274425
95      0.417228      0.419732   0.000272825
96      0.421231      0.419747   0.000270419
97      0.416525      0.419714    0.00026967
98      0.420814      0.419725    0.00026714
99      0.419969      0.419728   0.000264439
100      0.421616      0.419746   0.000262461
