1      0.159142      0.159142             0
2      0.133461      0.146301     0.0128404
3      0.143112      0.145238    0.00748924
4      0.154314      0.147507     0.0057613
5      0.147273       0.14746    0.00446293
6       0.13962      0.146154    0.00387115
7      0.149171      0.146585        0.0033
8       0.14832      0.146802    0.00286611
9      0.141525      0.146215    0.00259477
10      0.141788      0.145773    0.00236268
11      0.145837      0.145779    0.00213713
12      0.150185      0.146146    0.00198518
13      0.151788       0.14658    0.00187697
14      0.158526      0.147433    0.00193594
15      0.147002      0.147404    0.00180249
16         0.148      0.147442    0.00168649
17      0.148736      0.147518    0.00158601
18      0.160825      0.148257    0.00166807
19      0.151339      0.148419    0.00158616
20      0.138519      0.147924    0.00158408
21      0.136155      0.147364    0.00160761
22      0.147953       0.14739    0.00153303
23      0.144234      0.147253    0.00147128
24       0.15304      0.147494    0.00142913
25      0.145298      0.147407    0.00137359
26      0.138875      0.147078    0.00135988
27      0.146928      0.147073    0.00130856
28      0.145718      0.147024    0.00126188
29      0.157983      0.147402    0.00127489
30      0.146734       0.14738    0.00123186
31      0.144576       0.14729    0.00119489
32      0.140654      0.147082    0.00117538
33      0.151138      0.147205    0.00114582
34      0.146644      0.147189    0.00111173
35      0.147537      0.147199    0.00107954
36      0.146048      0.147167    0.00104961
37      0.148016       0.14719    0.00102111
38      0.143977      0.147105   0.000997463
39      0.155693      0.147325   0.000996194
40      0.137711      0.147085    0.00100028
41      0.139419      0.146898    0.00099333
42      0.147885      0.146921   0.000969676
43       0.15066      0.147008    0.00095084
44      0.144932      0.146961   0.000930177
45      0.155706      0.147155   0.000929804
46      0.147535      0.147164   0.000909404
47      0.138733      0.146984   0.000907745
48      0.128686      0.146603   0.000966953
49      0.144985       0.14657    0.00094759
50      0.150975      0.146658   0.000932615
51       0.13969      0.146522   0.000924301
52      0.145053      0.146493   0.000906791
53      0.144466      0.146455   0.000890339
54      0.133625      0.146217   0.000905427
55      0.143463      0.146167   0.000890222
56       0.13762      0.146015   0.000887407
57      0.149434      0.146075   0.000873761
58      0.144918      0.146055   0.000858795
59      0.144373      0.146026   0.000844595
60      0.151276      0.146114   0.000834996
61      0.149066      0.146162   0.000822619
62      0.138686      0.146042   0.000818177
63      0.147437      0.146064    0.00080539
64      0.146406      0.146069   0.000792724
65       0.14772      0.146094   0.000780846
66      0.143755      0.146059   0.000769741
67      0.150933      0.146132   0.000761647
68      0.140458      0.146048   0.000754988
69       0.14121      0.145978   0.000747263
70      0.136853      0.145848   0.000747958
71      0.151103      0.145922   0.000741054
72      0.145408      0.145915   0.000730724
73      0.147844      0.145941   0.000721129
74      0.134528      0.145787   0.000727845
75      0.148266       0.14582   0.000718835
76      0.144632      0.145804   0.000709486
77      0.149562      0.145853    0.00070191
78      0.147484      0.145874   0.000693168
79      0.149978      0.145926   0.000686307
80      0.140268      0.145855   0.000681354
81      0.140521      0.145789   0.000676105
82       0.15307      0.145878   0.000673685
83      0.147765      0.145901   0.000665906
84      0.150573      0.145957   0.000660278
85      0.147994      0.145981   0.000652904
86      0.140206      0.145913   0.000648751
87      0.137217      0.145813   0.000648994
88      0.150844      0.145871   0.000644119
89      0.143806      0.145847   0.000637263
90      0.144502      0.145833    0.00063032
91       0.14747      0.145851   0.000623615
92      0.132729      0.145708   0.000633075
93      0.160863      0.145871   0.000647086
94      0.145711      0.145869   0.000640168
95      0.144357      0.145853   0.000633593
96      0.147352      0.145869   0.000627153
97      0.153722       0.14595   0.000625912
98      0.138176       0.14587   0.000624549
99      0.144541      0.145857   0.000618354
100      0.155974      0.145958   0.000620444
