-2.49375 3.2787e-05 3.19568e-05
-2.48125 1.63935e-05 1.59784e-05
-2.46875 1.63935e-05 1.59784e-05
-2.45625 1.63935e-05 1.59784e-05
-2.44375 3.2787e-05 2.19942e-05
-2.43125 1.63935e-05 1.59784e-05
-2.41875 0 0
-2.40625 1.63935e-05 1.59784e-05
-2.39375 9.83609e-05 4.08194e-05
-2.38125 3.2787e-05 2.19942e-05
-2.36875 0.000163935 3.66569e-05
-2.35625 0.000131148 4.86309e-05
-2.34375 0.000114754 5.32473e-05
-2.33125 0.000163935 5.4371e-05
-2.31875 0.000229509 5.726e-05
-2.30625 0.000409837 9.52375e-05
-2.29375 0.000262296 8.22946e-05
-2.28125 0.000409837 7.64541e-05
-2.26875 0.000475411 7.85348e-05
-2.25625 0.000442624 0.00010942
-2.24375 0.000688526 0.000134985
-2.23125 0.000688526 0.000128874
-2.21875 0.000672133 0.00011929
-2.20625 0.000655739 0.000133181
-2.19375 0.000770493 0.000106935
-2.18125 0.001 0.000147496
-2.16875 0.0012459 0.000142161
-2.15625 0.00139345 0.000151806
-2.14375 0.00147541 0.000119346
-2.13125 0.00186886 0.00016894
-2.11875 0.00204918 0.000180886
-2.10625 0.00219673 0.000242158
-2.09375 0.00249181 0.000215498
-2.08125 0.00321312 0.000247101
-2.06875 0.00337706 0.000210067
-2.05625 0.00378689 0.000309724
-2.04375 0.00400001 0.000334845
-2.03125 0.00460657 0.000305355
-2.01875 0.00524591 0.000378118
-2.00625 0.00634428 0.000388823
-1.99375 0.00629509 0.000415761
-1.98125 0.00736067 0.000286276
-1.96875 0.00834428 0.000380579
-1.95625 0.0088033 0.000528305
-1.94375 0.00898362 0.000357212
-1.93125 0.0103279 0.000510835
-1.91875 0.0124918 0.000485701
-1.90625 0.0124263 0.000506821
-1.89375 0.014459 0.000562131
-1.88125 0.0153607 0.000496847
-1.86875 0.0174754 0.000633688
-1.85625 0.0184591 0.000782125
-1.84375 0.0192459 0.000694008
-1.83125 0.0221968 0.000681503
-1.81875 0.0239345 0.000855608
-1.80625 0.0259181 0.000814568
-1.79375 0.0270656 0.000735508
-1.78125 0.029705 0.00118927
-1.76875 0.0331804 0.000849492
-1.75625 0.0354591 0.0012701
-1.74375 0.0388034 0.00103273
-1.73125 0.0411968 0.00141065
-1.71875 0.0447542 0.00169171
-1.70625 0.0468362 0.00127264
-1.69375 0.0512788 0.00140686
-1.68125 0.0551804 0.0017459
-1.66875 0.0574919 0.0012967
-1.65625 0.0619837 0.00163614
-1.64375 0.0654592 0.0021193
-1.63125 0.0691641 0.0013309
-1.61875 0.0753444 0.00176313
-1.60625 0.0778362 0.0020795
-1.59375 0.0826395 0.00173871
-1.58125 0.0880166 0.00213575
-1.56875 0.0947707 0.00223234
-1.55625 0.099951 0.00245051
-1.54375 0.104508 0.00237098
-1.53125 0.112722 0.00301485
-1.51875 0.114967 0.00207794
-1.50625 0.122754 0.00255069
-1.49375 0.127263 0.00240289
-1.48125 0.134476 0.0022991
-1.46875 0.138689 0.00279238
-1.45625 0.149295 0.00282836
-1.44375 0.153197 0.00339372
-1.43125 0.160427 0.003685
-1.41875 0.166345 0.00308592
-1.40625 0.172869 0.00333009
-1.39375 0.181377 0.00296668
-1.38125 0.185459 0.00392803
-1.36875 0.190902 0.003711
-1.35625 0.197574 0.00391069
-1.34375 0.20741 0.00350049
-1.33125 0.217558 0.00306365
-1.31875 0.221148 0.00405217
-1.30625 0.22641 0.00417397
-1.29375 0.235607 0.00504852
-1.28125 0.243492 0.00451915
-1.26875 0.248623 0.00434888
-1.25625 0.255033 0.00363856
-1.24375 0.263755 0.00420098
-1.23125 0.269607 0.00512668
-1.21875 0.281656 0.0044367
-1.20625 0.284492 0.00477633
-1.19375 0.28623 0.00465886
-1.18125 0.293181 0.00456485
-1.16875 0.299328 0.00502216
-1.15625 0.310886 0.00412377
-1.14375 0.310279 0.00475299
-1.13125 0.319607 0.00488094
-1.11875 0.326951 0.00531728
-1.10625 0.335394 0.00427392
-1.09375 0.331115 0.00456881
-1.08125 0.336935 0.00482811
-1.06875 0.351083 0.0047123
-1.05625 0.348411 0.0039736
-1.04375 0.360329 0.00509571
-1.03125 0.360411 0.00492093
-1.01875 0.364624 0.00476928
-1.00625 0.367476 0.00529479
-0.99375 0.371804 0.0041076
-0.98125 0.373968 0.00478647
-0.96875 0.374591 0.00421236
-0.95625 0.379558 0.00515961
-0.94375 0.381755 0.0034019
-0.93125 0.385968 0.00455901
-0.91875 0.387886 0.00459921
-0.90625 0.385968 0.00420355
-0.89375 0.392034 0.00399282
-0.88125 0.394804 0.0038491
-0.86875 0.395116 0.00435758
-0.85625 0.394525 0.00384161
-0.84375 0.389099 0.00437555
-0.83125 0.39346 0.0036447
-0.81875 0.394476 0.00369812
-0.80625 0.394361 0.00436631
-0.79375 0.399853 0.00390925
-0.78125 0.39246 0.00397013
-0.76875 0.391148 0.00299413
-0.75625 0.396607 0.00408722
-0.74375 0.395673 0.00328971
-0.73125 0.391853 0.00355993
-0.71875 0.387083 0.00329533
-0.70625 0.394968 0.00370451
-0.69375 0.391886 0.00494594
-0.68125 0.389181 0.00422837
-0.66875 0.386443 0.00401203
-0.65625 0.382476 0.00424736
-0.64375 0.381984 0.00381538
-0.63125 0.380116 0.00338399
-0.61875 0.374738 0.00347306
-0.60625 0.373411 0.00303035
-0.59375 0.375034 0.00373895
-0.58125 0.372345 0.00367377
-0.56875 0.372296 0.00341051
-0.55625 0.370886 0.00355497
-0.54375 0.370034 0.00325801
-0.53125 0.364034 0.00371189
-0.51875 0.363214 0.00334046
-0.50625 0.36246 0.00278221
-0.49375 0.364361 0.00221865
-0.48125 0.357771 0.00447723
-0.46875 0.347542 0.00261104
-0.45625 0.354132 0.00334812
-0.44375 0.346247 0.00373415
-0.43125 0.341394 0.00393408
-0.41875 0.346165 0.00333232
-0.40625 0.340476 0.00364455
-0.39375 0.340263 0.00435472
-0.38125 0.335952 0.00299452
-0.36875 0.33582 0.00344059
-0.35625 0.330476 0.00320671
-0.34375 0.330017 0.00349158
-0.33125 0.330853 0.00286346
-0.31875 0.328968 0.0034153
-0.30625 0.324492 0.00313112
-0.29375 0.318804 0.00335952
-0.28125 0.315656 0.00309953
-0.26875 0.318607 0.00309224
-0.25625 0.321083 0.0027302
-0.24375 0.314788 0.00220124
-0.23125 0.318607 0.00294014
-0.21875 0.314607 0.00342043
-0.20625 0.310509 0.00325132
-0.19375 0.313935 0.00369647
-0.18125 0.308329 0.00214666
-0.16875 0.308738 0.00252633
-0.15625 0.306591 0.00331683
-0.14375 0.307181 0.00362291
-0.13125 0.30623 0.00251799
-0.11875 0.305214 0.00279382
-0.10625 0.303181 0.0027018
-0.09375 0.302328 0.00276762
-0.08125 0.30041 0.00309771
-0.06875 0.303476 0.00281819
-0.05625 0.302919 0.00295628
-0.04375 0.298427 0.00268038
-0.03125 0.299361 0.00239642
-0.01875 0.292755 0.00287189
-0.00625 0.298099 0.00203512
0.00625 0.298296 0.00283305
0.01875 0.293115 0.00206363
0.03125 0.296378 0.00294476
0.04375 0.296771 0.00241894
0.05625 0.296328 0.00356848
0.06875 0.303247 0.0026397
0.08125 0.299296 0.00301874
0.09375 0.296328 0.00264211
0.10625 0.301607 0.0030415
0.11875 0.303968 0.00356624
0.13125 0.301755 0.00314013
0.14375 0.308738 0.00274044
0.15625 0.307197 0.00337853
0.16875 0.305656 0.00281766
0.18125 0.304378 0.00418983
0.19375 0.310706 0.00334043
0.20625 0.311214 0.00231393
0.21875 0.309066 0.00410409
0.23125 0.314706 0.0030559
0.24375 0.311788 0.0037046
0.25625 0.312247 0.00320645
0.26875 0.315099 0.00259053
0.28125 0.318492 0.00305978
0.29375 0.321656 0.00367466
0.30625 0.319689 0.00336122
0.31875 0.325935 0.0036812
0.33125 0.324132 0.00360861
0.34375 0.324673 0.00346627
0.35625 0.330099 0.00420687
0.36875 0.337492 0.00387429
0.38125 0.332853 0.00279974
0.39375 0.333132 0.00342929
0.40625 0.339722 0.00394979
0.41875 0.338197 0.00231578
0.43125 0.338296 0.00293472
0.44375 0.342083 0.00314945
0.45625 0.345509 0.00407691
0.46875 0.345181 0.00478052
0.48125 0.347968 0.00306765
0.49375 0.352443 0.00370228
0.50625 0.348427 0.00439762
0.51875 0.355968 0.00335991
0.53125 0.358296 0.00370917
0.54375 0.357788 0.00416535
0.55625 0.366656 0.00243189
0.56875 0.363952 0.00322568
0.58125 0.372706 0.00442939
0.59375 0.373116 0.00328238
0.60625 0.371411 0.00348373
0.61875 0.371476 0.00398978
0.63125 0.378722 0.00407211
0.64375 0.377378 0.00436288
0.65625 0.37705 0.00457986
0.66875 0.381689 0.00393288
0.68125 0.38287 0.00360886
0.69375 0.381706 0.00439838
0.70625 0.383443 0.00271068
0.71875 0.385181 0.00522654
0.73125 0.384722 0.00389926
0.74375 0.384361 0.00447912
0.75625 0.38723 0.0045739
0.76875 0.38287 0.0036582
0.78125 0.393411 0.00360879
0.79375 0.385788 0.00451183
0.80625 0.386935 0.00384435
0.81875 0.383509 0.00386268
0.83125 0.392132 0.00518106
0.84375 0.39087 0.0043071
0.85625 0.386575 0.00456443
0.86875 0.385214 0.00442368
0.88125 0.385296 0.00285419
0.89375 0.380214 0.00578842
0.90625 0.377411 0.00405711
0.91875 0.380378 0.00359898
0.93125 0.375657 0.00513526
0.94375 0.371001 0.00274555
0.95625 0.372378 0.00354993
0.96875 0.369886 0.00446338
0.98125 0.365575 0.00359238
0.99375 0.359115 0.00551075
1.00625 0.359099 0.00416729
1.01875 0.357968 0.00478328
1.03125 0.354312 0.00506971
1.04375 0.345591 0.00386187
1.05625 0.350345 0.0051641
1.06875 0.340165 0.00371821
1.08125 0.331984 0.00476537
1.09375 0.335279 0.0039417
1.10625 0.329361 0.00518109
1.11875 0.321837 0.0049046
1.13125 0.316296 0.00341607
1.14375 0.304902 0.0043473
1.15625 0.300181 0.00463199
1.16875 0.293984 0.00337756
1.18125 0.291509 0.00505775
1.19375 0.29005 0.00356175
1.20625 0.280312 0.00396827
1.21875 0.271263 0.00395944
1.23125 0.266378 0.00318932
1.24375 0.254164 0.00355248
1.25625 0.253263 0.00338282
1.26875 0.242853 0.00362701
1.28125 0.23905 0.0034258
1.29375 0.228263 0.00367474
1.30625 0.225164 0.00295327
1.31875 0.218525 0.00389865
1.33125 0.209623 0.00357478
1.34375 0.203968 0.00313728
1.35625 0.195902 0.00304579
1.36875 0.190459 0.00335197
1.38125 0.182345 0.00320301
1.39375 0.178427 0.00267225
1.40625 0.16841 0.00305432
1.41875 0.165427 0.00271672
1.43125 0.15905 0.00263348
1.44375 0.149525 0.00248743
1.45625 0.145361 0.0027055
1.46875 0.13582 0.00260938
1.48125 0.131574 0.00211127
1.49375 0.123476 0.00268377
1.50625 0.116967 0.00185382
1.51875 0.113738 0.00232185
1.53125 0.106033 0.00208105
1.54375 0.100623 0.0021773
1.55625 0.0965084 0.00223208
1.56875 0.0919346 0.00230273
1.58125 0.0854428 0.00184299
1.59375 0.0788198 0.00154088
1.60625 0.0758362 0.0018036
1.61875 0.0726559 0.00156202
1.63125 0.0666231 0.00172788
1.64375 0.0657706 0.00136635
1.65625 0.0607706 0.00132944
1.66875 0.0575575 0.00141355
1.68125 0.0523935 0.00118524
1.69375 0.0487378 0.00153124
1.70625 0.0455903 0.0011877
1.71875 0.0435083 0.0011417
1.73125 0.0400657 0.00155412
1.74375 0.0368197 0.000840747
1.75625 0.0341148 0.0010701
1.76875 0.0312132 0.00100485
1.78125 0.0287542 0.000872127
1.79375 0.0279017 0.00092326
1.80625 0.0252951 0.000620044
1.81875 0.0226558 0.000650348
1.83125 0.0216066 0.000912132
1.84375 0.0191476 0.000746722
1.85625 0.0182132 0.000763477
1.86875 0.0171804 0.000605627
1.88125 0.0149181 0.000800935
1.89375 0.0134099 0.000533683
1.90625 0.0125574 0.000653317
1.91875 0.0117869 0.000421459
1.93125 0.0110492 0.000683079
1.94375 0.00937707 0.00042522
1.95625 0.00860658 0.00038227
1.96875 0.00742624 0.000366771
1.98125 0.00691805 0.000470524
1.99375 0.00554099 0.000356082
2.00625 0.00536067 0.000345646
2.01875 0.0052787 0.000319484
2.03125 0.00381968 0.000175456
2.04375 0.00355738 0.000216586
2.05625 0.00380329 0.000326555
2.06875 0.00296722 0.000245875
2.08125 0.00254099 0.000183834
2.09375 0.00237705 0.000138862
2.10625 0.00178689 0.000104905
2.11875 0.00191804 0.000195729
2.13125 0.00183607 0.000253331
2.14375 0.00178689 0.000107437
2.15625 0.00140984 0.000164099
2.16875 0.0012623 0.000116555
2.18125 0.000934428 9.91094e-05
2.19375 0.000918035 0.000126134
2.20625 0.000901641 0.000103357
2.21875 0.000622952 0.000117987
2.23125 0.000786887 0.000147359
2.24375 0.000524591 0.000112149
2.25625 0.000393443 0.000117302
2.26875 0.000344263 5.89937e-05
2.28125 0.000409837 7.28542e-05
2.29375 0.000295083 8.32685e-05
2.30625 0.000278689 6.66914e-05
2.31875 8.19674e-05 3.17458e-05
2.33125 0.000163935 5.91075e-05
2.34375 0.000245902 6.07886e-05
2.35625 0.000114754 3.49685e-05
2.36875 8.19674e-05 3.17458e-05
2.38125 6.55739e-05 2.93255e-05
2.39375 4.91804e-05 2.61783e-05
2.40625 0.000131148 6.71933e-05
2.41875 8.19674e-05 3.17458e-05
2.43125 6.55739e-05 3.73829e-05
2.44375 8.19674e-05 3.93102e-05
2.45625 8.19674e-05 3.93102e-05
2.46875 3.2787e-05 3.19568e-05
2.48125 3.2787e-05 3.19568e-05
2.49375 1.63935e-05 1.59784e-05
