-2.49375 0.0179526 0.00428592
-2.48125 0.00188543 0.000319494
-2.46875 0.00208217 0.000329761
-2.45625 0.00221333 0.000384411
-2.44375 0.00285274 0.000407641
-2.43125 0.00283635 0.00044616
-2.41875 0.00322983 0.000436414
-2.40625 0.00418074 0.000653699
-2.39375 0.00429551 0.000565998
-2.38125 0.00439388 0.000535494
-2.36875 0.0043283 0.000444545
-2.35625 0.00527921 0.000688163
-2.34375 0.00557432 0.00055695
-2.33125 0.00623013 0.000806198
-2.31875 0.00775487 0.000816229
-2.30625 0.00782045 0.000710221
-2.29375 0.00793521 0.000749023
-2.28125 0.00906647 0.00089538
-2.26875 0.010083 0.000908078
-2.25625 0.0109519 0.000797616
-2.24375 0.012493 0.000865964
-2.23125 0.0127882 0.00110372
-2.21875 0.0149523 0.00108193
-2.20625 0.0167722 0.00110646
-2.19375 0.018756 0.00153967
-2.18125 0.0192314 0.00168961
-2.16875 0.0208545 0.00162194
-2.15625 0.0232154 0.00160196
-2.14375 0.0247238 0.00173329
-2.13125 0.0267895 0.00172423
-2.11875 0.0272158 0.00186328
-2.10625 0.0298062 0.00190181
-2.09375 0.0319048 0.00200786
-2.08125 0.0360364 0.00179642
-2.06875 0.0368889 0.0016546
-2.05625 0.0396597 0.00173795
-2.04375 0.0408401 0.00197225
-2.03125 0.0450209 0.00247789
-2.01875 0.0491524 0.002637
-2.00625 0.0492016 0.00226246
-1.99375 0.0542349 0.00276396
-1.98125 0.0555465 0.00259575
-1.96875 0.0604322 0.00278486
-1.95625 0.0636949 0.00258407
-1.94375 0.0660066 0.00302329
-1.93125 0.0686954 0.00343628
-1.91875 0.0742041 0.00286244
-1.90625 0.0754665 0.00312878
-1.89375 0.0812212 0.00314709
-1.88125 0.0836313 0.00290822
-1.86875 0.0868283 0.00288605
-1.85625 0.0905992 0.00312102
-1.84375 0.0969605 0.0033343
-1.83125 0.0980589 0.00360479
-1.81875 0.104633 0.00348979
-1.80625 0.111421 0.00440327
-1.79375 0.115405 0.0048518
-1.78125 0.122832 0.00462047
-1.76875 0.129554 0.00422846
-1.75625 0.135522 0.00447072
-1.74375 0.142391 0.00465076
-1.73125 0.142817 0.00418428
-1.71875 0.152769 0.00467716
-1.70625 0.15777 0.00475849
-1.69375 0.161967 0.00492816
-1.68125 0.166049 0.00506151
-1.66875 0.171591 0.00517249
-1.65625 0.178477 0.00548925
-1.64375 0.182543 0.00510648
-1.63125 0.189379 0.0052202
-1.61875 0.199659 0.00568665
-1.60625 0.203922 0.00678657
-1.59375 0.210004 0.00614246
-1.58125 0.210103 0.0058295
-1.56875 0.216776 0.00695885
-1.55625 0.216743 0.00701981
-1.54375 0.220727 0.00625782
-1.53125 0.22494 0.00690678
-1.51875 0.225268 0.00567573
-1.50625 0.233089 0.0068378
-1.49375 0.239139 0.005597
-1.48125 0.242581 0.00603279
-1.46875 0.24832 0.00666927
-1.45625 0.25009 0.00703152
-1.44375 0.253615 0.00681785
-1.43125 0.256485 0.00669114
-1.41875 0.261239 0.00695921
-1.40625 0.263666 0.00635756
-1.39375 0.271453 0.00622772
-1.38125 0.269584 0.0059444
-1.36875 0.277536 0.00654882
-1.35625 0.280667 0.00646762
-1.34375 0.283045 0.00627024
-1.33125 0.288225 0.00570497
-1.31875 0.287553 0.00577593
-1.30625 0.29075 0.00508745
-1.29375 0.291799 0.00547001
-1.28125 0.297702 0.00523174
-1.26875 0.300932 0.00520599
-1.25625 0.306768 0.00529936
-1.24375 0.305621 0.00533157
-1.23125 0.310506 0.00712899
-1.21875 0.308014 0.00611698
-1.20625 0.311965 0.00688692
-1.19375 0.313343 0.00721616
-1.18125 0.309096 0.00806825
-1.16875 0.317212 0.00670301
-1.15625 0.31531 0.00756523
-1.14375 0.322835 0.00714849
-1.13125 0.321655 0.00751014
-1.11875 0.324081 0.00795623
-1.10625 0.318999 0.00727015
-1.09375 0.321212 0.0070173
-1.08125 0.322344 0.0070646
-1.06875 0.323081 0.0073004
-1.05625 0.324131 0.00739734
-1.04375 0.327131 0.0085811
-1.03125 0.321671 0.0076978
-1.01875 0.327885 0.00721456
-1.00625 0.321737 0.00714639
-0.99375 0.324606 0.00754246
-0.98125 0.324475 0.00814175
-0.96875 0.321557 0.007223
-0.95625 0.318933 0.00873164
-0.94375 0.318294 0.00765276
-0.93125 0.315343 0.00808545
-0.91875 0.315277 0.00684189
-0.90625 0.314507 0.0066276
-0.89375 0.316966 0.00656648
-0.88125 0.317376 0.00547781
-0.86875 0.313048 0.00604025
-0.85625 0.311015 0.00493731
-0.84375 0.316392 0.00610024
-0.83125 0.314408 0.00624247
-0.81875 0.311457 0.00576199
-0.80625 0.314638 0.00506024
-0.79375 0.311244 0.00580685
-0.78125 0.310982 0.00577979
-0.76875 0.309834 0.00596893
-0.75625 0.304161 0.00610427
-0.74375 0.301882 0.00614893
-0.73125 0.301358 0.00583625
-0.71875 0.301817 0.00491067
-0.70625 0.302505 0.00553869
-0.69375 0.295013 0.00484252
-0.68125 0.290865 0.00549171
-0.66875 0.290717 0.00446665
-0.65625 0.284291 0.00422102
-0.64375 0.284389 0.00445217
-0.63125 0.287701 0.00433124
-0.61875 0.285619 0.00566366
-0.60625 0.28652 0.0055811
-0.59375 0.287897 0.00464649
-0.58125 0.283405 0.00421338
-0.56875 0.284241 0.00451417
-0.55625 0.28693 0.00520272
-0.54375 0.280175 0.00591039
-0.53125 0.28052 0.00616827
-0.51875 0.280585 0.00607198
-0.50625 0.276142 0.00564668
-0.49375 0.27183 0.00551572
-0.48125 0.271814 0.00523737
-0.46875 0.267715 0.00465934
-0.45625 0.271666 0.00542246
-0.44375 0.267371 0.00388735
-0.43125 0.269617 0.00473394
-0.41875 0.263403 0.00392792
-0.40625 0.267535 0.0043681
-0.39375 0.263108 0.00422703
-0.38125 0.262239 0.00526422
-0.36875 0.259304 0.00524087
-0.35625 0.262698 0.00409104
-0.34375 0.260829 0.00394672
-0.33125 0.256583 0.00386246
-0.31875 0.25673 0.0050296
-0.30625 0.251582 0.00352192
-0.29375 0.251943 0.00472601
-0.28125 0.252681 0.00396655
-0.26875 0.252927 0.00474094
-0.25625 0.249205 0.00463003
-0.24375 0.254206 0.00366941
-0.23125 0.247598 0.00445179
-0.21875 0.249599 0.00496744
-0.20625 0.248762 0.00436979
-0.19375 0.250336 0.00529109
-0.18125 0.244696 0.00464469
-0.16875 0.24909 0.00549356
-0.15625 0.246484 0.00543709
-0.14375 0.244401 0.00524326
-0.13125 0.249582 0.00433254
-0.11875 0.250435 0.00566306
-0.10625 0.248549 0.00413188
-0.09375 0.246123 0.00381399
-0.08125 0.243401 0.00365578
-0.06875 0.246418 0.0037496
-0.05625 0.244467 0.00363723
-0.04375 0.241958 0.00405153
-0.03125 0.243368 0.00327266
-0.01875 0.243418 0.00380438
-0.00625 0.240958 0.00383156
0.00625 0.241417 0.00515045
0.01875 0.243024 0.00575611
0.03125 0.24027 0.00459769
0.04375 0.241958 0.00439583
0.05625 0.239811 0.00463359
0.06875 0.240286 0.00388585
0.08125 0.239893 0.00480582
0.09375 0.241909 0.00432264
0.10625 0.242549 0.00407061
0.11875 0.238925 0.00377794
0.13125 0.237253 0.00290118
0.14375 0.241942 0.00351813
0.15625 0.236286 0.00406865
0.16875 0.236433 0.00377624
0.18125 0.235614 0.00399458
0.19375 0.240499 0.00502051
0.20625 0.244319 0.00414487
0.21875 0.244073 0.00472197
0.23125 0.244467 0.0043144
0.24375 0.24691 0.00439363
0.25625 0.244926 0.00512332
0.26875 0.249664 0.005446
0.28125 0.249303 0.00512598
0.29375 0.254681 0.00615032
0.30625 0.252943 0.00517739
0.31875 0.252976 0.00610621
0.33125 0.254943 0.00533455
0.34375 0.254222 0.00467964
0.35625 0.252746 0.00479962
0.36875 0.261419 0.0045321
0.38125 0.254812 0.00362979
0.39375 0.257599 0.00398588
0.40625 0.260321 0.0047471
0.41875 0.262895 0.00454513
0.43125 0.257468 0.00522433
0.44375 0.260878 0.00501723
0.45625 0.262764 0.00536504
0.46875 0.264748 0.00529246
0.48125 0.267043 0.00665565
0.49375 0.26719 0.00529874
0.50625 0.26842 0.00599268
0.51875 0.273765 0.00609892
0.53125 0.27142 0.00562023
0.54375 0.271256 0.0049519
0.55625 0.273453 0.00494976
0.56875 0.278569 0.0052167
0.58125 0.280323 0.00504909
0.59375 0.278979 0.00467266
0.60625 0.277323 0.00554754
0.61875 0.281913 0.00575469
0.63125 0.281979 0.00469286
0.64375 0.286324 0.00499469
0.65625 0.289504 0.00526095
0.66875 0.288832 0.00535516
0.68125 0.287897 0.00538892
0.69375 0.288225 0.00589607
0.70625 0.285356 0.00623556
0.71875 0.29657 0.00623631
0.73125 0.287586 0.00694588
0.74375 0.291652 0.00635598
0.75625 0.297177 0.00590496
0.76875 0.303079 0.00589435
0.78125 0.300391 0.00664702
0.79375 0.30385 0.00567517
0.80625 0.306817 0.00643185
0.81875 0.308932 0.00568511
0.83125 0.310178 0.00577919
0.84375 0.31308 0.00623671
0.85625 0.316359 0.00519088
0.86875 0.318917 0.00568242
0.88125 0.320442 0.00520506
0.89375 0.321458 0.0053786
0.90625 0.318032 0.00586774
0.91875 0.319638 0.00518948
0.93125 0.321163 0.00605471
0.94375 0.316392 0.0055308
0.95625 0.320032 0.00620661
0.96875 0.318409 0.00589135
0.98125 0.320573 0.00586908
0.99375 0.319901 0.00686468
1.00625 0.323114 0.00681047
1.01875 0.325672 0.00624575
1.03125 0.322409 0.00633444
1.04375 0.323114 0.00704486
1.05625 0.322557 0.00733276
1.06875 0.320688 0.00741742
1.08125 0.325262 0.0078801
1.09375 0.324737 0.00705953
1.10625 0.319966 0.0068756
1.11875 0.321786 0.00690006
1.13125 0.318064 0.00768494
1.14375 0.321179 0.00645518
1.15625 0.324901 0.0065026
1.16875 0.320179 0.0066166
1.18125 0.318245 0.0068492
1.19375 0.317245 0.00626011
1.20625 0.313146 0.0059697
1.21875 0.308424 0.00832422
1.23125 0.308572 0.00701251
1.24375 0.304243 0.00703436
1.25625 0.300128 0.00643949
1.26875 0.301325 0.00774516
1.28125 0.295488 0.00738722
1.29375 0.295783 0.00747185
1.30625 0.290668 0.00630597
1.31875 0.287471 0.00671934
1.33125 0.278552 0.0066676
1.34375 0.277093 0.0063487
1.35625 0.274732 0.00644626
1.36875 0.271584 0.00712459
1.38125 0.26842 0.0069317
1.39375 0.269519 0.00656751
1.40625 0.26301 0.00574988
1.41875 0.261501 0.00590776
1.43125 0.252927 0.00646857
1.44375 0.252238 0.00512177
1.45625 0.249926 0.00570532
1.46875 0.244369 0.00592359
1.48125 0.242549 0.00540695
1.49375 0.237827 0.00621229
1.50625 0.229121 0.00562133
1.51875 0.225531 0.00509534
1.53125 0.220251 0.00411527
1.54375 0.215136 0.00458657
1.55625 0.210021 0.00467116
1.56875 0.206496 0.00487708
1.58125 0.200758 0.00491819
1.59375 0.189298 0.0043545
1.60625 0.185461 0.00516616
1.61875 0.181985 0.00439932
1.63125 0.177591 0.00473709
1.64375 0.171706 0.00462732
1.65625 0.168279 0.00497895
1.66875 0.162 0.00549068
1.68125 0.160639 0.00567733
1.69375 0.152736 0.0051034
1.70625 0.150015 0.00518694
1.71875 0.145752 0.00502618
1.73125 0.141932 0.00454633
1.74375 0.139998 0.00457475
1.75625 0.129783 0.00446829
1.76875 0.124242 0.00448596
1.78125 0.118553 0.00431078
1.79375 0.111519 0.0039718
1.80625 0.107699 0.00365603
1.81875 0.103076 0.0036947
1.83125 0.0995837 0.00340032
1.84375 0.0926486 0.00360658
1.85625 0.0890416 0.00367955
1.86875 0.0841887 0.00369605
1.88125 0.0824508 0.00320904
1.89375 0.0774667 0.00367512
1.90625 0.0740565 0.00320206
1.91875 0.0716957 0.00337032
1.93125 0.0653508 0.00305046
1.94375 0.0628423 0.0029721
1.95625 0.060711 0.00304139
1.96875 0.0581205 0.00307834
1.98125 0.0544316 0.00275476
1.99375 0.0516117 0.00277231
2.00625 0.0496935 0.00309901
2.01875 0.0462013 0.00294335
2.03125 0.0413156 0.00233801
2.04375 0.0396597 0.00268334
2.05625 0.0356757 0.00236403
2.06875 0.0325442 0.00192429
2.08125 0.0319048 0.00185983
2.09375 0.0280684 0.00192073
2.10625 0.0254288 0.00176176
2.11875 0.0241991 0.00182915
2.13125 0.0228711 0.00176136
2.14375 0.0211332 0.00163433
2.15625 0.0197069 0.00153902
2.16875 0.0190511 0.00158429
2.18125 0.0163459 0.00151249
2.19375 0.0161164 0.00151976
2.20625 0.0148539 0.0014138
2.21875 0.0131816 0.00139244
2.23125 0.012034 0.0013368
2.24375 0.011247 0.00134061
2.25625 0.0109847 0.00133002
2.26875 0.00950914 0.0011965
2.28125 0.00924682 0.00106998
2.29375 0.00780405 0.00102403
2.30625 0.00742697 0.000995459
2.31875 0.00623013 0.000780102
2.33125 0.00606618 0.000700014
2.34375 0.00614815 0.000824617
2.35625 0.00526282 0.000766362
2.36875 0.00478736 0.000562903
2.38125 0.00436109 0.000630347
2.39375 0.00368889 0.000512657
2.40625 0.00291832 0.000387215
2.41875 0.00321343 0.000482806
2.43125 0.002656 0.000378794
2.44375 0.00245926 0.000462852
2.45625 0.00249205 0.00044139
2.46875 0.00208217 0.000411039
2.48125 0.00188543 0.000387198
2.49375 0.00172148 0.000390654
