           1     7.41715     7.41715           0
           2      7.7148     7.56598    0.148825
           3     7.64534     7.59243   0.0899036
           4     7.52912      7.5766    0.065512
           5     7.67776     7.59684   0.0546298
           6     7.58973     7.59565   0.0446207
           7     7.59072     7.59495    0.037718
           8     7.52432     7.58612   0.0338366
           9     7.59579     7.58719   0.0298604
          10        7.52     7.58048   0.0275403
          11     7.51524     7.57454   0.0256074
          12     7.69416     7.58451   0.0254129
          13      7.5447     7.58145   0.0235762
          14     7.53912     7.57843   0.0220357
          15     7.60666     7.58031   0.0206003
          16     7.60622     7.58193   0.0193378
          17     7.69639     7.58866   0.0193724
          18     7.58655     7.58854   0.0182648
          19     7.58729     7.58848   0.0172769
          20     7.55086      7.5866   0.0164979
          21     7.60092     7.58728   0.0157074
          22     7.51919     7.58418   0.0152929
          23     7.53464     7.58203   0.0147709
          24     7.57303     7.58165    0.014147
          25     7.76443     7.58897   0.0154135
          26     7.58527     7.58882   0.0148095
          27     7.64588     7.59094   0.0144063
          28     7.58573     7.59075   0.0138835
          29     7.70753     7.59478   0.0139883
          30     7.55423     7.59343   0.0135814
          31     7.56418     7.59248   0.0131698
          32     7.50864     7.58986    0.013018
          33     7.49474     7.58698   0.0129424
          34     7.64259     7.58862   0.0126621
          35     7.54563     7.58739   0.0123562
          36     7.58115     7.58721   0.0120093
          37     7.55465     7.58633   0.0117133
          38       7.687     7.58898   0.0117047
          39     7.51262     7.58703   0.0115675
          40     7.58064     7.58687   0.0112757
          41     7.52347     7.58532   0.0111054
          42     7.58621     7.58534   0.0108378
          43     7.72669     7.58863   0.0110816
          44      7.4993      7.5866   0.0110155
          45     7.55544     7.58591   0.0107902
          46     7.52517     7.58459   0.0106353
          47     7.56935     7.58426   0.0104116
          48     7.69843     7.58664   0.0104662
          49     7.48005     7.58446   0.0104786
          50     7.66283     7.58603   0.0103859
          51      7.4885     7.58412   0.0103582
          52     7.67127      7.5858   0.0102944
          53     7.59811     7.58603    0.010101
          54     7.59075     7.58612  0.00991258
          55     7.56122     7.58566   0.0097412
          56     7.68482     7.58743  0.00972818
          57     7.46437     7.58527  0.00979684
          58     7.56427     7.58491  0.00963325
          59     7.63187     7.58571  0.00950197
          60     7.53309     7.58483  0.00938334
          61     7.65716     7.58602  0.00930409
          62     7.51785     7.58492  0.00921859
          63     7.63372     7.58569   0.0091041
          64     7.67301     7.58706  0.00906399
          65     7.55618     7.58658  0.00893609
          66     7.58597     7.58657  0.00879966
          67     7.52593     7.58567  0.00871445
          68       7.581      7.5856  0.00858562
          69     7.67748     7.58693  0.00856444
          70      7.5454     7.58634  0.00846202
          71     7.53154     7.58556  0.00837762
          72     7.55448     7.58513  0.00827171
          73     7.56738     7.58489  0.00816124
          74     7.61241     7.58526  0.00805879
          75     7.59046     7.58533  0.00795091
          76     7.66053     7.58632  0.00790775
          77     7.50886     7.58531  0.00786894
          78     7.68447     7.58659  0.00787074
          79     7.63303     7.58717  0.00779269
          80     7.52818     7.58644  0.00772991
          81     7.61866     7.58683  0.00764424
          82     7.62611     7.58731  0.00756562
          83     7.64692     7.58803  0.00750834
          84     7.56599     7.58777  0.00742305
          85     7.59985     7.58791  0.00733658
          86     7.74276     7.58971  0.00747098
          87      7.5384     7.58912  0.00740812
          88      7.6669     7.59001   0.0073766
          89     7.59721     7.59009   0.0072937
          90     7.59542     7.59015  0.00721245
          91     7.57261     7.58995  0.00713535
          92     7.58086     7.58985  0.00705806
          93      7.5837     7.58979  0.00698207
          94     7.59723     7.58987  0.00690784
          95      7.6378     7.59037  0.00685334
          96     7.55369     7.58999  0.00679233
          97     7.54475     7.58952   0.0067381
          98     7.52567     7.58887  0.00670075
          99     7.59334     7.58892  0.00663287
         100     7.71421     7.59017  0.00668468
