           1    -7.57815    -7.57815           0
           2    -7.52334    -7.55075    0.027406
           3     -7.5372    -7.54623   0.0164546
           4    -7.55816    -7.54921   0.0120114
           5     -7.5303    -7.54543   0.0100433
           6    -7.54751    -7.54578   0.0082076
           7    -7.54746    -7.54602  0.00694085
           8     -7.5578    -7.54749  0.00618868
           9     -7.5463    -7.54736   0.0054595
          10    -7.55933    -7.54856  0.00502784
          11    -7.56038    -7.54963  0.00467309
          12    -7.52846    -7.54787  0.00461651
          13    -7.55536    -7.54844  0.00428549
          14    -7.55749    -7.54909  0.00401988
          15    -7.54466    -7.54879  0.00375393
          16    -7.54418    -7.54851  0.00352327
          17    -7.52742    -7.54727  0.00353425
          18    -7.54799    -7.54731  0.00333237
          19     -7.5471    -7.54729  0.00315212
          20    -7.55434    -7.54765  0.00301104
          21    -7.54618    -7.54758  0.00286493
          22     -7.5589    -7.54809  0.00277968
          23    -7.55745     -7.5485  0.00268703
          24    -7.55051    -7.54858    0.002574
          25     -7.5161    -7.54728  0.00278985
          26    -7.54795    -7.54731  0.00268052
          27    -7.53751    -7.54695  0.00260473
          28    -7.54856      -7.547  0.00251064
          29    -7.52497    -7.54624  0.00253891
          30    -7.55347    -7.54648  0.00246462
          31    -7.55192    -7.54666  0.00239023
          32    -7.56189    -7.54714  0.00236278
          33    -7.56434    -7.54766  0.00234868
          34      -7.538    -7.54737   0.0022962
          35    -7.55555    -7.54761  0.00224183
          36    -7.54833    -7.54763  0.00217876
          37    -7.55408     -7.5478  0.00212623
          38    -7.53094    -7.54736  0.00211657
          39    -7.56162    -7.54772  0.00209377
          40     -7.5493    -7.54776  0.00204114
          41    -7.56024    -7.54807  0.00201387
          42    -7.54841    -7.54808  0.00196535
          43    -7.52248    -7.54748  0.00200931
          44    -7.56367    -7.54785  0.00199731
          45    -7.55378    -7.54798  0.00195687
          46    -7.55868    -7.54821  0.00192794
          47    -7.55064    -7.54826  0.00188718
          48    -7.52785    -7.54784  0.00189575
          49    -7.56684    -7.54823  0.00189674
          50    -7.53334    -7.54793   0.0018821
          51     -7.5659    -7.54828  0.00187818
          52    -7.53247    -7.54798  0.00186664
          53    -7.54481    -7.54792  0.00183206
          54    -7.54708     -7.5479  0.00179788
          55    -7.55298    -7.54799  0.00176729
          56    -7.53029    -7.54768  0.00176402
          57    -7.57046    -7.54808  0.00177831
          58    -7.55091    -7.54813  0.00174806
          59    -7.53911    -7.54797  0.00172497
          60    -7.55687    -7.54812  0.00170245
          61    -7.53449     -7.5479  0.00168915
          62    -7.55991    -7.54809  0.00167293
          63    -7.53973    -7.54796  0.00165151
          64    -7.53161     -7.5477  0.00164544
          65    -7.55278    -7.54778   0.0016218
          66    -7.54906     -7.5478  0.00159716
          67    -7.55827    -7.54796  0.00158089
          68    -7.54899    -7.54797  0.00155754
          69    -7.53138    -7.54773  0.00155352
          70    -7.55558    -7.54784  0.00153526
          71    -7.55828    -7.54799   0.0015206
          72    -7.55444    -7.54808  0.00150201
          73    -7.55052    -7.54811  0.00148167
          74    -7.54353    -7.54805  0.00146282
          75    -7.54712    -7.54804  0.00144324
          76    -7.53437    -7.54786  0.00143544
          77    -7.56219    -7.54805  0.00142884
          78    -7.52941    -7.54781   0.0014305
          79    -7.53825    -7.54769  0.00141745
          80    -7.55797    -7.54782  0.00140552
          81      -7.542    -7.54774  0.00138991
          82    -7.54171    -7.54767  0.00137483
          83    -7.53667    -7.54754  0.00136461
          84    -7.55175    -7.54759   0.0013492
          85    -7.54555    -7.54756  0.00133345
          86    -7.51786    -7.54722  0.00136237
          87    -7.55594    -7.54732  0.00135035
          88    -7.53342    -7.54716  0.00134423
          89    -7.54688    -7.54716  0.00132904
          90    -7.54607    -7.54715  0.00131425
          91    -7.55101    -7.54719  0.00130042
          92    -7.54847     -7.5472  0.00128628
          93    -7.54821    -7.54721  0.00127242
          94    -7.54667    -7.54721  0.00125883
          95    -7.53751     -7.5471  0.00124968
          96     -7.5532    -7.54717  0.00123822
          97    -7.55535    -7.54725  0.00122829
          98     -7.5587    -7.54737   0.0012213
          99    -7.54648    -7.54736  0.00120893
         100    -7.52373    -7.54712  0.00121989
