0 0 0 0 
1 0.0230664 0 0 
2 0.0461329 0 0 
3 0.0691993 0 0 
4 0.0922657 0 0 
5 0.115332 0 0 
6 0.138399 0 0 
7 0.161465 0 0 
8 0.184531 0 0 
9 0.207598 0 0 
10 0.230664 0 0 
11 0.253731 0 0 
12 0.276797 0 0 
13 0.299864 0 0 
14 0.32293 0 0 
15 0.345996 0 0 
16 0.369063 0 0 
17 0.392129 0 0 
18 0.415196 0 0 
19 0.438262 0 0 
20 0.461329 0 0 
21 0.484395 0 0 
22 0.507461 0 0 
23 0.530528 0 0 
24 0.553594 0 0 
25 0.576661 0 0 
26 0.599727 0 0 
27 0.622794 0 0 
28 0.64586 0 0 
29 0.668926 0 0 
30 0.691993 0 0 
31 0.715059 0 0 
32 0.738126 0 0 
33 0.761192 0 0 
34 0.784259 0 0 
35 0.807325 0 0 
36 0.830391 0 0 
37 0.853458 0 0 
38 0.876524 9.86783e-05 1.43598e-05 
39 0.899591 0.00331957 7.59e-05 
40 0.922657 0.0473351 0.000322105 
41 0.945724 0.293903 0.000995509 
42 0.96879 1.0055 0.00198592 
43 0.991856 2.23732 0.00275003 
44 1.01492 3.62305 0.00230759 
45 1.03799 4.62111 0.00229686 
46 1.06106 4.8973 0.00341933 
47 1.08412 4.49486 0.00366589 
48 1.10719 3.65981 0.00329167 
49 1.13026 2.69636 0.00212468 
50 1.15332 1.81556 0.00151754 
51 1.17639 1.13079 0.00133052 
52 1.19945 0.652694 0.00129848 
53 1.22252 0.352877 0.00110819 
54 1.24559 0.179567 0.000822153 
55 1.26865 0.0881143 0.000607384 
56 1.29172 0.0485614 0.000473883 
57 1.31479 0.0419371 0.000452708 
58 1.33785 0.0599067 0.000476322 
59 1.36092 0.105536 0.000572009 
60 1.38399 0.183554 0.000668933 
61 1.40705 0.299324 0.000750834 
62 1.43012 0.453165 0.000630297 
63 1.45319 0.628923 0.000632039 
64 1.47625 0.797952 0.000855724 
65 1.49932 0.922899 0.00137221 
66 1.52238 0.971825 0.00143894 
67 1.54545 0.929811 0.00132567 
68 1.56852 0.808857 0.000935289 
69 1.59158 0.64134 0.000692124 
70 1.61465 0.465019 0.00061657 
71 1.63772 0.316304 0.000701584 
72 1.66078 0.21889 0.000788223 
73 1.68385 0.19159 0.000970921 
74 1.70692 0.254821 0.00114127 
75 1.72998 0.433128 0.00125592 
76 1.75305 0.748238 0.00127 
77 1.77612 1.1978 0.00114873 
78 1.79918 1.72948 0.00089911 
79 1.82225 2.23517 0.00125825 
80 1.84531 2.59643 0.00210057 
81 1.86838 2.7141 0.00271488 
82 1.89145 2.55835 0.00255415 
83 1.91451 2.18186 0.00169064 
84 1.93758 1.69051 0.00087745 
85 1.96065 1.20038 0.000844632 
86 1.98371 0.801563 0.00120553 
87 2.00678 0.541707 0.00140069 
88 2.02985 0.4338 0.00134576 
89 2.05291 0.460791 0.00115984 
90 2.07598 0.5859 0.000755382 
91 2.09905 0.758421 0.000548112 
92 2.12211 0.917715 0.000688564 
93 2.14518 1.01468 0.000911307 
94 2.16824 1.02176 0.00111258 
95 2.19131 0.919723 0.000799758 
96 2.21438 0.780896 0.000534889 
97 2.23744 0.653358 0.000687902 
98 2.26051 0.571489 0.00111501 
99 2.28358 0.571914 0.00128635 
