1      0.423346      0.423346             0
2      0.420127      0.421736     0.0016095
3      0.412759      0.418744    0.00313331
4      0.420068      0.419075    0.00224017
5       0.42395       0.42005    0.00199042
6      0.425657      0.420984    0.00187469
7      0.421437      0.421049    0.00158572
8      0.425539       0.42161    0.00148356
9      0.422119      0.421667    0.00130959
10      0.417217      0.421222    0.00125299
11      0.419421      0.421058    0.00114513
12      0.415149      0.420566    0.00115554
13      0.418414        0.4204    0.00107575
14      0.416441      0.420117    0.00103533
15       0.42484      0.420432    0.00101395
16      0.421689      0.420511    0.00095171
17      0.421311      0.420558   0.000895216
18       0.42232      0.420656   0.000849676
19      0.421275      0.420688   0.000804374
20      0.424189      0.420863   0.000782914
21      0.421762      0.420906   0.000745928
22      0.417082      0.420732   0.000732147
23      0.422626      0.420815   0.000704419
24      0.420082      0.420784   0.000675121
25      0.415599      0.420577   0.000679961
26       0.41902      0.420517   0.000656022
27      0.422024      0.420573   0.000633722
28      0.422057      0.420626   0.000612965
29      0.420137      0.420609   0.000591691
30      0.418292      0.420532   0.000576819
31      0.422978      0.420611   0.000563454
32      0.415527      0.420452   0.000568218
33      0.419747       0.42043   0.000551143
34      0.418326      0.420368   0.000538258
35      0.416177      0.420249   0.000536195
36      0.419248      0.420221   0.000521829
37      0.419745      0.420208   0.000507692
38      0.411834      0.419988   0.000541061
39      0.425228      0.420122   0.000543865
40      0.423492      0.420206   0.000536748
41      0.419311      0.420184   0.000523948
42      0.421024      0.420204   0.000511712
43      0.422361      0.420255   0.000502181
44      0.421703      0.420288   0.000491738
45      0.421683      0.420319   0.000481685
46      0.420486      0.420322   0.000471112
47      0.427519      0.420475   0.000485745
48      0.412613      0.420311   0.000502939
49      0.416845      0.420241   0.000497623
50      0.423009      0.420296   0.000490702
51      0.418401      0.420259   0.000482418
52       0.42064      0.420266   0.000473106
53      0.415283      0.420172   0.000473524
54       0.42113       0.42019    0.00046501
55      0.419277      0.420173   0.000456779
56      0.419341      0.420158   0.000448794
57      0.418805      0.420135   0.000441489
58      0.417217      0.420084   0.000436717
59      0.420071      0.420084   0.000429252
60      0.425392      0.420173   0.000431208
61      0.413199      0.420058   0.000439217
62      0.419662      0.420052   0.000432122
63      0.416908      0.420002   0.000428127
64      0.420878      0.420016   0.000421606
65      0.420862      0.420029   0.000415274
66      0.417394      0.419989   0.000410877
67      0.420705          0.42   0.000404839
68      0.427671      0.420112   0.000414488
69      0.424291      0.420173   0.000412903
70      0.421364       0.42019   0.000407317
71      0.418649      0.420168   0.000402125
72      0.418604      0.420146   0.000397096
73      0.418833      0.420129   0.000392031
74      0.423774      0.420178   0.000389822
75      0.416544      0.420129    0.00038763
76       0.42042      0.420133   0.000382514
77      0.423627      0.420179   0.000380231
78      0.421913      0.420201   0.000375982
79       0.42154      0.420218   0.000371579
80      0.422182      0.420242   0.000367726
81       0.41685        0.4202   0.000365564
82      0.413651       0.42012   0.000369808
83      0.419135      0.420109   0.000365518
84      0.421807      0.420129   0.000361706
85      0.421434      0.420144   0.000357755
86      0.421668      0.420162   0.000354014
87      0.419962       0.42016   0.000349929
88      0.419353       0.42015   0.000346051
89      0.418178      0.420128   0.000342858
90      0.417645      0.420101   0.000340148
91      0.414831      0.420043   0.000341337
92       0.41663      0.420006   0.000339639
93      0.424242      0.420051   0.000339041
94      0.418757      0.420037   0.000335697
95      0.430659      0.420149   0.000350459
96      0.421312      0.420161      0.000347
97      0.421135      0.420171   0.000343551
98      0.422905      0.420199   0.000341169
99      0.419062      0.420188   0.000337901
100      0.419887      0.420185   0.000334518
