1       7.38309       7.38309             0
2       7.41606       7.39957     0.0164852
3       7.40395       7.40103    0.00962864
4       7.61231       7.45385      0.053256
5       7.33239       7.42956      0.047873
6        7.5602       7.45133     0.0447431
7       7.27222       7.42575     0.0456579
8       7.40316       7.42292     0.0396416
9       7.17189       7.39503     0.0447241
10       7.24773        7.3803     0.0426282
11         7.368       7.37918     0.0385749
12       7.27849       7.37079     0.0361998
13       7.49492       7.38034      0.034641
14       7.46413       7.38632      0.032625
15       7.54806       7.39711     0.0322293
16        7.5035       7.40376     0.0308724
17       7.30212       7.39778     0.0296094
18       7.17833       7.38559     0.0304621
19       7.51624       7.39246     0.0296235
20       7.25784       7.38573     0.0288981
21       7.35856       7.38444      0.027518
22       7.43795       7.38687     0.0263499
23       7.35362       7.38542     0.0252197
24         7.071       7.37232     0.0274712
25       7.43861       7.37497     0.0264825
26       7.13097       7.36559     0.0271192
27       7.44453       7.36851     0.0262587
28       7.22581       7.36342     0.0258117
29        7.3908       7.36436     0.0249236
30       7.31261       7.36264     0.0241402
31       7.43481       7.36496     0.0234643
32       7.49317       7.36897     0.0230698
33       7.40862       7.37017     0.0223921
34        7.4517       7.37257     0.0218554
35       7.45014       7.37479     0.0213372
36       7.21896       7.37046      0.021183
37       7.39447       7.37111     0.0206128
38       7.46388       7.37355      0.020211
39       7.46841       7.37598     0.0198356
40       7.38766       7.37627     0.0193356
41       7.47732       7.37874     0.0190185
42         7.456       7.38058     0.0186511
43        7.3907       7.38081     0.0182137
44       7.36983       7.38056     0.0177967
45       7.31645       7.37914     0.0174549
46       7.15849       7.37434     0.0177324
47       7.41532       7.37521     0.0173729
48       7.23432       7.37228     0.0172585
49       7.25831       7.36995     0.0170619
50       7.51843       7.37292     0.0169789
51       7.45415       7.37451     0.0167187
52       7.49061       7.37675     0.0165454
53       7.52758       7.37959     0.0164778
54       7.41961       7.38033     0.0161867
55         7.253       7.37802     0.0160575
56       7.45295       7.37936     0.0158248
57       7.28868       7.37777     0.0156259
58       7.36827        7.3776      0.015355
59       7.26266       7.37565     0.0152177
60       7.51249       7.37793     0.0151348
61       7.27707       7.37628     0.0149762
62       7.36906       7.37616     0.0147331
63       7.31569        7.3752     0.0145291
64        7.4573       7.37649     0.0143577
65       7.44096       7.37748     0.0141698
66       7.30089       7.37632     0.0140017
67       7.42281       7.37701     0.0138085
68       7.54983       7.37955     0.0138393
69       7.48308       7.38105     0.0137196
70       7.47035       7.38233     0.0135822
71       7.37439       7.38222       0.01339
72       7.33013       7.38149     0.0132225
73       7.21551       7.37922     0.0132369
74       7.29092       7.37803     0.0131112
75       7.41458       7.37851     0.0129444
76       7.18629       7.37599     0.0130209
77       7.40686       7.37639      0.012857
78       7.52639       7.37831      0.012836
79       7.42742       7.37893     0.0126877
80       7.51399       7.38062     0.0126413
81       7.47901       7.38183     0.0125432
82        7.2216       7.37988     0.0125425
83       7.24877        7.3783     0.0124907
84       7.40798       7.37865     0.0123462
85       7.39877       7.37889     0.0122024
86       7.33485       7.37838     0.0120705
87       7.63658       7.38135     0.0122946
88       7.56591       7.38344     0.0123337
89       7.34681       7.38303     0.0122013
90       7.34247       7.38258     0.0120733
91       7.19915       7.38057     0.0121089
92       7.28097       7.37948     0.0120254
93       7.43528       7.38008     0.0119105
94       7.46251       7.38096     0.0118157
95       7.42794       7.38145     0.0117011
96       7.53314       7.38303     0.0116859
97       7.51452       7.38439      0.011644
98       7.30469       7.38358     0.0115532
99       7.29938       7.38273     0.0114675
100       7.38604       7.38276     0.0113523
