1      0.161618      0.161618             0
2      0.135821       0.14872     0.0128988
3      0.137076      0.144839    0.00839776
4      0.143197      0.144428    0.00595228
5      0.143836       0.14431    0.00461214
6      0.147068      0.144769    0.00379374
7       0.13625      0.143552    0.00342953
8       0.15169      0.144569    0.00313941
9      0.150518       0.14523    0.00284651
10      0.151675      0.145875    0.00262629
11      0.145126      0.145807    0.00237655
12      0.134276      0.144846    0.00237275
13      0.144823      0.144844    0.00218262
14        0.1404      0.144527     0.0020455
15      0.156125        0.1453    0.00205525
16      0.136677      0.144761    0.00199661
17      0.142434      0.144624    0.00188048
18      0.159456      0.145448    0.00195505
19      0.143902      0.145367    0.00185108
20      0.149065      0.145552     0.0017658
21      0.137822      0.145184    0.00171947
22      0.147054      0.145269    0.00164165
23      0.139249      0.145007    0.00159033
24      0.158161      0.145555    0.00161827
25      0.143609      0.145477    0.00155414
26      0.136279      0.145123    0.00153451
27      0.151274      0.145351    0.00149405
28      0.140405      0.145174     0.0014505
29      0.136407      0.144872    0.00143187
30      0.141326      0.144754    0.00138836
31      0.143657      0.144719     0.0013433
32       0.14246      0.144648    0.00130255
33      0.160902      0.145141    0.00135515
34      0.143444      0.145091    0.00131563
35      0.142331      0.145012    0.00127992
36      0.144633      0.145001     0.0012439
37      0.143064      0.144949    0.00121095
38      0.148004      0.145029    0.00118139
39      0.145722      0.145047    0.00115084
40      0.148792      0.145141     0.0011256
41      0.144003      0.145113    0.00109815
42      0.150138      0.145233    0.00107834
43      0.150589      0.145357    0.00106031
44      0.146134      0.145375    0.00103608
45      0.146623      0.145403    0.00101318
46      0.148252      0.145464   0.000992841
47      0.134398      0.145229   0.000999614
48      0.148658        0.1453   0.000981172
49      0.133576      0.145061   0.000990283
50      0.147238      0.145105   0.000971251
51      0.140284       0.14501   0.000956699
52      0.151383      0.145133   0.000946091
53      0.140642      0.145048   0.000931928
54      0.151595      0.145169   0.000922509
55      0.144562      0.145158   0.000905648
56      0.146862      0.145189   0.000889849
57      0.155392      0.145368   0.000892239
58       0.14825      0.145417   0.000878128
59      0.133758       0.14522    0.00088545
60      0.140243      0.145137    0.00087451
61      0.145224      0.145138   0.000860055
62      0.147053      0.145169   0.000846633
63      0.148516      0.145222   0.000834778
64      0.146951      0.145249   0.000822075
65      0.141955      0.145199   0.000810914
66      0.147141      0.145228   0.000799075
67        0.1526      0.145338   0.000794712
68      0.143101      0.145305   0.000783629
69      0.141084      0.145244   0.000774608
70      0.146796      0.145266   0.000763783
71      0.143771      0.145245   0.000753243
72      0.140853      0.145184   0.000745209
73      0.143232      0.145157   0.000735415
74      0.147558       0.14519   0.000726134
75      0.147376      0.145219    0.00071698
76       0.13629      0.145101   0.000717172
77      0.134905      0.144969   0.000720077
78      0.154304      0.145089   0.000720791
79      0.153536      0.145196   0.000719598
80       0.15049      0.145262   0.000713621
81      0.143581      0.145241   0.000705061
82      0.146516      0.145257   0.000696583
83       0.15823      0.145413   0.000705669
84      0.149403       0.14546   0.000698834
85      0.139344      0.145388   0.000694302
86      0.139872      0.145324   0.000689173
87      0.128207      0.145128   0.000709049
88      0.143201      0.145106   0.000701287
89      0.143114      0.145083   0.000693723
90      0.142645      0.145056   0.000686507
91      0.140124      0.145002   0.000681081
92      0.137685      0.144922   0.000678317
93      0.160965      0.145095   0.000692803
94      0.140663      0.145048   0.000687013
95      0.146996      0.145068   0.000680052
96      0.133136      0.144944   0.000684314
97      0.144095      0.144935   0.000677279
98      0.164552      0.145135   0.000699582
99      0.135321      0.145036   0.000699539
100      0.142916      0.145015   0.000692833
