1     -0.761706     -0.761706             0
2     -0.761648     -0.761677      2.92e-05
3     -0.761534      -0.76163   5.04973e-05
4     -0.762602     -0.761873   0.000245807
5     -0.761937     -0.761886   0.000190831
6     -0.761019     -0.761741   0.000212436
7      -0.76095     -0.761628   0.000212187
8     -0.761289     -0.761586   0.000188591
9     -0.760244     -0.761437   0.000223354
10     -0.761227     -0.761416   0.000200869
11     -0.762218     -0.761489   0.000195772
12     -0.761103     -0.761456   0.000181578
13     -0.760696     -0.761398   0.000176975
14     -0.762059     -0.761445   0.000170518
15     -0.760743     -0.761398   0.000165499
16     -0.761928     -0.761431   0.000158309
17     -0.761078     -0.761411   0.000150149
18     -0.760034     -0.761334   0.000160892
19     -0.761464     -0.761341   0.000152342
20      -0.76043     -0.761296   0.000151528
21     -0.761115     -0.761287   0.000144387
22     -0.762053     -0.761322   0.000142001
23     -0.762107     -0.761356   0.000139918
24     -0.759832     -0.761292   0.000148248
25     -0.762138     -0.761326   0.000146158
26     -0.760109     -0.761279   0.000148025
27     -0.760532     -0.761252   0.000145102
28     -0.760956     -0.761241   0.000140222
29     -0.761272     -0.761242   0.000135305
30     -0.760933     -0.761232   0.000131123
31     -0.761549     -0.761242   0.000127234
32     -0.762436     -0.761279   0.000128719
33     -0.762206     -0.761308   0.000127875
34     -0.763281     -0.761366   0.000136962
35      -0.76255     -0.761399   0.000137227
36     -0.760755     -0.761381   0.000134556
37     -0.761354     -0.761381    0.00013087
38     -0.761804     -0.761392   0.000127866
39      -0.76081     -0.761377   0.000125436
40     -0.761378     -0.761377    0.00012226
41     -0.761524     -0.761381   0.000119294
42     -0.761697     -0.761388   0.000116663
43     -0.762678     -0.761418   0.000117803
44     -0.760613       -0.7614   0.000116541
45     -0.759939     -0.761367   0.000118455
46     -0.760722     -0.761353   0.000116699
47     -0.761586     -0.761358   0.000114297
48     -0.760534     -0.761341   0.000113199
49     -0.760841     -0.761331   0.000111334
50     -0.761535     -0.761335   0.000109161
51      -0.76189     -0.761346    0.00010755
52     -0.762149     -0.761361   0.000106586
53      -0.76347     -0.761401   0.000111873
54     -0.760874     -0.761391   0.000110214
55     -0.761675     -0.761397   0.000108314
56     -0.762007     -0.761407    0.00010692
57     -0.762062     -0.761419   0.000105653
58     -0.761532     -0.761421   0.000103834
59     -0.760349     -0.761403   0.000103663
60     -0.762292     -0.761417   0.000102993
61     -0.761756     -0.761423   0.000101443
62     -0.761257      -0.76142   9.98291e-05
63     -0.761322     -0.761419    9.8244e-05
64     -0.762835     -0.761441    9.9197e-05
65     -0.761745     -0.761446   9.77708e-05
66     -0.761298     -0.761443   9.63042e-05
67     -0.761202      -0.76144   9.49241e-05
68      -0.76101     -0.761433   9.37306e-05
69     -0.762248     -0.761445   9.31136e-05
70     -0.761821     -0.761451   9.19304e-05
71     -0.761623     -0.761453    9.0659e-05
72     -0.761685     -0.761456   8.94489e-05
73     -0.760698     -0.761446   8.88238e-05
74     -0.761177     -0.761442   8.76907e-05
75     -0.762117     -0.761451   8.69799e-05
76     -0.761494     -0.761452   8.58296e-05
77     -0.762126     -0.761461   8.51595e-05
78      -0.76122     -0.761457   8.41172e-05
79     -0.761872     -0.761463   8.32111e-05
80     -0.761622     -0.761465   8.21884e-05
81     -0.761898      -0.76147   8.13431e-05
82     -0.761543     -0.761471     8.035e-05
83     -0.761666     -0.761473   7.94109e-05
84     -0.761142     -0.761469   7.85592e-05
85     -0.762071     -0.761476   7.79517e-05
86     -0.762411     -0.761487   7.78029e-05
87     -0.761098     -0.761483   7.70332e-05
88     -0.761894     -0.761488   7.62963e-05
89     -0.761984     -0.761493   7.56401e-05
90      -0.76101     -0.761488   7.49876e-05
91     -0.759609     -0.761467   7.69798e-05
92      -0.76095     -0.761461   7.63459e-05
93     -0.761142     -0.761458   7.55984e-05
94     -0.761566     -0.761459   7.47987e-05
95      -0.76177     -0.761462   7.40793e-05
96     -0.761102     -0.761459   7.33999e-05
97     -0.761811     -0.761462   7.27301e-05
98     -0.760526     -0.761453   7.26149e-05
99     -0.762028     -0.761459   7.21121e-05
100     -0.761741     -0.761461   7.14431e-05
