1       2.51941       2.51941             0
2       2.56133       2.54037     0.0209627
3       2.50609       2.52894     0.0166452
4       2.51888       2.52643     0.0120356
5       2.50184       2.52151     0.0105399
6        2.5246       2.52203    0.00862116
7       2.52444       2.52237    0.00729435
8       2.53295       2.52369    0.00645397
9       2.55169        2.5268    0.00648631
10       2.51361       2.52548    0.00594964
11       2.51813       2.52481    0.00542304
12       2.50491       2.52316    0.00522111
13       2.56491       2.52637    0.00577777
14       2.53325       2.52686    0.00537172
15       2.50239       2.52523    0.00526012
16       2.53096       2.52559    0.00493344
17       2.54375       2.52666    0.00475573
18       2.53296       2.52701    0.00449743
19       2.53503       2.52743    0.00427504
20       2.54672       2.52839    0.00416876
21       2.50019       2.52705    0.00418648
22       2.54096       2.52768    0.00404139
23        2.5031       2.52661     0.0040069
24       2.54666       2.52745    0.00392621
25       2.47482       2.52534     0.0043143
26       2.54451       2.52608     0.0042101
27        2.5493       2.52694    0.00414147
28        2.5194       2.52667    0.00399989
29       2.54058       2.52715    0.00388918
30       2.52405       2.52705    0.00375873
31       2.52886       2.52711    0.00363593
32       2.54942        2.5278     0.0035889
33       2.55081        2.5285    0.00354762
34       2.51124       2.52799    0.00347896
35       2.54935        2.5286    0.00343279
36       2.51239       2.52815    0.00336632
37       2.54232       2.52854    0.00329641
38       2.48001       2.52726    0.00345325
39       2.53971       2.52758    0.00337865
40       2.54708       2.52807    0.00332899
41       2.54686       2.52852    0.00327899
42       2.50687       2.52801    0.00324122
43       2.53381       2.52814    0.00316782
44       2.52588       2.52809    0.00309542
45       2.52993       2.52813    0.00302612
46       2.52638       2.52809    0.00295985
47       2.54691       2.52849    0.00292373
48       2.53329       2.52859    0.00286391
49       2.51076       2.52823    0.00282837
50       2.56878       2.52904    0.00288747
51       2.53173       2.52909    0.00283078
52       2.55376       2.52957    0.00281605
53       2.53001       2.52958    0.00276242
54       2.54379       2.52984    0.00272352
55       2.55021       2.53021    0.00269907
56       2.48939       2.52948    0.00274884
57       2.52086       2.52933    0.00270441
58       2.52063       2.52918    0.00266161
59       2.54032       2.52937    0.00262292
60       2.53393       2.52945    0.00257995
61       2.51676       2.52924    0.00254581
62       2.52444       2.52916     0.0025056
63       2.51808       2.52898    0.00247177
64        2.5343       2.52907    0.00243426
65       2.53757        2.5292    0.00240008
66       2.51357       2.52896    0.00237528
67       2.53472       2.52905    0.00234114
68       2.51668       2.52887    0.00231361
69       2.54306       2.52907    0.00228909
70       2.54282       2.52927    0.00226469
71        2.5214       2.52916    0.00223531
72        2.5424       2.52934    0.00221171
73        2.5217       2.52924    0.00218371
74       2.49987       2.52884    0.00219024
75       2.56006       2.52926    0.00220057
76       2.50321       2.52891    0.00219831
77       2.53217       2.52895    0.00216998
78       2.51775       2.52881    0.00214679
79       2.51976        2.5287    0.00212254
80       2.54943       2.52896    0.00211181
81       2.56662       2.52942    0.00213679
82        2.5461       2.52962    0.00212034
83       2.53916       2.52974    0.00209779
84       2.53249       2.52977    0.00207292
85       2.53605       2.52985    0.00204972
86       2.55883       2.53018     0.0020536
87       2.51764       2.53004    0.00203498
88       2.52148       2.52994    0.00201407
89       2.52637        2.5299    0.00199171
90       2.51893       2.52978    0.00197323
91       2.57815       2.53031    0.00202251
92       2.54434       2.53046    0.00200621
93       2.52151       2.53037    0.00198686
94       2.53702       2.53044    0.00196688
95       2.53282       2.53046    0.00194623
96       2.49801       2.53012    0.00195529
97       2.50734       2.52989    0.00194923
98       2.52638       2.52985    0.00192957
99       2.54161       2.52997    0.00191367
100       2.52551       2.52993    0.00189496
