1      0.292955      0.292955             0
2      0.295021      0.293988    0.00103276
3      0.293545       0.29384   0.000614269
4      0.292459      0.293495   0.000554928
5      0.293595      0.293515   0.000430316
6      0.293749      0.293554   0.000353509
7      0.293889      0.293602   0.000302573
8      0.296661      0.293984   0.000463528
9      0.294778      0.294072   0.000418198
10      0.296209      0.294286   0.000430763
11      0.291865      0.294066   0.000447506
12      0.293208      0.293994   0.000414725
13      0.294352      0.294022   0.000382482
14      0.293754      0.294003   0.000354627
15      0.291541      0.293839   0.000368687
16      0.293618      0.293825   0.000345152
17      0.292652      0.293756   0.000331478
18      0.294591      0.293802   0.000315945
19      0.293398      0.293781   0.000299609
20      0.294796      0.293832   0.000288733
21      0.294298      0.293854   0.000275536
22      0.290881      0.293719   0.000295437
23      0.294078      0.293734   0.000282733
24      0.294048      0.293747   0.000271011
25      0.293817       0.29375    0.00025996
26      0.294879      0.293794   0.000253509
27      0.293811      0.293794    0.00024394
28      0.294091      0.293805   0.000235305
29      0.295844      0.293875   0.000237681
30      0.293941      0.293877   0.000229632
31      0.292735      0.293841   0.000225136
32      0.292958      0.293813   0.000219724
33      0.292037      0.293759   0.000219659
34      0.293776       0.29376   0.000213101
35      0.292665      0.293728   0.000209273
36      0.292436      0.293692   0.000206521
37      0.294417      0.293712   0.000201813
38      0.290682      0.293632   0.000212001
39      0.294257      0.293648   0.000207113
40      0.293702       0.29365   0.000201873
41      0.294365      0.293667   0.000197659
42      0.292648      0.293643   0.000194414
43      0.294403       0.29366   0.000190659
44      0.291889       0.29362   0.000190578
45      0.293222      0.293611   0.000186505
46      0.295047      0.293643   0.000185058
47      0.295026      0.293672   0.000183455
48       0.29209      0.293639   0.000182594
49      0.293196       0.29363   0.000179057
50      0.293486      0.293627   0.000175463
51      0.294924      0.293653   0.000173857
52      0.293644      0.293652   0.000170481
53      0.293148      0.293643   0.000167504
54      0.293413      0.293639   0.000164428
55      0.291976      0.293608   0.000164217
56      0.291465       0.29357   0.000165737
57      0.295712      0.293608   0.000167085
58      0.296554      0.293659   0.000171857
59      0.296342      0.293704   0.000174936
60      0.294578      0.293719   0.000172611
61       0.29314      0.293709   0.000170022
62      0.293243      0.293702   0.000167427
63      0.295571      0.293731     0.0001674
64       0.29333      0.293725   0.000164882
65      0.295187      0.293747   0.000163877
66      0.293199      0.293739   0.000161588
67      0.291144        0.2937   0.000163802
68      0.290623      0.293655     0.0001676
69      0.291895       0.29363   0.000167112
70      0.292374      0.293612   0.000165681
71      0.293949      0.293616     0.0001634
72      0.290984       0.29358   0.000165212
73      0.295384      0.293605   0.000164796
74      0.292953      0.293596   0.000162793
75      0.291776      0.293572    0.00016243
76      0.294868      0.293589   0.000161184
77      0.293791      0.293591   0.000159099
78      0.293968      0.293596    0.00015712
79      0.293202      0.293591   0.000155199
80      0.294427      0.293602   0.000153602
81      0.294338      0.293611   0.000151966
82      0.294069      0.293616   0.000150206
83      0.290872      0.293583   0.000152024
84      0.292276      0.293568   0.000151007
85       0.29312      0.293562   0.000149312
86      0.295337      0.293583   0.000149002
87      0.292453       0.29357   0.000147851
88      0.294053      0.293575   0.000146264
89      0.294193      0.293582   0.000144777
90      0.293214      0.293578   0.000143218
91      0.293331      0.293576   0.000141662
92      0.294641      0.293587   0.000140591
93      0.294655      0.293599   0.000139544
94      0.292931      0.293592   0.000138234
95        0.2938      0.293594   0.000136788
96      0.295038      0.293609   0.000136189
97      0.292077      0.293593     0.0001357
98      0.296085      0.293618   0.000136694
99      0.293846      0.293621   0.000135326
100      0.293169      0.293616   0.000134042
