1     -0.581999     -0.581999             0
2     -0.582618     -0.582309     0.0003096
3     -0.581614     -0.582077   0.000292662
4     -0.582304     -0.582134   0.000214579
5     -0.583017      -0.58231   0.000242516
6     -0.582958     -0.582418   0.000225551
7     -0.582748     -0.582465   0.000196355
8     -0.582659      -0.58249   0.000171764
9     -0.584078     -0.582666   0.000232541
10     -0.583162     -0.582716   0.000213811
11     -0.582822     -0.582725   0.000193642
12     -0.582614     -0.582716   0.000177016
13     -0.582502       -0.5827   0.000163658
14     -0.583458     -0.582754    0.00016092
15     -0.582458     -0.582734   0.000151104
16     -0.582754     -0.582735   0.000141351
17     -0.582706     -0.582734   0.000132787
18     -0.583444     -0.582773   0.000131267
19     -0.583046     -0.582787   0.000124992
20     -0.582899     -0.582793   0.000118709
21     -0.582005     -0.582755    0.00011899
22     -0.581772     -0.582711   0.000121942
23     -0.582819     -0.582715   0.000116615
24     -0.583943     -0.582767   0.000122811
25     -0.583202     -0.582784   0.000119079
26     -0.582413      -0.58277   0.000115295
27     -0.583494     -0.582797   0.000114136
28       -0.5821     -0.582772   0.000112762
29     -0.583394     -0.582793   0.000110898
30     -0.583385     -0.582813   0.000108937
31     -0.582523     -0.582804   0.000105778
32     -0.583034     -0.582811   0.000102671
33     -0.582692     -0.582807   9.95765e-05
34     -0.582609     -0.582801   9.67793e-05
35      -0.58259     -0.582795   9.41665e-05
36     -0.582524     -0.582788   9.18231e-05
37     -0.582226     -0.582773     9.059e-05
38      -0.58319     -0.582784   8.88543e-05
39     -0.582603     -0.582779   8.66694e-05
40     -0.583231      -0.58279   8.52283e-05
41     -0.582977     -0.582795   8.32481e-05
42     -0.582813     -0.582795    8.1243e-05
43     -0.582526     -0.582789   7.95784e-05
44     -0.581853     -0.582768   8.06071e-05
45      -0.58289      -0.58277   7.88421e-05
46     -0.582854     -0.582772   7.71304e-05
47      -0.58225     -0.582761   7.62835e-05
48     -0.583062     -0.582767   7.49408e-05
49     -0.582811     -0.582768   7.34009e-05
50     -0.582962     -0.582772   7.20227e-05
51     -0.582499     -0.582767   7.07989e-05
52     -0.582181     -0.582755   7.03326e-05
53     -0.583076     -0.582762   6.92573e-05
54     -0.582889     -0.582764   6.80035e-05
55     -0.583001     -0.582768   6.68945e-05
56        -0.583     -0.582772   6.58193e-05
57      -0.58335     -0.582782   6.54448e-05
58     -0.583235      -0.58279   6.47785e-05
59     -0.582358     -0.582783   6.40921e-05
60     -0.583135     -0.582789   6.32877e-05
61     -0.582852      -0.58279   6.22502e-05
62     -0.583022     -0.582794   6.13527e-05
63     -0.582982     -0.582797   6.04447e-05
64      -0.58307     -0.582801   5.96463e-05
65     -0.582848     -0.582802    5.8726e-05
66     -0.581921     -0.582788   5.93493e-05
67     -0.583432     -0.582798   5.92411e-05
68     -0.582624     -0.582795   5.84194e-05
69     -0.582621     -0.582793    5.7622e-05
70      -0.58354     -0.582803   5.77874e-05
71     -0.582226     -0.582795   5.75445e-05
72     -0.582738     -0.582795   5.67453e-05
73     -0.582721     -0.582794   5.59717e-05
74     -0.582796     -0.582794   5.52102e-05
75     -0.584052      -0.58281    5.6995e-05
76     -0.582563     -0.582807   5.63339e-05
77     -0.582945     -0.582809   5.56263e-05
78     -0.581424     -0.582791   5.77076e-05
79     -0.582446     -0.582787   5.71393e-05
80     -0.582658     -0.582785   5.64436e-05
81     -0.582722     -0.582784   5.57478e-05
82     -0.583256      -0.58279   5.53634e-05
83     -0.583538     -0.582799   5.54288e-05
84     -0.583763     -0.582811   5.59547e-05
85     -0.582872     -0.582811   5.52972e-05
86      -0.58332     -0.582817   5.49696e-05
87     -0.582747     -0.582816     5.434e-05
88     -0.582542     -0.582813   5.38092e-05
89     -0.582978     -0.582815   5.32332e-05
90     -0.582802     -0.582815   5.26386e-05
91     -0.582465     -0.582811    5.2199e-05
92     -0.583676     -0.582821   5.24773e-05
93     -0.582275     -0.582815   5.22401e-05
94      -0.58314     -0.582818   5.17971e-05
95     -0.582797     -0.582818   5.12495e-05
96     -0.582582     -0.582815   5.07726e-05
97     -0.583194     -0.582819   5.03974e-05
98     -0.583177     -0.582823   5.00137e-05
99      -0.58293     -0.582824   4.95178e-05
100     -0.583072     -0.582827   4.90827e-05
