1      0.052868      0.052868             0
2     0.0467504     0.0498092     0.0030588
3     0.0524396      0.050686    0.00197168
4      0.055694      0.051938    0.00187384
5     0.0543148     0.0524134    0.00152733
6     0.0502072     0.0520457    0.00130013
7     0.0537048     0.0522827    0.00112409
8     0.0536788     0.0524572   0.000989007
9      0.049538     0.0521328   0.000930579
10       0.04821     0.0517406   0.000920146
11     0.0502092     0.0516013   0.000843866
12     0.0544656       0.05184   0.000806472
13     0.0462648     0.0514112    0.00085689
14     0.0540592     0.0516003   0.000815562
15      0.054188     0.0517728   0.000778599
16     0.0481336     0.0515454   0.000763003
17     0.0518868     0.0515655   0.000716998
18     0.0581988      0.051934   0.000769917
19     0.0498988     0.0518269   0.000736103
20     0.0479188     0.0516315   0.000725152
21     0.0461648     0.0513711   0.000737245
22     0.0526304     0.0514284   0.000705262
23     0.0496868     0.0513527   0.000678142
24     0.0507224     0.0513264   0.000649802
25     0.0516316     0.0513386   0.000623388
26     0.0492868     0.0512597   0.000604109
27     0.0497204     0.0512027   0.000584093
28     0.0502184     0.0511675   0.000563943
29     0.0509152     0.0511588   0.000544218
30     0.0515736     0.0511727   0.000525947
31      0.047386     0.0510505   0.000523158
32     0.0483048     0.0509647   0.000513761
33      0.056028     0.0511181   0.000521052
34     0.0509256     0.0511125   0.000505526
35     0.0501784     0.0510858   0.000491595
36     0.0506736     0.0510743   0.000477882
37     0.0518076     0.0510942   0.000465209
38      0.050658     0.0510827   0.000452947
39     0.0563472     0.0512177   0.000461369
40     0.0459132      0.051085   0.000468833
41     0.0503468      0.051067   0.000457609
42     0.0534824     0.0511246   0.000450269
43       0.04854     0.0510644   0.000443762
44     0.0500512     0.0510414    0.00043417
45       0.04959     0.0510092   0.000425636
46      0.049582     0.0509781   0.000417435
47     0.0463232     0.0508791   0.000420293
48       0.04555     0.0507681    0.00042616
49      0.050532     0.0507633     0.0004174
50     0.0502352     0.0507527   0.000409103
51     0.0485012     0.0507085   0.000403424
52     0.0490596     0.0506768   0.000396858
53     0.0522796     0.0507071   0.000390471
54     0.0466268     0.0506315   0.000390551
55      0.051872     0.0506541   0.000384047
56      0.046174     0.0505741   0.000385519
57     0.0502244     0.0505679   0.000378745
58     0.0505596     0.0505678   0.000372158
59     0.0470412      0.050508   0.000370647
60      0.054474     0.0505741   0.000370363
61     0.0501484     0.0505671   0.000364308
62     0.0494672     0.0505494   0.000358823
63      0.052578     0.0505816   0.000354547
64     0.0464696     0.0505173   0.000354828
65     0.0511788     0.0505275   0.000349475
66     0.0491916     0.0505073   0.000344734
67     0.0496032     0.0504938   0.000339818
68     0.0478404     0.0504548   0.000337049
69     0.0472448     0.0504082   0.000335371
70     0.0482068     0.0503768   0.000332038
71     0.0568788     0.0504684   0.000339897
72     0.0473116     0.0504245   0.000337999
73     0.0491716     0.0504074   0.000333778
74      0.045586     0.0503422   0.000335621
75     0.0534864     0.0503841    0.00033376
76      0.048048     0.0503534    0.00033077
77       0.05203     0.0503752   0.000327171
78     0.0521644     0.0503981   0.000323763
79     0.0504284     0.0503985   0.000319639
80     0.0509624     0.0504055   0.000315697
81     0.0521384     0.0504269   0.000312508
82      0.052208     0.0504487   0.000309437
83     0.0483468     0.0504233   0.000306733
84      0.055058     0.0504785   0.000308041
85     0.0545792     0.0505268   0.000308195
86     0.0454648     0.0504679   0.000310225
87     0.0481132     0.0504408   0.000307831
88     0.0537256     0.0504782   0.000306593
89     0.0487784     0.0504591    0.00030373
90     0.0475116     0.0504263   0.000302116
91      0.047806     0.0503975   0.000300162
92      0.049058      0.050383   0.000297239
93     0.0550568     0.0504332   0.000298289
94       0.05225     0.0504525   0.000295731
95     0.0505964     0.0504541   0.000292606
96     0.0492816     0.0504418   0.000289799
97     0.0523144     0.0504611   0.000287445
98     0.0488208     0.0504444   0.000284989
99     0.0534716      0.050475   0.000283748
100     0.0507888     0.0504781   0.000280913
