1      -0.64659      -0.64659             0
2     -0.646879     -0.646735     0.0001444
3     -0.645329     -0.646266   0.000476024
4     -0.645849     -0.646162   0.000352399
5     -0.646918     -0.646313   0.000312104
6     -0.646473      -0.64634   0.000256217
7     -0.647046     -0.646441   0.000238919
8      -0.64652     -0.646451   0.000207147
9     -0.647456     -0.646562   0.000214135
10     -0.646868     -0.646593   0.000193952
11     -0.646854     -0.646617    0.00017703
12     -0.646044     -0.646569   0.000168503
13     -0.646279     -0.646547   0.000156593
14     -0.646702     -0.646558   0.000145404
15     -0.645567     -0.646492   0.000150612
16     -0.646678     -0.646503   0.000141363
17     -0.646343     -0.646494   0.000133121
18     -0.646995     -0.646522    0.00012856
19     -0.646274     -0.646509   0.000122305
20     -0.646271     -0.646497   0.000116635
21     -0.645907     -0.646469   0.000114439
22     -0.645092     -0.646406   0.000125785
23     -0.646601     -0.646415   0.000120489
24     -0.647943     -0.646478   0.000131774
25     -0.646369     -0.646474   0.000126469
26     -0.646482     -0.646474   0.000121508
27     -0.647284     -0.646504   0.000120706
28     -0.645298     -0.646461   0.000124032
29     -0.646917     -0.646477   0.000120706
30     -0.646363     -0.646473   0.000116674
31     -0.646598     -0.646477   0.000112919
32     -0.646889      -0.64649   0.000110088
33      -0.64638     -0.646487   0.000106752
34     -0.646247      -0.64648   0.000103804
35     -0.646287     -0.646474   0.000100944
36     -0.645667     -0.646452   0.000100628
37     -0.646346     -0.646449   9.79125e-05
38     -0.646726     -0.646456   9.55806e-05
39     -0.646667     -0.646462   9.32547e-05
40     -0.646558     -0.646464   9.09252e-05
41     -0.647007     -0.646477   8.96642e-05
42     -0.646423     -0.646476   8.75127e-05
43     -0.645907     -0.646463   8.64708e-05
44      -0.64564     -0.646444   8.65269e-05
45     -0.646287      -0.64644    8.4654e-05
46     -0.647021     -0.646453   8.37488e-05
47     -0.646806     -0.646461     8.229e-05
48     -0.647242     -0.646477   8.21841e-05
49     -0.645493     -0.646457   8.29571e-05
50     -0.646323     -0.646454   8.13249e-05
51     -0.646357     -0.646452   7.97372e-05
52     -0.646499     -0.646453    7.8194e-05
53     -0.646387     -0.646452   7.67145e-05
54     -0.646578     -0.646454   7.53169e-05
55     -0.647137     -0.646467   7.49692e-05
56      -0.64661     -0.646469   7.36626e-05
57     -0.647482     -0.646487   7.45101e-05
58     -0.646977     -0.646495   7.36997e-05
59      -0.64645     -0.646495   7.24439e-05
60      -0.64671     -0.646498   7.13164e-05
61     -0.646685     -0.646501   7.02042e-05
62     -0.646616     -0.646503   6.90873e-05
63      -0.64615     -0.646498    6.8212e-05
64     -0.647073     -0.646507   6.77368e-05
65     -0.646675     -0.646509    6.6737e-05
66     -0.645306     -0.646491   6.81978e-05
67     -0.647351     -0.646504   6.83885e-05
68     -0.645898     -0.646495   6.79608e-05
69     -0.647081     -0.646503   6.75049e-05
70     -0.646254       -0.6465   6.66292e-05
71     -0.645814      -0.64649   6.63911e-05
72     -0.646829     -0.646495   6.56314e-05
73     -0.646178      -0.64649    6.4871e-05
74     -0.646298     -0.646488   6.40414e-05
75     -0.647137     -0.646497   6.37715e-05
76     -0.646622     -0.646498   6.29483e-05
77     -0.647031     -0.646505     6.251e-05
78     -0.644871     -0.646484    6.5162e-05
79     -0.646531     -0.646485   6.43346e-05
80      -0.64662     -0.646486   6.35478e-05
81     -0.646514     -0.646487   6.27593e-05
82     -0.647318     -0.646497   6.28134e-05
83     -0.646789       -0.6465   6.21516e-05
84     -0.646585     -0.646501   6.14155e-05
85     -0.646022     -0.646496   6.09497e-05
86     -0.647502     -0.646507   6.13617e-05
87     -0.646647     -0.646509   6.06736e-05
88     -0.646366     -0.646507   6.00023e-05
89      -0.64667     -0.646509   5.93526e-05
90      -0.64643     -0.646508   5.86959e-05
91     -0.645914     -0.646502   5.84142e-05
92     -0.646447     -0.646501   5.77788e-05
93     -0.646299     -0.646499   5.71954e-05
94     -0.646526     -0.646499   5.65845e-05
95     -0.646109     -0.646495   5.61364e-05
96     -0.646279     -0.646493   5.55942e-05
97     -0.647461     -0.646503   5.59154e-05
98     -0.647272     -0.646511   5.58954e-05
99     -0.646981     -0.646516   5.55312e-05
100     -0.646666     -0.646517   5.49935e-05
