1        0.3448        0.3448             0
2      0.346749      0.345774   0.000974408
3      0.346877      0.346142   0.000672003
4      0.343558      0.345496   0.000801908
5      0.342097      0.344816   0.000920768
6      0.345675      0.344959   0.000765298
7       0.34515      0.344986   0.000647368
8      0.347194      0.345262   0.000624867
9      0.346568      0.345407   0.000569866
10      0.348056      0.345672   0.000574403
11      0.343487      0.345474   0.000556251
12      0.345409      0.345468   0.000507814
13      0.346535       0.34555   0.000474278
14      0.343847      0.345429   0.000455643
15      0.344141      0.345343   0.000432773
16       0.34233      0.345155    0.00044646
17      0.345534      0.345177   0.000419971
18       0.34622      0.345235   0.000400171
19      0.342819      0.345108   0.000399316
20      0.345982      0.345151   0.000381336
21      0.346613      0.345221   0.000369337
22      0.342371      0.345091   0.000375215
23      0.344163      0.345051   0.000360794
24      0.344067       0.34501   0.000347861
25      0.344445      0.344987    0.00033442
26      0.346921      0.345062   0.000329791
27      0.343985      0.345022   0.000319838
28      0.344107      0.344989   0.000309932
29      0.345268      0.344999   0.000299208
30      0.344372      0.344978   0.000289817
31      0.347944      0.345074   0.000296191
32      0.342348      0.344988   0.000299167
33      0.343218      0.344935   0.000294881
34      0.343824      0.344902   0.000287935
35      0.344582      0.344893   0.000279737
36      0.342105      0.344816   0.000282672
37      0.344412      0.344805   0.000275141
38      0.341005      0.344705   0.000285865
39      0.347136      0.344767   0.000285335
40       0.34332      0.344731   0.000280451
41       0.34642      0.344772   0.000276609
42      0.342156       0.34471   0.000277033
43      0.342701      0.344663    0.00027452
44       0.34197      0.344602   0.000275102
45      0.343836      0.344585   0.000269457
46      0.344092      0.344574   0.000263752
47      0.346157      0.344608   0.000260268
48      0.343071      0.344576    0.00025679
49      0.346313      0.344611   0.000253982
50      0.344463      0.344608   0.000248868
51       0.34779      0.344671   0.000251791
52      0.343801      0.344654   0.000247467
53      0.342329       0.34461   0.000246684
54       0.34658      0.344647   0.000244808
55      0.345259      0.344658   0.000240574
56      0.341676      0.344604   0.000242166
57       0.34586      0.344626   0.000238897
58      0.342607      0.344592    0.00023731
59      0.344608      0.344592   0.000233253
60      0.344851      0.344596   0.000229373
61      0.343456      0.344578   0.000226355
62      0.342661      0.344547   0.000224808
63      0.346704      0.344581   0.000223845
64      0.344184      0.344575   0.000220407
65      0.346588      0.344606   0.000219189
66      0.343263      0.344585   0.000216799
67      0.344331      0.344582   0.000213572
68      0.344332      0.344578    0.00021044
69      0.346446      0.344605   0.000209127
70      0.343818      0.344594   0.000206424
71      0.345694      0.344609   0.000204086
72      0.344622      0.344609   0.000201231
73      0.343547      0.344595   0.000198989
74      0.343722      0.344583   0.000196635
75      0.342487      0.344555   0.000195998
76      0.346094      0.344575   0.000194459
77      0.346853      0.344605   0.000194182
78      0.346852      0.344634   0.000193829
79      0.346156      0.344653   0.000192328
80      0.347257      0.344686   0.000192678
81      0.344269       0.34468   0.000190354
82      0.343917      0.344671   0.000188249
83      0.345085      0.344676   0.000186034
84      0.341076      0.344633   0.000188737
85      0.344232      0.344628   0.000186564
86      0.348801      0.344677   0.000190659
87      0.344096       0.34467   0.000188573
88       0.34606      0.344686   0.000187086
89       0.34573      0.344698   0.000185343
90      0.344119      0.344691   0.000183385
91      0.343532      0.344679   0.000181806
92      0.345116      0.344683   0.000179882
93      0.345907      0.344697   0.000178423
94      0.342753      0.344676   0.000177721
95      0.341614      0.344644    0.00017877
96      0.347111      0.344669   0.000178755
97      0.344317      0.344666    0.00017694
98      0.346455      0.344684   0.000176075
99       0.34406      0.344678   0.000174401
100      0.343392      0.344665   0.000173126
