1       3.56904       3.56904             0
2       3.66583       3.61744      0.048396
3       3.58936       3.60808     0.0294673
4        3.5992       3.60586     0.0209543
5       3.54541       3.59377     0.0202391
6        3.5573       3.58769     0.0176078
7       3.60413       3.59004     0.0150655
8       3.58367       3.58924     0.0130714
9       3.61048        3.5916     0.0117668
10       3.59169       3.59161     0.0105246
11       3.64113       3.59611     0.0105305
12       3.52908       3.59053     0.0111181
13       3.61292       3.59225     0.0103712
14       3.57431       3.59097    0.00968703
15       3.52817       3.58678    0.00994258
16       3.58709        3.5868    0.00930045
17       3.58285       3.58657    0.00873935
18       3.62144        3.5885    0.00846422
19       3.55634       3.58681    0.00818337
20       3.59028       3.58699    0.00776536
21       3.55659       3.58554    0.00752679
22         3.601       3.58624    0.00721084
23       3.59043       3.58642     0.0068926
24       3.61824       3.58775    0.00673103
25        3.4999       3.58423    0.00735052
26       3.58843        3.5844    0.00706399
27       3.61666       3.58559    0.00690154
28       3.55489       3.58449    0.00674027
29       3.59391       3.58482    0.00651179
30       3.54795       3.58359     0.0064099
31       3.56328       3.58294    0.00623419
32         3.621       3.58412    0.00615232
33       3.58573       3.58417    0.00596317
34       3.56911       3.58373    0.00580206
35       3.58277        3.5837    0.00563391
36       3.50669       3.58156    0.00587829
37       3.58119       3.58155    0.00571722
38       3.52698       3.58012    0.00574704
39       3.58933       3.58035    0.00560272
40       3.57572       3.58024    0.00546208
41       3.58317       3.58031    0.00532768
42       3.57129       3.58009    0.00520371
43       3.57426       3.57996    0.00508306
44       3.56305       3.57957    0.00498105
45       3.54859       3.57889    0.00491755
46       3.57335       3.57877    0.00481096
47       3.62895       3.57983    0.00482707
48       3.62387       3.58075    0.00481366
49       3.52265       3.57957    0.00486121
50       3.59457       3.57987    0.00477243
51       3.60402       3.58034    0.00470184
52       3.64852       3.58165    0.00479334
53       3.59453       3.58189    0.00470831
54       3.62089       3.58262     0.0046764
55       3.58399       3.58264    0.00459066
56       3.53548        3.5818    0.00458593
57       3.58062       3.58178     0.0045048
58       3.54902       3.58121    0.00446234
59       3.60359       3.58159    0.00440242
60       3.58665       3.58168    0.00432925
61       3.55315       3.58121    0.00428329
62       3.58079        3.5812    0.00421365
63       3.52142       3.58025    0.00425344
64       3.55564       3.57987    0.00420408
65       3.56667       3.57967    0.00414388
66       3.55079       3.57923      0.004104
67       3.59497       3.57946    0.00404911
68        3.5023       3.57833    0.00414739
69       3.60134       3.57866    0.00410042
70       3.56005        3.5784    0.00405016
71       3.58054       3.57843    0.00399283
72       3.61818       3.57898    0.00397552
73       3.56802       3.57883    0.00392355
74       3.53554       3.57824    0.00391412
75       3.65862       3.57931    0.00400754
76       3.53613       3.57875    0.00399507
77        3.6157       3.57923    0.00397194
78       3.55534       3.57892    0.00393263
79       3.59586       3.57913    0.00388844
80       3.60856        3.5795    0.00385711
81       3.62094       3.58001    0.00384339
82        3.5668       3.57985    0.00379965
83       3.57452       3.57979    0.00375414
84        3.5586       3.57954    0.00371775
85       3.55294       3.57922    0.00368705
86       3.65636       3.58012    0.00375268
87       3.51042       3.57932    0.00379483
88       3.62977       3.57989    0.00379502
89        3.6156       3.58029    0.00377352
90       3.53889       3.57983    0.00375961
91        3.6179       3.58025    0.00374152
92       3.56867       3.58013    0.00370277
93       3.59211       3.58025    0.00366501
94       3.56416       3.58008    0.00362985
95       3.53691       3.57963    0.00362008
96       3.52122       3.57902    0.00363348
97       3.60891       3.57933    0.00360901
98       3.57392       3.57927    0.00357242
99       3.61772       3.57966     0.0035574
100       3.57854       3.57965    0.00352167
