1     0.0738556     0.0738556             0
2     0.0680124      0.070934     0.0029216
3     0.0734172     0.0717617    0.00187893
4     0.0774216     0.0731767    0.00194096
5     0.0742644     0.0733942    0.00151912
6     0.0690344     0.0726676    0.00143753
7      0.080514     0.0737885    0.00165303
8       0.07646     0.0741225       0.00147
9     0.0711692     0.0737943     0.0013373
10     0.0698808      0.073403    0.00125851
11      0.073318     0.0733952    0.00113839
12     0.0760368     0.0736154    0.00106226
13     0.0679832     0.0731821    0.00106888
14     0.0780696     0.0735312    0.00104936
15     0.0739776      0.073561   0.000977358
16     0.0709868     0.0734001   0.000928283
17     0.0728572     0.0733682   0.000872555
18     0.0766724     0.0735517   0.000842885
19     0.0745708     0.0736054   0.000799091
20     0.0689548     0.0733728   0.000792945
21     0.0629712     0.0728775    0.00090234
22     0.0724008     0.0728559    0.00086062
23      0.071202     0.0727839   0.000825489
24     0.0737132     0.0728227   0.000791293
25       0.07551     0.0729302   0.000766556
26     0.0732668     0.0729431   0.000736597
27      0.069278     0.0728074   0.000721673
28     0.0702128     0.0727147   0.000701567
29     0.0749848      0.072793   0.000681454
30     0.0725824      0.072786   0.000658385
31     0.0665888     0.0725861   0.000667434
32     0.0705608     0.0725228   0.000649332
33     0.0761972     0.0726341   0.000639122
34     0.0714548     0.0725994   0.000621008
35     0.0703072     0.0725339    0.00060655
36     0.0706276      0.072481   0.000591835
37      0.073522     0.0725091   0.000576304
38     0.0727196     0.0725147   0.000560961
39     0.0769952     0.0726295   0.000558335
40      0.065098     0.0724413   0.000575851
41      0.070436     0.0723923   0.000563756
42     0.0728144     0.0724024   0.000550261
43     0.0718672     0.0723899   0.000537456
44     0.0703428     0.0723434   0.000527156
45     0.0702284     0.0722964   0.000517447
46     0.0706844     0.0722614   0.000507285
47      0.065658     0.0721209   0.000515875
48     0.0644284     0.0719606   0.000529832
49     0.0727772     0.0719773   0.000519174
50      0.072582     0.0719894   0.000508828
51     0.0682408     0.0719159   0.000504138
52       0.06769     0.0718346   0.000500984
53     0.0709532      0.071818   0.000491722
54     0.0642444     0.0716777   0.000502499
55     0.0729832     0.0717015   0.000493849
56      0.064554     0.0715738   0.000501465
57     0.0694232     0.0715361   0.000494031
58     0.0682276     0.0714791   0.000488779
59     0.0704436     0.0714615   0.000480743
60       0.07159     0.0714636   0.000472668
61      0.070616     0.0714498   0.000465062
62     0.0676648     0.0713887   0.000461555
63     0.0743592     0.0714359   0.000456611
64     0.0706324     0.0714233   0.000449595
65       0.07399     0.0714628   0.000444382
66     0.0675236     0.0714031   0.000441648
67     0.0680476      0.071353    0.00043788
68     0.0727748     0.0713739   0.000431899
69     0.0684172     0.0713311   0.000427745
70     0.0687216     0.0712938   0.000423235
71     0.0770684     0.0713751   0.000425085
72     0.0647704     0.0712834    0.00042906
73     0.0689248     0.0712511   0.000424374
74      0.065414     0.0711722   0.000425967
75      0.072496     0.0711899   0.000420619
76     0.0697964     0.0711715   0.000415453
77     0.0754852     0.0712275   0.000413831
78     0.0740504     0.0712637   0.000410091
79     0.0725976     0.0712806   0.000405219
80     0.0690976     0.0712533   0.000401051
81     0.0721972      0.071265    0.00039624
82     0.0741376        0.0713   0.000392943
83     0.0726672     0.0713165   0.000388529
84     0.0765096     0.0713783   0.000388822
85     0.0754188     0.0714258    0.00038715
86      0.068854     0.0713959   0.000383789
87     0.0690724     0.0713692   0.000380291
88     0.0729128     0.0713868   0.000376353
89     0.0670916     0.0713385   0.000375217
90     0.0715752     0.0713411   0.000371034
91      0.068654     0.0713116    0.00036812
92     0.0690908     0.0712875   0.000364896
93      0.077696     0.0713564    0.00036747
94      0.074646     0.0713914    0.00036522
95       0.06791     0.0713547   0.000363209
96     0.0658908     0.0712978   0.000363884
97     0.0765532      0.071352   0.000364166
98     0.0686796     0.0713247   0.000361461
99     0.0727244     0.0713389   0.000358071
100     0.0714652     0.0713401   0.000354474
