1     0.0389556     0.0389556             0
2     0.0363972     0.0376764     0.0012792
3     0.0388536     0.0380688   0.000836319
4     0.0419496      0.039039    0.00113622
5     0.0394532     0.0391218   0.000884004
6       0.03884     0.0390749   0.000723313
7     0.0395076     0.0391367   0.000614429
8     0.0400964     0.0392567   0.000545467
9      0.037836     0.0390988   0.000506292
10     0.0351152     0.0387004   0.000603122
11      0.039452     0.0387688   0.000549806
12     0.0408668     0.0389436   0.000531482
13     0.0356232     0.0386882   0.000551591
14     0.0420104     0.0389255   0.000563116
15     0.0406096     0.0390378   0.000536121
16      0.037706     0.0389545   0.000508356
17     0.0389596     0.0389548   0.000477517
18      0.043466     0.0392054   0.000515265
19     0.0377116     0.0391268   0.000493692
20     0.0363652     0.0389887   0.000488288
21      0.034426     0.0387715   0.000512763
22     0.0398608      0.038821   0.000491401
23     0.0383992     0.0388026   0.000469908
24     0.0387608     0.0388009   0.000449906
25      0.038906     0.0388051   0.000431555
26      0.036474     0.0387154   0.000424208
27     0.0356524      0.038602   0.000423666
28     0.0378196     0.0385741    0.00040921
29     0.0396388     0.0386108    0.00039655
30      0.039416     0.0386376   0.000384043
31     0.0358732     0.0385484   0.000382002
32     0.0358764     0.0384649    0.00037918
33     0.0428576      0.038598   0.000390874
34     0.0401952      0.038645   0.000382102
35     0.0370372     0.0385991   0.000373857
36      0.039346     0.0386198   0.000363916
37     0.0392296     0.0386363   0.000354327
38     0.0352976     0.0385485   0.000355893
39     0.0414964      0.038624   0.000354793
40     0.0368944     0.0385808   0.000348502
41     0.0401084     0.0386181   0.000341932
42     0.0395412       0.03864   0.000334414
43     0.0362512     0.0385845   0.000331237
44     0.0373588     0.0385566   0.000324818
45      0.037796     0.0385397   0.000317967
46     0.0372116     0.0385109   0.000312315
47     0.0345232      0.038426   0.000317157
48     0.0359356     0.0383741   0.000314785
49     0.0376432     0.0383592   0.000308654
50     0.0387436     0.0383669   0.000302516
51     0.0380216     0.0383601   0.000296602
52     0.0378444     0.0383502   0.000291011
53      0.039764     0.0383769   0.000286711
54     0.0358792     0.0383306   0.000285128
55     0.0379712     0.0383241   0.000279972
56     0.0339288     0.0382456   0.000285912
57     0.0375792     0.0382339   0.000281094
58     0.0387504     0.0382428   0.000276349
59     0.0357876     0.0382012   0.000274794
60     0.0411012     0.0382495   0.000274464
61     0.0392884     0.0382666   0.000270464
62     0.0386532     0.0382728   0.000266139
63     0.0386068     0.0382781   0.000261934
64     0.0346192     0.0382209   0.000264072
65     0.0382632     0.0382216   0.000259978
66     0.0358596     0.0381858   0.000258498
67     0.0381088     0.0381847   0.000254613
68     0.0367844     0.0381641   0.000251685
69      0.035662     0.0381278   0.000250647
70     0.0370428     0.0381123   0.000247526
71     0.0454664     0.0382159   0.000265089
72     0.0363596     0.0381901   0.000262649
73     0.0369548     0.0381732   0.000259579
74     0.0347784     0.0381273   0.000260124
75     0.0399052      0.038151   0.000257725
76     0.0373832     0.0381409   0.000254512
77     0.0384984     0.0381455   0.000251227
78     0.0382968     0.0381475   0.000247993
79     0.0370624     0.0381337   0.000245219
80     0.0391808     0.0381468   0.000242488
81     0.0384408     0.0381505   0.000239503
82     0.0370732     0.0381373   0.000236929
83     0.0364872     0.0381174   0.000234899
84     0.0410696     0.0381526   0.000234732
85     0.0428124     0.0382074   0.000238344
86     0.0355408     0.0381764   0.000237589
87     0.0381224     0.0381758   0.000234843
88     0.0411396     0.0382095   0.000234589
89      0.035642     0.0381806   0.000233725
90      0.035478     0.0381506   0.000233056
91       0.03572     0.0381239   0.000232024
92      0.035966     0.0381004   0.000230683
93      0.042504     0.0381478    0.00023305
94     0.0407632     0.0381756   0.000232231
95     0.0378104     0.0381718   0.000229805
96     0.0389036     0.0381794   0.000227527
97     0.0384992     0.0381827   0.000225193
98       0.03782      0.038179   0.000222914
99     0.0407444     0.0382049   0.000222167
100     0.0389576     0.0382124   0.000220063
