1       1.90564       1.90564             0
2       1.91273       1.90919      0.003544
3       1.89924       1.90587    0.00389654
4       1.91861       1.90905    0.00421051
5       1.90226        1.9077    0.00353313
6       1.91568       1.90903    0.00317671
7        1.8964       1.90722    0.00323475
8       1.90141        1.9065    0.00289403
9       1.91816       1.90779    0.00286261
10       1.89315       1.90633    0.00294933
11       1.90343       1.90606    0.00268076
12       1.88609        1.9044    0.00295945
13       1.92222       1.90577    0.00304794
14       1.91577       1.90648    0.00291076
15       1.90845       1.90662    0.00271295
16       1.92003       1.90745    0.00267254
17       1.90979       1.90759    0.00251417
18       1.89634       1.90697    0.00245142
19       1.91103       1.90718    0.00232865
20       1.93636       1.90864    0.00264734
21       1.89545       1.90801    0.00259532
22       1.90384       1.90782    0.00248179
23       1.88862       1.90699    0.00251403
24       1.88396       1.90603    0.00259122
25       1.86682       1.90446    0.00293883
26       1.89022       1.90391    0.00287614
27       1.92582       1.90472    0.00288404
28       1.88834       1.90414    0.00284005
29       1.91393       1.90448    0.00276108
30        1.9136       1.90478    0.00268473
31       1.92727        1.9055    0.00269617
32       1.93944       1.90657    0.00281769
33       1.90483       1.90651    0.00273148
34       1.89857       1.90628    0.00266019
35       1.91769       1.90661    0.00260357
36       1.89014       1.90615    0.00257121
37       1.90275       1.90606    0.00250244
38       1.86988        1.9051    0.00261512
39       1.89603       1.90487    0.00255778
40       1.92814       1.90545       0.00256
41       1.90962       1.90555    0.00249885
42        1.8871       1.90512    0.00247789
43       1.90708       1.90516    0.00242001
44       1.90672        1.9052    0.00236463
45       1.89781       1.90503    0.00231731
46       1.91152       1.90517    0.00227076
47       1.91474       1.90538    0.00223122
48       1.92392       1.90576    0.00221816
49       1.90018       1.90565     0.0021754
50       1.93259       1.90619    0.00219851
51       1.88737       1.90582    0.00218633
52       1.91959       1.90608    0.00216016
53       1.91396       1.90623    0.00212422
54       1.91654       1.90642    0.00209322
55       1.91093       1.90651    0.00205645
56       1.88962        1.9062    0.00204177
57       1.90524       1.90619     0.0020057
58       1.90842       1.90623    0.00197119
59       1.90946       1.90628    0.00193827
60           1.9       1.90618    0.00190857
61       1.88097       1.90576    0.00192197
62       1.90972       1.90583     0.0018918
63       1.90653       1.90584    0.00186156
64       1.92161       1.90608    0.00184874
65       1.90623       1.90609    0.00182007
66       1.89758       1.90596    0.00179691
67         1.918       1.90614    0.00177899
68        1.8891       1.90589    0.00177045
69       1.91679       1.90604    0.00175175
70       1.90383       1.90601    0.00172683
71        1.8999       1.90593    0.00170451
72       1.91982       1.90612    0.00169172
73       1.91756       1.90628    0.00167572
74       1.88715       1.90602    0.00167301
75       1.93997       1.90647     0.0017115
76       1.89432       1.90631    0.00169638
77       1.90679       1.90632    0.00167421
78       1.89682        1.9062    0.00165709
79       1.90728       1.90621    0.00163604
80       1.91525       1.90632    0.00161941
81       1.91397       1.90642    0.00160208
82       1.91481       1.90652    0.00158573
83       1.91935       1.90667    0.00157411
84        1.9004        1.9066    0.00155705
85        1.9122       1.90666    0.00154004
86       1.92713        1.9069    0.00154051
87       1.89671       1.90679     0.0015272
88       1.90663       1.90678    0.00150975
89       1.91654       1.90689     0.0014967
90       1.89663       1.90678    0.00148437
91       1.93762       1.90712    0.00150658
92       1.92569       1.90732    0.00150373
93       1.90836       1.90733    0.00148751
94       1.91438       1.90741    0.00147351
95       1.89289       1.90725     0.0014659
96       1.89861       1.90716    0.00145334
97       1.89391       1.90703    0.00144475
98        1.9161       1.90712    0.00143293
99        1.9076       1.90712    0.00141839
100       1.89865       1.90704    0.00140669
