1     -0.528499     -0.528499             0
2     -0.528196     -0.528348     0.0001516
3     -0.527843     -0.528179   0.000189551
4     -0.528253     -0.528198   0.000135281
5     -0.528848     -0.528328   0.000167006
6      -0.52802     -0.528277   0.000145693
7     -0.528603     -0.528323   0.000131679
8     -0.528436     -0.528337   0.000114906
9      -0.52971      -0.52849   0.000183081
10     -0.528571     -0.528498   0.000163955
11     -0.529096     -0.528552   0.000157956
12     -0.528609     -0.528557    0.00014427
13     -0.528402     -0.528545   0.000133241
14     -0.529033      -0.52858   0.000128181
15     -0.528933     -0.528603   0.000121627
16      -0.52865     -0.528606   0.000113808
17     -0.528501       -0.5286   0.000107084
18     -0.528882     -0.528616   0.000102164
19     -0.528518     -0.528611   9.67752e-05
20     -0.529022     -0.528631   9.40807e-05
21     -0.528058     -0.528604   9.35638e-05
22     -0.527402     -0.528549   0.000104598
23     -0.528537     -0.528549   9.99483e-05
24      -0.52937     -0.528583   0.000101622
25     -0.529258      -0.52861    0.00010114
26     -0.528089      -0.52859   9.92175e-05
27     -0.528832     -0.528599   9.58924e-05
28     -0.527727     -0.528568   9.75067e-05
29     -0.528876     -0.528578   9.46832e-05
30     -0.529363     -0.528604   9.51406e-05
31     -0.528474       -0.5286   9.21172e-05
32      -0.52871     -0.528604   8.92575e-05
33     -0.527996     -0.528585   8.84486e-05
34      -0.52845     -0.528581   8.59004e-05
35     -0.528714     -0.528585   8.34957e-05
36     -0.528567     -0.528585   8.11447e-05
37      -0.52776     -0.528562   8.20072e-05
38     -0.528746     -0.528567   7.99656e-05
39     -0.527854     -0.528549    8.0008e-05
40      -0.52903     -0.528561   7.89031e-05
41      -0.52862     -0.528562   7.69681e-05
42     -0.528726     -0.528566   7.52138e-05
43     -0.528303      -0.52856   7.36979e-05
44     -0.527586     -0.528538    7.5327e-05
45     -0.528679     -0.528541   7.37009e-05
46     -0.529143     -0.528554   7.32599e-05
47     -0.528151     -0.528546   7.21951e-05
48     -0.529358     -0.528563   7.26755e-05
49     -0.528601     -0.528563   7.11811e-05
50      -0.52832     -0.528558   6.99125e-05
51     -0.528435     -0.528556   6.85705e-05
52     -0.528294     -0.528551   6.74269e-05
53     -0.528424     -0.528549   6.61858e-05
54     -0.528114     -0.528541   6.54443e-05
55     -0.529225     -0.528553    6.5437e-05
56     -0.528796     -0.528557   6.44042e-05
57     -0.529058     -0.528566   6.38721e-05
58     -0.528761     -0.528569   6.28509e-05
59     -0.528238     -0.528564    6.2032e-05
60     -0.528076     -0.528556   6.15289e-05
61     -0.528058     -0.528548   6.10586e-05
62     -0.529086     -0.528556   6.06912e-05
63     -0.529386     -0.528569   6.11538e-05
64     -0.529462     -0.528583   6.17868e-05
65     -0.528859     -0.528588   6.09766e-05
66      -0.52755     -0.528572   6.20681e-05
67     -0.529072     -0.528579   6.15887e-05
68     -0.528364     -0.528576   6.07588e-05
69     -0.528894     -0.528581   6.00482e-05
70     -0.529075     -0.528588   5.96041e-05
71     -0.527758     -0.528576   5.99087e-05
72     -0.528775     -0.528579   5.91355e-05
73     -0.528568     -0.528579   5.83199e-05
74     -0.528802     -0.528582   5.76058e-05
75     -0.529718     -0.528597   5.88183e-05
76       -0.5285     -0.528596   5.80532e-05
77     -0.528886     -0.528599   5.74186e-05
78     -0.527752     -0.528589   5.77097e-05
79     -0.528315     -0.528585   5.70795e-05
80     -0.527994     -0.528578   5.68444e-05
81     -0.528499     -0.528577   5.61466e-05
82      -0.52897     -0.528582   5.56651e-05
83     -0.529025     -0.528587    5.5249e-05
84       -0.5291     -0.528593    5.4928e-05
85     -0.528882     -0.528596    5.4384e-05
86     -0.529011     -0.528601   5.39639e-05
87     -0.528606     -0.528601     5.334e-05
88     -0.528321     -0.528598   5.28267e-05
89     -0.528687     -0.528599   5.22393e-05
90     -0.528612     -0.528599   5.16558e-05
91     -0.528708       -0.5286    5.1099e-05
92     -0.529386     -0.528609    5.1256e-05
93     -0.527625     -0.528598   5.17945e-05
94     -0.528976     -0.528602   5.13978e-05
95     -0.528254     -0.528599   5.09862e-05
96     -0.528782     -0.528601   5.04883e-05
97     -0.529151     -0.528606   5.02864e-05
98      -0.52879     -0.528608   4.98061e-05
99     -0.528582     -0.528608   4.93011e-05
100     -0.528933     -0.528611   4.89136e-05
