1      0.249606      0.249606             0
2       0.24886      0.249233   0.000373097
3      0.248875      0.249113   0.000246293
4      0.249872      0.249303    0.00025752
5      0.249829      0.249408   0.000225503
6      0.249255      0.249383   0.000185897
7      0.246506      0.248972   0.000439987
8      0.250263      0.249133   0.000413835
9        0.2509      0.249329   0.000414413
10      0.251095      0.249506   0.000410562
11      0.248959      0.249456   0.000374679
12      0.249395      0.249451   0.000342072
13      0.248991      0.249416   0.000316646
14      0.250869       0.24952   0.000310994
15      0.247427       0.24938   0.000321387
16      0.250011      0.249419   0.000303204
17      0.248821      0.249384   0.000286974
18      0.248404       0.24933   0.000275993
19      0.250547      0.249394   0.000268811
20      0.252365      0.249542   0.000295136
21      0.250319      0.249579   0.000283157
22       0.24804      0.249509   0.000278904
23      0.249095      0.249491   0.000267109
24      0.250309      0.249525   0.000257996
25      0.249969      0.249543   0.000248095
26      0.248646      0.249509   0.000240845
27      0.250009      0.249527   0.000232492
28      0.250163       0.24955   0.000225181
29      0.249864      0.249561   0.000217547
30      0.250561      0.249594     0.0002128
31      0.250581      0.249626   0.000208269
32       0.25115      0.249674   0.000207203
33       0.24871      0.249644   0.000202938
34      0.248965      0.249624   0.000197891
35      0.250527       0.24965   0.000193878
36      0.248562       0.24962   0.000190827
37      0.250711      0.249649   0.000187925
38      0.247125      0.249583   0.000194601
39      0.248667      0.249559   0.000190996
40      0.250192      0.249575   0.000186831
41      0.249483      0.249573   0.000182231
42      0.248625       0.24955   0.000179266
43      0.250497      0.249572   0.000176425
44      0.250009      0.249582   0.000172655
45      0.248229      0.249552   0.000171432
46      0.249798      0.249558   0.000167749
47      0.250048      0.249568   0.000164473
48      0.248351      0.249543   0.000162996
49      0.249491      0.249542   0.000159638
50      0.248172      0.249514   0.000158793
51      0.251443      0.249552   0.000160176
52      0.251072      0.249581    0.00015976
53      0.248231      0.249556   0.000158776
54      0.249777       0.24956   0.000155862
55      0.248361      0.249538   0.000154546
56      0.247817      0.249507   0.000154841
57      0.251415      0.249541   0.000155737
58       0.25026      0.249553   0.000153529
59       0.25118      0.249581   0.000153402
60      0.248989      0.249571   0.000151146
61      0.249567      0.249571   0.000148648
62      0.248798      0.249558   0.000146761
63      0.250802      0.249578   0.000145755
64      0.249019      0.249569   0.000143726
65      0.250523      0.249584   0.000142256
66      0.251105      0.249607   0.000141967
67      0.248756      0.249594   0.000140407
68      0.248626       0.24958   0.000139059
69      0.249349      0.249577    0.00013707
70      0.248053      0.249555    0.00013684
71      0.249438      0.249553   0.000134909
72       0.24894      0.249545   0.000133294
73      0.251789      0.249576   0.000135002
74      0.249217      0.249571   0.000133254
75      0.248438      0.249556    0.00013233
76       0.24987       0.24956   0.000130643
77      0.250264      0.249569    0.00012926
78      0.249541      0.249569   0.000127592
79      0.249622      0.249569   0.000125968
80      0.248833       0.24956   0.000124724
81      0.249796      0.249563   0.000123209
82      0.250764      0.249578   0.000122576
83      0.248061      0.249559    0.00012246
84      0.249373      0.249557   0.000121014
85      0.248928       0.24955    0.00011981
86      0.250135      0.249557   0.000118605
87       0.25021      0.249564   0.000117473
88      0.249499      0.249563   0.000116133
89      0.250286      0.249572   0.000115108
90      0.247747      0.249551   0.000115614
91       0.24834      0.249538   0.000115108
92      0.250104      0.249544   0.000114016
93      0.249652      0.249545    0.00011279
94      0.249448      0.249544   0.000111588
95       0.25023      0.249551   0.000110643
96      0.250583      0.249562   0.000110011
97      0.250128      0.249568   0.000109026
98      0.251791      0.249591   0.000110266
99      0.249228      0.249587   0.000109208
100       0.24796      0.249571   0.000109328
