1      0.433402      0.433402             0
2      0.434919      0.434161   0.000758176
3       0.43398        0.4341   0.000441851
4      0.434526      0.434207   0.000330024
5      0.438706      0.435107    0.00093553
6      0.442068      0.436267    0.00138915
7      0.437565      0.436452    0.00118861
8      0.430049      0.435652    0.00130393
9       0.43809      0.435923    0.00118144
10      0.431087      0.435439    0.00116212
11      0.438496      0.435717    0.00108728
12      0.435668      0.435713   0.000992554
13      0.432858      0.435494   0.000939056
14      0.436016      0.435531   0.000870196
15       0.43943      0.435791   0.000850789
16       0.43746      0.435895   0.000802649
17      0.437455      0.435987    0.00075952
18      0.438649      0.436135   0.000731198
19        0.4339      0.436017   0.000701576
20      0.442506      0.436342   0.000740449
21       0.43067      0.436071   0.000754322
22      0.434138      0.435984   0.000724567
23      0.436621      0.436011   0.000692902
24      0.439502      0.436157    0.00067916
25      0.434498       0.43609   0.000654797
26      0.423731      0.435615   0.000788497
27        0.4299      0.435403   0.000787705
28      0.429302      0.435185   0.000789714
29       0.43433      0.435156   0.000762566
30      0.438132      0.435255   0.000743359
31      0.442225       0.43548   0.000753313
32      0.437491      0.435543   0.000732096
33      0.429833       0.43537   0.000730359
34       0.43909      0.435479   0.000716949
35      0.439151      0.435584   0.000704023
36      0.427288      0.435354   0.000721956
37      0.435088      0.435346   0.000702209
38      0.434116      0.435314   0.000684246
39      0.434768        0.4353   0.000666618
40      0.435326      0.435301   0.000649739
41      0.440326      0.435423    0.00064544
42      0.432449      0.435353   0.000633852
43      0.428604      0.435196   0.000638526
44       0.43471      0.435185   0.000623943
45       0.43885      0.435266   0.000615336
46      0.440854      0.435387   0.000613947
47      0.440974      0.435506   0.000612388
48      0.434175      0.435479   0.000600136
49      0.433989      0.435448   0.000588546
50      0.441885      0.435577   0.000590852
51      0.430118       0.43547   0.000588958
52       0.43455      0.435452   0.000577792
53      0.432962      0.435405    0.00056873
54      0.434588       0.43539   0.000558303
55      0.434987      0.435383   0.000548107
56      0.439606      0.435458   0.000543488
57      0.437518      0.435494    0.00053509
58      0.432433      0.435442   0.000528426
59      0.434242      0.435421    0.00051979
60      0.434147        0.4354   0.000511495
61      0.433955      0.435376   0.000503597
62      0.439722      0.435446   0.000500343
63      0.442635       0.43556   0.000505387
64      0.432884      0.435519   0.000499183
65      0.440219      0.435591   0.000496734
66      0.437596      0.435621   0.000490092
67       0.43609      0.435628   0.000482773
68      0.439341      0.435683   0.000478744
69      0.432416      0.435636   0.000474124
70      0.435648      0.435636   0.000467302
71      0.433144      0.435601   0.000462008
72      0.429686      0.435519   0.000462894
73      0.442417      0.435613   0.000466189
74      0.431094      0.435552   0.000463883
75      0.434874      0.435543   0.000457745
76      0.445759      0.435677   0.000471261
77      0.436233      0.435685   0.000465156
78      0.432572      0.435645   0.000460885
79      0.438498      0.435681   0.000456445
80      0.435276      0.435676   0.000450732
81      0.433357      0.435647   0.000446051
82      0.433693      0.435623   0.000441222
83      0.440778      0.435685   0.000440277
84      0.434111      0.435667   0.000435407
85      0.434532      0.435653   0.000430461
86      0.434648      0.435642   0.000425587
87      0.438048      0.435669   0.000421575
88      0.434943      0.435661   0.000416838
89      0.430713      0.435605   0.000415862
90      0.430608       0.43555   0.000414948
91      0.435582       0.43555   0.000410363
92      0.435797      0.435553   0.000405886
93      0.437667      0.435576   0.000402141
94      0.434539      0.435565   0.000397993
95       0.43709      0.435581   0.000394108
96      0.432501      0.435549   0.000391299
97      0.437973      0.435574    0.00038805
98      0.437055      0.435589   0.000384367
99      0.435904      0.435592   0.000380478
100      0.435411       0.43559   0.000376658
