1     -0.804241     -0.804241             0
2     -0.803929     -0.804085      0.000156
3     -0.805052     -0.804407   0.000334744
4     -0.804358     -0.804395   0.000237025
5     -0.804709     -0.804458   0.000194042
6     -0.802922     -0.804202   0.000300947
7      -0.80383     -0.804149    0.00025982
8      -0.80465     -0.804211    0.00023356
9     -0.804296     -0.804221   0.000206196
10     -0.804196     -0.804218   0.000184443
11     -0.805121       -0.8043    0.00018592
12     -0.803964     -0.804272   0.000172019
13     -0.806996     -0.804482   0.000262557
14     -0.805057     -0.804523   0.000246526
15     -0.803462     -0.804452   0.000240145
16     -0.804126     -0.804432   0.000225561
17     -0.805155     -0.804474   0.000216109
18     -0.805227     -0.804516   0.000207998
19     -0.805421     -0.804564   0.000202426
20     -0.804682      -0.80457    0.00019213
21     -0.803893     -0.804537   0.000185573
22     -0.804858     -0.804552   0.000177537
23     -0.805125     -0.804577   0.000171461
24     -0.804346     -0.804567   0.000164444
25     -0.804635      -0.80457   0.000157752
26     -0.805674     -0.804612   0.000157395
27     -0.803446     -0.804569    0.00015749
28     -0.804964     -0.804583   0.000152415
29     -0.803986     -0.804563   0.000148503
30     -0.805134     -0.804582   0.000144724
31     -0.804046     -0.804565   0.000141039
32      -0.80387     -0.804543   0.000138276
33        -0.805     -0.804557   0.000134735
34     -0.805422     -0.804582   0.000133169
35     -0.805679     -0.804613   0.000133053
36     -0.805202      -0.80463   0.000130332
37     -0.805568     -0.804655   0.000129272
38     -0.803986     -0.804638   0.000127049
39     -0.805017     -0.804647    0.00012413
40      -0.80603     -0.804682   0.000125826
41     -0.805011      -0.80469   0.000122981
42     -0.805223     -0.804703   0.000120687
43     -0.804811     -0.804705   0.000117874
44     -0.805438     -0.804722   0.000116364
45     -0.804278     -0.804712   0.000114174
46     -0.805502     -0.804729   0.000112977
47     -0.803756     -0.804708   0.000112469
48     -0.804168     -0.804697   0.000110675
49     -0.804709     -0.804697   0.000108393
50     -0.804062     -0.804685   0.000106961
51     -0.806105     -0.804712   0.000108478
52     -0.804145     -0.804702    0.00010693
53     -0.804473     -0.804697   0.000104982
54     -0.803476     -0.804675   0.000105473
55      -0.80316     -0.804647   0.000107137
56     -0.804299     -0.804641    0.00010539
57      -0.80508     -0.804649   0.000103811
58      -0.80402     -0.804638   0.000102579
59     -0.803184     -0.804613   0.000103793
60     -0.805025      -0.80462   0.000102279
61     -0.804794     -0.804623   0.000100629
62      -0.80378     -0.804609   9.99212e-05
63     -0.803139     -0.804586   0.000101053
64     -0.804972     -0.804592   9.96445e-05
65     -0.804013     -0.804583   9.85034e-05
66     -0.803834     -0.804572   9.76618e-05
67     -0.803909     -0.804562   9.67005e-05
68     -0.803733      -0.80455   9.60447e-05
69     -0.805534     -0.804564   9.57126e-05
70     -0.803166     -0.804544   9.64271e-05
71      -0.80431     -0.804541   9.51161e-05
72     -0.803138     -0.804521   9.57887e-05
73      -0.80357     -0.804508   9.53624e-05
74     -0.804506     -0.804508   9.40649e-05
75      -0.80505     -0.804515   9.30835e-05
76     -0.805142     -0.804524   9.22205e-05
77     -0.804444     -0.804523   9.10208e-05
78     -0.804492     -0.804522   8.98471e-05
79      -0.80311     -0.804504   9.04846e-05
80     -0.803859     -0.804496   8.97095e-05
81     -0.803019     -0.804478    9.0452e-05
82     -0.805351     -0.804489   8.99746e-05
83      -0.80382     -0.804481   8.92482e-05
84     -0.806398     -0.804503   9.10872e-05
85     -0.805752     -0.804518   9.12001e-05
86     -0.804811     -0.804521   9.01978e-05
87     -0.803623     -0.804511   8.97509e-05
88     -0.804009     -0.804505   8.89086e-05
89     -0.805034     -0.804511    8.8104e-05
90     -0.805815     -0.804526   8.83159e-05
91     -0.805278     -0.804534   8.77306e-05
92     -0.803421     -0.804522   8.76116e-05
93     -0.803352     -0.804509   8.75728e-05
94     -0.805994     -0.804525   8.80631e-05
95     -0.805412     -0.804535   8.76298e-05
96     -0.804727     -0.804537   8.67354e-05
97     -0.803752     -0.804528   8.62168e-05
98     -0.803825     -0.804521   8.56341e-05
99     -0.803999     -0.804516   8.49286e-05
100     -0.804386     -0.804515   8.40851e-05
