1      0.186059      0.186059             0
2      0.192702       0.18938     0.0033214
3      0.202513      0.193758    0.00477925
4      0.195462      0.194184    0.00340617
5      0.202933      0.195934    0.00316591
6      0.193832      0.195583    0.00260857
7      0.184724      0.194032    0.00269573
8         0.205      0.195403    0.00270739
9      0.204618      0.196427    0.00259798
10      0.194558       0.19624    0.00233121
11      0.191862      0.195842    0.00214588
12      0.192371      0.195553    0.00198016
13      0.210528      0.196705    0.00215517
14      0.206704      0.197419    0.00211927
15      0.191953      0.197055     0.0020063
16      0.193554      0.196836    0.00188943
17      0.197361      0.196867    0.00177508
18      0.205432      0.197343    0.00173989
19      0.195712      0.197257    0.00164801
20      0.216495      0.198219    0.00183566
21      0.201644      0.198382    0.00175366
22      0.197685       0.19835    0.00167235
23      0.195941      0.198245    0.00160141
24      0.201401      0.198377    0.00153887
25      0.204548      0.198624    0.00149653
26      0.205041       0.19887    0.00145885
27      0.203576      0.199045    0.00141456
28      0.193234      0.198837    0.00137881
29      0.196249      0.198748    0.00133341
30      0.206417      0.199004    0.00131331
31       0.19386      0.198838    0.00128103
32      0.193488      0.198671    0.00125157
33      0.200036      0.198712    0.00121375
34      0.202528      0.198824    0.00118285
35      0.186647      0.198476     0.0012001
36      0.199832      0.198514    0.00116689
37      0.187068      0.198205    0.00117632
38      0.198829      0.198221    0.00114506
39      0.199921      0.198265    0.00111617
40      0.206082       0.19846    0.00110532
41        0.1955      0.198388    0.00108044
42      0.196005      0.198331    0.00105593
43      0.198336      0.198331    0.00103108
44      0.205785      0.198501    0.00102152
45      0.205497      0.198656    0.00101059
46      0.205399      0.198803   0.000999187
47      0.207968      0.198998   0.000996952
48      0.220064      0.199437     0.0010701
49      0.181084      0.199062    0.00111295
50      0.194868      0.198978    0.00109368
51      0.192556      0.198852     0.0010794
52      0.195032      0.198779    0.00106098
53      0.218746      0.199155    0.00110686
54       0.19125      0.199009    0.00109599
55      0.200608      0.199038    0.00107627
56      0.189898      0.198875    0.00106941
57      0.202859      0.198945     0.0010528
58       0.21337      0.199194    0.00106397
59      0.204703      0.199287    0.00104994
60      0.193536      0.199191    0.00103673
61       0.19159      0.199066    0.00102718
62      0.195009      0.199001    0.00101259
63      0.186489      0.198802    0.00101599
64       0.20227      0.198857    0.00100146
65      0.209955      0.199027    0.00100061
66      0.183029      0.198785    0.00101471
67      0.198391      0.198779   0.000999465
68      0.203702      0.198851   0.000987316
69      0.208565      0.198992   0.000983033
70      0.196614      0.198958   0.000969484
71      0.199509      0.198966   0.000955763
72      0.208954      0.199105   0.000952551
73      0.184278      0.198902   0.000961116
74      0.195476      0.198855   0.000949168
75      0.188864      0.198722   0.000945856
76      0.188916      0.198593   0.000942205
77      0.204107      0.198665   0.000932641
78      0.194191      0.198607   0.000922392
79      0.193188      0.198539   0.000913221
80       0.20284      0.198593   0.000903335
81      0.203837      0.198657   0.000894459
82      0.192156      0.198578   0.000887033
83      0.208571      0.198698   0.000884514
84      0.199303      0.198706    0.00087395
85      0.202958      0.198756   0.000865055
86      0.194098      0.198701   0.000856651
87      0.207946      0.198808   0.000853389
88      0.203822      0.198865   0.000845558
89      0.205434      0.198939   0.000839256
90      0.208008      0.199039   0.000835974
91       0.21943      0.199263   0.000856564
92      0.212247      0.199404   0.000858877
93      0.199915       0.19941   0.000849609
94       0.20242      0.199442   0.000841132
95      0.206947      0.199521   0.000835973
96      0.188222      0.199403    0.00083555
97       0.21312      0.199545   0.000838895
98      0.206494      0.199616   0.000833314
99      0.218386      0.199805   0.000846364
100      0.203552      0.199843   0.000838695
