1       10.1235       10.1235             0
2       10.4416       10.2826      0.159069
3        10.399       10.3214     0.0997039
4       10.3606       10.3312     0.0711801
5       10.3934       10.3436     0.0565209
6       10.2709       10.3315     0.0477148
7       10.4287       10.3454     0.0426518
8       10.2739       10.3364     0.0380024
9       10.2459       10.3264      0.034991
10       10.0384       10.2976     0.0425306
11       10.2562       10.2938     0.0386543
12       10.3761       10.3007     0.0359463
13       10.3848       10.3071     0.0336927
14       10.1674       10.2972     0.0327511
15        10.214       10.2916     0.0309902
16       10.3037       10.2924     0.0289985
17       10.6681       10.3145     0.0350767
18       10.4228       10.3205      0.033614
19        10.686       10.3397     0.0371613
20       10.2899       10.3372     0.0353421
21       9.97174       10.3198     0.0378555
22       10.3439       10.3209     0.0361105
23       10.2315        10.317     0.0347229
24       10.2664       10.3149     0.0333115
25       10.4142       10.3189      0.032197
26       10.0779       10.3096     0.0322928
27       10.2507       10.3075     0.0311504
28       10.3256       10.3081     0.0300242
29       10.2716       10.3068     0.0289977
30       10.2393       10.3046     0.0281047
31       10.4081       10.3079     0.0273875
32       9.99225       10.2981     0.0282934
33       10.1394       10.2933     0.0278412
34       10.4736       10.2986      0.027526
35       10.4974       10.3042      0.027325
36       10.3423       10.3053     0.0265762
37       10.3818       10.3074     0.0259304
38       10.3132       10.3075     0.0252393
39       10.1427       10.3033     0.0249442
40        10.269       10.3024     0.0243277
41       10.3953       10.3047     0.0238348
42        10.145       10.3009     0.0235693
43       10.2606          10.3     0.0230338
44       10.2006       10.2977     0.0226173
45       10.0896       10.2931     0.0225873
46       10.3945       10.2953     0.0222006
47       10.4169       10.2979     0.0218768
48        10.333       10.2986     0.0214287
49       10.5094       10.3029     0.0214233
50       10.4157       10.3052     0.0211114
51       10.5664       10.3103     0.0213179
52       10.2634       10.3094     0.0209234
53       10.0917       10.3053     0.0209317
54       10.0325       10.3002     0.0211524
55       10.0642       10.2959     0.0212031
56       10.0666       10.2918     0.0212198
57       10.1535       10.2894      0.020985
58       9.94535       10.2835     0.0214564
59       9.97064       10.2782     0.0217459
60       10.1827       10.2766     0.0214395
61       10.1259       10.2741     0.0212293
62       10.3519       10.2754     0.0209217
63       9.98666       10.2708     0.0210908
64       10.1388       10.2687     0.0208608
65       10.2754       10.2688     0.0205376
66       10.1436       10.2669     0.0203129
67       10.2659       10.2669     0.0200075
68        10.329       10.2678     0.0197322
69       10.3408       10.2689     0.0194729
70       10.0777       10.2662     0.0193861
71       10.2596       10.2661     0.0191113
72       10.1287       10.2642     0.0189403
73       10.3438       10.2652     0.0187109
74       10.1531       10.2637     0.0185185
75       10.2739       10.2639     0.0182704
76       10.5716       10.2679     0.0184775
77        10.266       10.2679      0.018236
78       10.2151       10.2672     0.0180134
79       10.2819       10.2674     0.0177849
80       10.0971       10.2653     0.0176897
81       9.98836       10.2619     0.0178013
82       10.3083       10.2624      0.017592
83        10.365       10.2637     0.0174227
84       10.4527       10.2659     0.0173605
85       10.1986       10.2651     0.0171733
86       10.2024       10.2644     0.0169881
87       10.2655       10.2644     0.0167917
88       10.1582       10.2632     0.0166436
89        10.438       10.2652     0.0165723
90        10.333       10.2659     0.0164045
91       10.1696       10.2649     0.0162577
92       9.87834       10.2606     0.0166198
93       10.1656       10.2596     0.0164719
94       10.3003       10.2601     0.0163014
95       10.4333       10.2619     0.0162317
96       10.4575       10.2639     0.0161904
97       10.0342       10.2616     0.0161967
98       10.2497       10.2614      0.016031
99       10.1997       10.2608     0.0158805
100       10.3456       10.2617     0.0157438
