1       24.2085       24.2085             0
2       24.3215        24.265     0.0564891
3       23.4707       24.0002      0.266771
4       24.3907       24.0978        0.2124
5        25.096       24.2974      0.258688
6       25.0257       24.4188      0.243612
7       25.3253       24.5483      0.243224
8       24.9431       24.5977      0.216341
9       23.6855       24.4963      0.216042
10       24.3912       24.4858       0.19352
11       23.8916       24.4318       0.18319
12       25.2217       24.4976      0.179719
13       25.7046       24.5905      0.189604
14       25.2993       24.6411      0.182695
15       25.2884       24.6842      0.175469
16       24.2873       24.6594         0.166
17       24.0348       24.6227        0.1602
18       25.5607       24.6748      0.159775
19       24.3126       24.6557       0.15233
20       24.5383       24.6499      0.144632
21       25.3255        24.682      0.141284
22       24.1571       24.6582      0.136806
23       26.1982       24.7251      0.146873
24       25.6224       24.7625      0.145505
25       24.4899       24.7516      0.139989
26       25.7342       24.7894      0.139706
27       24.3513       24.7732      0.135408
28       24.4682       24.7623      0.130936
29       24.5078       24.7535      0.126645
30       24.5727       24.7475      0.122499
31       24.1629       24.7286      0.119973
32       23.8206       24.7002      0.119579
33       24.9976       24.7093      0.116248
34        25.359       24.7284      0.114385
35       24.3651        24.718      0.111553
36       24.7278       24.7183       0.10841
37       24.8791       24.7226      0.105529
38       24.6693       24.7212      0.102724
39       23.3931       24.6872      0.105692
40        24.109       24.6727      0.104024
41       24.3114       24.6639      0.101838
42       25.0948       24.6741     0.0999115
43       24.9154       24.6798     0.0977214
44       25.7557       24.7042     0.0985567
45       24.3436       24.6962     0.0966744
46       23.9525         24.68     0.0959216
47       24.2527       24.6709     0.0942978
48       24.7248       24.6721     0.0923191
49       24.5771       24.6701     0.0904362
50       23.9856       24.6564     0.0896604
51        24.795       24.6591     0.0879267
52       24.2417       24.6511     0.0865922
53       25.0345       24.6584     0.0852501
54       24.0824       24.6477     0.0843337
55       26.2267       24.6764     0.0876227
56       23.7694       24.6602     0.0875547
57       23.9689       24.6481     0.0868559
58       24.3451       24.6429     0.0855049
59       25.0918       24.6505      0.084387
60       24.7632       24.6523     0.0829899
61        24.196       24.6449     0.0819602
62       25.1037       24.6523     0.0809664
63       24.6654       24.6525     0.0796711
64       24.8944       24.6562     0.0785074
65       24.4932       24.6537     0.0773309
66       24.4902       24.6513     0.0761904
67       24.7311       24.6525     0.0750541
68       24.4304       24.6492     0.0740142
69       25.4095       24.6602     0.0737613
70       25.6621       24.6745     0.0740955
71       23.6441         24.66     0.0744723
72        25.191       24.6674     0.0738001
73       25.2912       24.6759      0.073282
74       24.8024       24.6776     0.0723052
75       24.4255       24.6743     0.0714138
76       24.9454       24.6778     0.0705581
77       23.9919       24.6689     0.0702033
78       24.0554       24.6611     0.0697424
79       24.5516       24.6597     0.0688678
80       25.7014       24.6727      0.069237
81       24.9009       24.6755     0.0684348
82         24.76       24.6765      0.067603
83       26.0765       24.6934     0.0688806
84       24.5805       24.6921     0.0680689
85       24.7025       24.6922     0.0672634
86        24.245        24.687     0.0666797
87        26.006       24.7022       0.06763
88       25.2447       24.7083     0.0671407
89       25.5764       24.7181     0.0670947
90       25.4833       24.7266     0.0668877
91       24.7916       24.7273     0.0661524
92       24.7428       24.7275     0.0654296
93       24.2102       24.7219     0.0649608
94       25.5068       24.7302     0.0648062
95       23.8767       24.7213     0.0647469
96       24.3358       24.7172     0.0641946
97       24.2079        24.712      0.063746
98       24.8471       24.7134     0.0631072
99       25.4936       24.7213     0.0629617
100       25.6204       24.7302     0.0629741
