1      0.429409      0.429409             0
2      0.433167      0.431288    0.00187923
3      0.432501      0.431692    0.00115785
4      0.430436      0.431378   0.000876914
5      0.432712      0.431645    0.00072979
6      0.426049      0.430712    0.00110676
7      0.443737      0.432573    0.00208253
8      0.434185      0.432775    0.00181474
9      0.427961       0.43224    0.00168744
10      0.427569      0.431773    0.00157991
11       0.42105      0.430798    0.00172987
12      0.431251      0.430836     0.0015796
13      0.451722      0.432442    0.00216624
14      0.441999      0.433125    0.00211853
15      0.435046      0.433253     0.0019764
16      0.430905      0.433106    0.00185457
17      0.438248      0.433409    0.00176812
18      0.437398       0.43363    0.00168167
19      0.433984      0.433649    0.00159081
20      0.439958      0.433964    0.00154179
21      0.438557      0.434183    0.00148275
22       0.43024      0.434004    0.00142507
23      0.439421      0.434239    0.00138192
24      0.446694      0.434758    0.00142122
25      0.437719      0.434877    0.00136832
26      0.441542      0.435133     0.0013394
27       0.42834      0.434881    0.00131317
28      0.433239      0.434823    0.00126676
29      0.435028       0.43483    0.00122232
30      0.430534      0.434687    0.00118952
31      0.433041      0.434634    0.00115174
32      0.429296      0.434467    0.00112757
33      0.431434      0.434375    0.00109672
34      0.438049      0.434483    0.00106945
35      0.432694      0.434432     0.0010397
36      0.431385      0.434347    0.00101395
37      0.435497      0.434378   0.000986654
38      0.425091      0.434134   0.000990947
39      0.432422       0.43409   0.000966202
40      0.428494       0.43395   0.000952072
41       0.43155      0.433892   0.000930403
42      0.433979      0.433894   0.000907983
43      0.439554      0.434025   0.000896334
44      0.438453      0.434126   0.000881488
45      0.445127       0.43437   0.000895684
46      0.429693      0.434269   0.000881879
47      0.423365      0.434037   0.000893552
48      0.435406      0.434065   0.000875203
49      0.432248      0.434028   0.000857958
50       0.43485      0.434045   0.000840784
51      0.432339      0.434011   0.000824811
52       0.42715      0.433879   0.000819485
53      0.440007      0.433995   0.000812147
54      0.430083      0.433922   0.000800251
55      0.453452      0.434278   0.000862089
56       0.42479      0.434108   0.000863341
57       0.42674      0.433979   0.000857854
58      0.418041      0.433704   0.000886592
59      0.434159      0.433712    0.00087147
60      0.438265      0.433788   0.000860177
61      0.420649      0.433572   0.000872948
62      0.444779      0.433753   0.000877568
63      0.432804      0.433738   0.000863658
64       0.44338      0.433889   0.000863305
65      0.443504      0.434037   0.000862697
66      0.434426      0.434042   0.000849545
67      0.429225      0.433971   0.000839854
68      0.432206      0.433945   0.000827817
69      0.432858      0.433929   0.000815884
70      0.430549      0.433881   0.000805592
71      0.423567      0.433735   0.000807341
72      0.438357      0.433799   0.000798633
73      0.437212      0.433846   0.000789002
74      0.430969      0.433807   0.000779238
75      0.427684      0.433726   0.000773101
76      0.430381      0.433682   0.000764129
77      0.431833      0.433658   0.000754523
78      0.432621      0.433644   0.000744905
79      0.438543      0.433706   0.000738025
80      0.448309      0.433889   0.000751254
81      0.437798      0.433937   0.000743489
82      0.434105      0.433939   0.000734369
83       0.44024      0.434015   0.000729428
84      0.432857      0.434001   0.000720824
85      0.425144      0.433897   0.000719875
86      0.423847       0.43378   0.000720989
87      0.436979      0.433817   0.000713601
88      0.441853      0.433908   0.000711331
89      0.441489      0.433994   0.000708433
90      0.434877      0.434003   0.000700586
91      0.435098      0.434015   0.000692949
92      0.435741      0.434034   0.000685632
93      0.426935      0.433958   0.000682502
94      0.443844      0.434063   0.000683345
95      0.425323      0.433971   0.000682343
96      0.430297      0.433933   0.000676282
97      0.430743        0.4339   0.000670081
98      0.434595      0.433907   0.000663246
99      0.436891      0.433937   0.000657204
100       0.43391      0.433937   0.000650598
