1      0.448468      0.448468             0
2      0.431532          0.44      0.008468
3      0.434208      0.438069    0.00525646
4      0.447297      0.440376    0.00437463
5      0.476874      0.447676    0.00804781
6      0.414788      0.442195    0.00855704
7      0.439424      0.441799    0.00724283
8      0.440529       0.44164    0.00627449
9      0.450332      0.442606    0.00561722
10      0.438777      0.442223    0.00503876
11      0.433229      0.441405    0.00463049
12      0.455613      0.442589    0.00438972
13      0.449098       0.44309    0.00406888
14      0.446818      0.443356    0.00377645
15      0.436354      0.442889    0.00354654
16      0.472579      0.444745    0.00380117
17      0.458524      0.445555    0.00366142
18      0.457125      0.446198    0.00351135
19      0.439984      0.445871    0.00333747
20       0.41708      0.444432     0.0034781
21      0.432522      0.443864    0.00335659
22      0.430537      0.443259    0.00325722
23      0.442147       0.44321    0.00311275
24      0.441788      0.443151    0.00298082
25      0.452781      0.443536    0.00288494
26      0.429128      0.442982    0.00282661
27       0.47136      0.444033    0.00291592
28      0.420247      0.443184    0.00293545
29      0.465795      0.443963    0.00293778
30      0.413501      0.442948    0.00301434
31      0.438865      0.442816    0.00291846
32      0.441378      0.442771    0.00282614
33      0.440293      0.442696    0.00274019
34      0.451762      0.442963    0.00267172
35      0.455292      0.443315    0.00261807
36      0.434164      0.443061    0.00255697
37      0.442985      0.443059    0.00248691
38      0.448137      0.443192    0.00242426
39      0.463594      0.443716    0.00241853
40      0.431892       0.44342    0.00237575
41      0.429766      0.443087     0.0023409
42      0.431422      0.442809     0.0023013
43      0.427175      0.442446    0.00227637
44      0.467292       0.44301     0.0022946
45      0.447499       0.44311    0.00224525
46      0.426743      0.442754    0.00222453
47      0.421038      0.442292    0.00222519
48      0.397695      0.441363     0.0023682
49      0.472954      0.442008    0.00240731
50      0.416223      0.441492    0.00241439
51      0.409989      0.440874    0.00244586
52       0.42808      0.440628    0.00241095
53      0.481732      0.441404    0.00248894
54      0.439747      0.441373     0.0024426
55      0.416358      0.440918    0.00244054
56      0.445636      0.441003    0.00239804
57      0.446032      0.441091    0.00235724
58      0.428102      0.440867    0.00232705
59      0.414462      0.440419    0.00233064
60      0.455288      0.440667    0.00230483
61      0.451779      0.440849    0.00227403
62       0.44361      0.440894     0.0022375
63      0.460368      0.441203    0.00222329
64      0.431229      0.441047    0.00219382
65      0.494367      0.441867    0.00231034
66      0.442154      0.441872    0.00227507
67      0.414426      0.441462    0.00227799
68      0.430498      0.441301    0.00225002
69       0.44738      0.441389    0.00221893
70      0.457079      0.441613    0.00219845
71      0.470447      0.442019    0.00220499
72      0.437903      0.441962     0.0021749
73      0.438257      0.441911     0.0021455
74      0.426598      0.441704     0.0021264
75      0.464397      0.442007    0.00211956
76      0.407432      0.441552     0.0021404
77      0.415215       0.44121    0.00213993
78      0.430488      0.441072    0.00211678
79       0.44813      0.441162    0.00209173
80      0.461045       0.44141    0.00208031
81      0.446668      0.441475     0.0020555
82      0.459004      0.441689     0.0020415
83      0.454842      0.441848    0.00202297
84      0.426155      0.441661    0.00200745
85      0.445234      0.441703    0.00198414
86      0.418342      0.441431    0.00197966
87      0.409892      0.441069    0.00199006
88      0.438584       0.44104    0.00196752
89      0.447084      0.441108    0.00194648
90      0.461478      0.441335    0.00193799
91      0.431317      0.441225    0.00191973
92      0.438704      0.441197    0.00189895
93      0.484862      0.441667    0.00193621
94      0.434628      0.441592    0.00191696
95      0.455207      0.441735    0.00190208
96      0.442028      0.441738    0.00188217
97      0.440148      0.441722    0.00186274
98      0.452633      0.441833    0.00184699
99      0.468267        0.4421    0.00184763
100      0.432534      0.442004    0.00183156
