1     -0.891529     -0.891529             0
2     -0.890955     -0.891242     0.0002868
3     -0.889951     -0.890812   0.000461029
4     -0.892423     -0.891215   0.000518243
5     -0.893307     -0.891633   0.000579917
6      -0.89308     -0.891874    0.00053137
7     -0.892498     -0.891963   0.000457855
8     -0.892987     -0.892091   0.000416654
9     -0.890835     -0.891952   0.000393071
10     -0.891748     -0.891931   0.000352163
11     -0.890883     -0.891836   0.000332492
12      -0.89322     -0.891951   0.000324692
13      -0.89286     -0.892021   0.000306741
14     -0.893001     -0.892091   0.000292477
15     -0.893037     -0.892154   0.000279482
16     -0.891307     -0.892101   0.000266739
17     -0.890897     -0.892031   0.000260385
18     -0.893452      -0.89211   0.000257882
19     -0.891769     -0.892092    0.00024459
20     -0.891696     -0.892072    0.00023288
21     -0.894003     -0.892164   0.000239848
22     -0.891187     -0.892119   0.000232954
23     -0.894833     -0.892237   0.000251926
24       -0.8923      -0.89224   0.000241215
25      -0.89145     -0.892208   0.000233515
26     -0.893479     -0.892257   0.000229617
27     -0.890894     -0.892207   0.000226641
28     -0.892091     -0.892203   0.000218436
29     -0.892327     -0.892207   0.000210813
30      -0.89177     -0.892192   0.000204185
31      -0.89107     -0.892156   0.000200783
32     -0.891621     -0.892139   0.000195125
33     -0.893074     -0.892168   0.000191227
34     -0.893227     -0.892199   0.000188116
35      -0.89187     -0.892189   0.000182904
36     -0.892446     -0.892197   0.000177893
37     -0.892436     -0.892203   0.000173139
38      -0.89285      -0.89222   0.000169378
39     -0.889605     -0.892153   0.000178085
40     -0.891248      -0.89213   0.000175045
41     -0.891782     -0.892122   0.000170934
42     -0.893384     -0.892152   0.000169499
43     -0.892407     -0.892158   0.000165617
44     -0.893628     -0.892191   0.000165223
45     -0.890928     -0.892163   0.000163931
46     -0.890802     -0.892134   0.000163034
47     -0.892715     -0.892146   0.000160007
48     -0.891818     -0.892139   0.000156786
49      -0.89161     -0.892128   0.000153933
50     -0.890803     -0.892102   0.000153134
51      -0.89284     -0.892116   0.000150798
52     -0.891567     -0.892106   0.000148246
53     -0.892445     -0.892112   0.000145562
54     -0.891369     -0.892098   0.000143503
55     -0.893743     -0.892128   0.000144009
56     -0.891421     -0.892116   0.000141978
57     -0.891164     -0.892099    0.00014046
58     -0.892273     -0.892102    0.00013805
59     -0.892566      -0.89211   0.000135918
60     -0.892171     -0.892111   0.000133637
61     -0.892175     -0.892112   0.000131433
62     -0.891923     -0.892109   0.000129331
63     -0.891814     -0.892104   0.000127348
64     -0.891318     -0.892092   0.000125943
65     -0.891034     -0.892076   0.000125053
66     -0.891258     -0.892063   0.000123765
67     -0.892339     -0.892067   0.000121973
68     -0.891638     -0.892061   0.000120332
69     -0.894123     -0.892091   0.000122283
70      -0.89393     -0.892117   0.000123355
71     -0.890862       -0.8921   0.000122884
72     -0.892457     -0.892105   0.000121267
73     -0.893726     -0.892127   0.000121641
74     -0.892388      -0.89213   0.000120038
75     -0.891378      -0.89212    0.00011885
76       -0.8923     -0.892123   0.000117299
77     -0.891262     -0.892111   0.000116305
78     -0.890482     -0.892091   0.000116688
79     -0.891354     -0.892081   0.000115579
80     -0.892503     -0.892086   0.000114247
81     -0.892112     -0.892087   0.000112828
82     -0.892153     -0.892088   0.000111446
83     -0.894004     -0.892111    0.00011249
84     -0.891523     -0.892104   0.000111363
85     -0.892424     -0.892107    0.00011011
86     -0.891224     -0.892097   0.000109306
87     -0.894306     -0.892123   0.000110984
88     -0.892051     -0.892122   0.000109718
89     -0.893288     -0.892135   0.000109267
90     -0.894265     -0.892159   0.000110608
91     -0.892052     -0.892157   0.000109392
92     -0.892376      -0.89216   0.000108222
93     -0.891581     -0.892154   0.000107233
94     -0.893727      -0.89217   0.000107399
95     -0.891472     -0.892163   0.000106516
96     -0.892039     -0.892162   0.000105409
97     -0.891677     -0.892157   0.000104436
98     -0.893069     -0.892166   0.000103783
99     -0.892833     -0.892173    0.00010295
100     -0.893486     -0.892186   0.000102758
