2253.7037
2043.7614
1559.6373
1343.653
1128.0368
969.40863
922.50252
802.93977
741.99106
664.87905
664.87905
580.76554
580.76554
580.76554
541.04085
466.784
466.784
461.17527
384.96878
384.96878
384.96878
384.96878
384.96878
384.96878
384.96878
384.96878
384.96878
384.96878
384.96878
384.96878
384.96878
384.96878
384.96878
384.96878
384.96878
384.96878
377.44339
377.44339
377.44339
377.44339
377.44339
377.44339
377.44339
377.44339
377.44339
377.44339
377.44339
377.44339
377.44339
377.44339
377.44339
373.46283
373.46283
373.46283
373.46283
365.81006
363.97758
360.40175
360.40175
360.40175
360.40175
360.40175
360.40175
360.40175
360.40175
360.40175
360.40175
360.40175
360.40175
360.40175
360.40175
360.40175
360.40175
360.40175
360.40175
360.40175
360.40175
360.40175
360.40175
360.40175
360.40175
360.40175
360.40175
360.40175
360.40175
360.40175
360.40175
360.40175
360.40175
360.40175
360.40175
360.40175
360.40175
360.40175
360.40175
360.40175
360.40175
360.40175
360.40175
360.40175
