1 1842.258
2 1056.1132
3 665.67419
4 474.74062
5 471.71156
6 471.71156
7 471.71156
8 471.71156
9 471.71156
10 471.71156
11 471.71156
12 471.71156
13 471.71156
14 471.71156
15 471.71156
16 471.71156
17 471.71156
18 471.71156
19 471.71156
20 471.71156
21 471.71156
22 471.71156
23 471.71156
24 471.71156
25 471.71156
26 471.71156
27 471.71156
28 471.71156
29 471.71156
30 471.71156
31 471.71156
32 471.71156
33 471.71156
34 471.71156
35 471.71156
36 471.71156
37 471.71156
38 471.71156
39 471.71156
40 471.71156
41 471.71156
42 471.71156
43 471.71156
44 471.71156
45 471.71156
46 471.71156
47 471.71156
48 471.71156
49 471.71156
50 471.71156
51 471.71156
52 471.71156
53 471.71156
54 471.71156
55 471.71156
56 471.71156
57 471.71156
58 471.71156
59 471.71156
60 471.71156
61 471.71156
62 471.71156
63 471.71156
64 471.71156
65 471.71156
66 471.71156
67 471.71156
68 471.71156
69 471.71156
70 471.71156
71 471.71156
72 471.71156
73 471.71156
74 471.71156
75 471.71156
76 471.71156
77 471.71156
78 471.71156
79 471.71156
80 471.71156
81 471.71156
82 471.71156
83 471.71156
84 471.71156
85 471.71156
86 471.71156
87 471.71156
88 471.71156
89 471.71156
90 471.71156
91 471.71156
92 471.71156
93 471.71156
94 471.71156
95 471.71156
96 471.71156
97 471.71156
98 471.71156
99 471.71156
100 471.71156
