0 4 5 8 3 6 7 9 1 2
0 4 1 9 7 6 3 8 5 2
0 4 1 9 7 6 3 8 5 2
0 4 1 9 7 6 3 8 5 2
0 4 1 9 7 6 3 8 5 2
0 4 1 9 7 6 3 8 5 2
0 4 1 9 7 6 3 8 5 2
0 4 1 9 7 6 3 8 5 2
0 4 1 9 7 6 3 8 5 2
0 4 1 9 7 6 3 8 5 2
0 4 1 9 7 6 3 8 5 2
0 4 1 9 7 6 3 8 5 2
0 4 1 9 7 6 3 8 5 2
0 4 1 9 7 6 3 8 5 2
0 4 1 9 7 6 3 8 5 2
0 4 1 9 7 6 3 8 5 2
0 4 1 9 7 6 3 8 5 2
0 4 1 9 7 6 3 8 5 2
0 4 1 9 7 6 3 8 5 2
0 4 1 9 7 6 3 8 5 2
0 4 1 9 7 6 3 8 5 2
0 4 1 9 7 6 3 8 5 2
0 4 1 9 7 6 3 8 5 2
0 4 1 9 7 6 3 8 5 2
0 4 1 9 7 6 3 8 5 2
0 4 1 9 7 6 3 8 5 2
0 4 1 9 7 6 3 8 5 2
0 4 1 9 7 6 3 8 5 2
0 4 1 9 7 6 3 8 5 2
0 4 1 9 7 6 3 8 5 2
0 4 1 9 7 6 3 8 5 2
0 4 1 9 7 6 3 8 5 2
0 4 1 9 7 6 3 8 5 2
0 4 1 9 7 6 3 8 5 2
0 4 1 9 7 6 3 8 5 2
0 4 1 9 7 6 3 8 5 2
0 4 1 9 7 6 3 8 5 2
0 4 1 9 7 6 3 8 5 2
0 4 1 9 7 6 3 8 5 2
0 4 1 9 7 6 3 8 5 2
0 4 1 9 7 6 3 8 5 2
0 4 1 9 7 6 3 8 5 2
0 4 1 9 7 6 3 8 5 2
0 4 1 9 7 6 3 8 5 2
0 4 1 9 7 6 3 8 5 2
0 4 1 9 7 6 3 8 5 2
0 4 1 9 7 6 3 8 5 2
0 4 1 9 7 6 3 8 5 2
0 4 1 9 7 6 3 8 5 2
0 4 1 9 7 6 3 8 5 2
0 4 1 9 7 6 3 8 5 2
0 4 1 9 7 6 3 8 5 2
0 4 1 9 7 6 3 8 5 2
0 4 1 9 7 6 3 8 5 2
0 4 1 9 7 6 3 8 5 2
0 4 1 9 7 6 3 8 5 2
0 4 1 9 7 6 3 8 5 2
0 4 1 9 7 6 3 8 5 2
0 4 1 9 7 6 3 8 5 2
0 4 1 9 7 6 3 8 5 2
0 4 1 9 7 6 3 8 5 2
0 4 1 9 7 6 3 8 5 2
0 4 1 9 7 6 3 8 5 2
0 4 1 9 7 6 3 8 5 2
0 4 1 9 7 6 3 8 5 2
0 4 1 9 7 6 3 8 5 2
0 4 1 9 7 6 3 8 5 2
0 4 1 9 7 6 3 8 5 2
0 4 1 9 7 6 3 8 5 2
0 4 1 9 7 6 3 8 5 2
0 4 1 9 7 6 3 8 5 2
0 4 1 9 7 6 3 8 5 2
0 4 1 9 7 6 3 8 5 2
0 4 1 9 7 6 3 8 5 2
0 4 1 9 7 6 3 8 5 2
0 4 1 9 7 6 3 8 5 2
0 4 1 9 7 6 3 8 5 2
0 4 1 9 7 6 3 8 5 2
0 4 1 9 7 6 3 8 5 2
0 4 1 9 7 6 3 8 5 2
0 4 1 9 7 6 3 8 5 2
0 4 1 9 7 6 3 8 5 2
0 4 1 9 7 6 3 8 5 2
0 4 1 9 7 6 3 8 5 2
0 4 1 9 7 6 3 8 5 2
0 4 1 9 7 6 3 8 5 2
0 4 1 9 7 6 3 8 5 2
0 4 1 9 7 6 3 8 5 2
0 4 1 9 7 6 3 8 5 2
0 4 1 9 7 6 3 8 5 2
0 4 1 9 7 6 3 8 5 2
0 4 1 9 7 6 3 8 5 2
0 4 1 9 7 6 3 8 5 2
0 4 1 9 7 6 3 8 5 2
0 4 1 9 7 6 3 8 5 2
0 4 1 9 7 6 3 8 5 2
0 4 1 9 7 6 3 8 5 2
0 4 1 9 7 6 3 8 5 2
0 4 1 9 7 6 3 8 5 2
0 4 1 9 7 6 3 8 5 2
