0 0 0 0 
1 0.064633 0 0 
2 0.129266 0 0 
3 0.193899 0 0 
4 0.258532 0 0 
5 0.323165 0 0 
6 0.387798 0 0 
7 0.452431 0 0 
8 0.517064 0 0 
9 0.581697 0 0 
10 0.64633 0 0 
11 0.710963 0 0 
12 0.775596 0 0 
13 0.84023 0.000927958 0.000118023 
14 0.904863 0.146416 0.00230396 
15 0.969496 1.0511 0.0108884 
16 1.03413 2.01744 0.0202772 
17 1.09876 2.23862 0.0211143 
18 1.16339 2.05909 0.0181353 
19 1.22803 1.79947 0.0150735 
20 1.29266 1.58544 0.0136045 
21 1.35729 1.42216 0.0113634 
22 1.42193 1.30902 0.0100873 
23 1.48656 1.22526 0.00908454 
24 1.55119 1.16798 0.00860367 
25 1.61583 1.12429 0.00836614 
26 1.68046 1.09277 0.00789639 
27 1.74509 1.07519 0.00763268 
28 1.80973 1.06339 0.00756447 
29 1.87436 1.05317 0.00720452 
30 1.93899 1.04895 0.00712174 
31 2.00362 1.04662 0.00703834 
32 2.06826 1.04527 0.00678688 
33 2.13289 1.04326 0.00676379 
34 2.19752 1.03917 0.00655801 
35 2.26216 1.03379 0.00616 
36 2.32679 1.02779 0.00575668 
37 2.39142 1.02231 0.00552179 
38 2.45606 1.0178 0.00555195 
39 2.52069 1.01059 0.00515633 
40 2.58532 1.00704 0.00521932 
41 2.64995 1.00328 0.00513647 
42 2.71459 1.00098 0.00500831 
43 2.77922 1.00016 0.00504489 
44 2.84385 0.997538 0.00467059 
45 2.90849 0.995907 0.00421815 
46 2.97312 0.995309 0.00417019 
47 3.03775 0.992737 0.00405687 
48 3.10239 0.994047 0.00385367 
49 3.16702 0.992685 0.00390296 
50 3.23165 0.991265 0.00371418 
51 3.29629 0.990728 0.00368187 
52 3.36092 0.989751 0.00385447 
53 3.42555 0.988554 0.00372763 
54 3.49018 0.987565 0.00368162 
55 3.55482 0.988573 0.00380437 
56 3.61945 0.988501 0.00355522 
57 3.68408 0.988094 0.00351814 
58 3.74872 0.987557 0.00328306 
59 3.81335 0.985551 0.00309988 
60 3.87798 0.986146 0.00321592 
61 3.94262 0.984953 0.00324992 
62 4.00725 0.984336 0.00311427 
63 4.07188 0.98403 0.00308751 
64 4.13651 0.982646 0.00287574 
65 4.20115 0.983331 0.00294384 
66 4.26578 0.983003 0.0028483 
67 4.33041 0.982706 0.00290394 
68 4.39505 0.982711 0.00275912 
69 4.45968 0.983995 0.00270123 
70 4.52431 0.98384 0.00250932 
71 4.58895 0.984748 0.00241794 
72 4.65358 0.984231 0.0023673 
73 4.71821 0.983262 0.00239719 
74 4.78285 0.984208 0.00224782 
75 4.84748 0.983319 0.00226873 
76 4.91211 0.983981 0.00231457 
77 4.97674 0.983486 0.00215639 
78 5.04138 0.984485 0.0022297 
79 5.10601 0.983796 0.00227663 
80 5.17064 0.982206 0.0021766 
81 5.23528 0.982248 0.0021255 
82 5.29991 0.981154 0.00198947 
83 5.36454 0.981985 0.00200344 
84 5.42918 0.983386 0.00199847 
85 5.49381 0.982106 0.00194109 
86 5.55844 0.982502 0.00200826 
87 5.62307 0.982781 0.00202672 
88 5.68771 0.983531 0.00190876 
89 5.75234 0.984449 0.00188848 
90 5.81697 0.984085 0.00175834 
91 5.88161 0.985522 0.00172993 
92 5.94624 0.985699 0.0017339 
93 6.01087 0.986119 0.00171347 
94 6.07551 0.986936 0.00159537 
95 6.14014 0.987005 0.001499 
96 6.20477 0.98684 0.00163523 
97 6.2694 0.98668 0.00164242 
98 6.33404 0.986449 0.00160208 
99 6.39867 0.986642 0.00159371 
