           1   -0.378755   -0.378755           0
           2   -0.420083   -0.399419   0.0206641
           3    -0.40422   -0.401019   0.0120372
           4   -0.412948   -0.404002  0.00901893
           5   -0.430531   -0.409308  0.00877255
           6    -0.46257   -0.418185   0.0114064
           7   -0.427549   -0.419522  0.00973256
           8   -0.430447   -0.420888  0.00853856
           9   -0.471067   -0.426463  0.00936969
          10   -0.431169   -0.426934  0.00839371
          11   -0.396985   -0.424211  0.00806581
          12   -0.351658   -0.418165  0.00952731
          13   -0.406284   -0.417251  0.00881137
          14   -0.376762   -0.414359  0.00865523
          15   -0.405251   -0.413752  0.00808042
          16   -0.403181   -0.413091  0.00758736
          17    -0.35696    -0.40979  0.00785477
          18   -0.423347   -0.410543  0.00744375
          19    -0.42849   -0.411487  0.00710416
          20   -0.469882   -0.414407  0.00734486
          21   -0.452031   -0.416199  0.00721242
          22   -0.402549   -0.415578   0.0069047
          23   -0.435043   -0.416425  0.00665173
          24   -0.472546   -0.418763  0.00678428
          25   -0.414096   -0.418576  0.00650993
          26   -0.391497   -0.417535  0.00634066
          27   -0.402604   -0.416982  0.00612632
          28   -0.399522   -0.416358  0.00593631
          29   -0.367947   -0.414689  0.00596626
          30   -0.353611   -0.412653  0.00611295
          31   -0.358412   -0.410903  0.00616594
          32   -0.416466   -0.411077  0.00597268
          33   -0.407979   -0.410983  0.00578962
          34   -0.435779   -0.411712  0.00566391
          35   -0.407393   -0.411589  0.00550108
          36   -0.378828   -0.410679    0.005423
          37   -0.432442   -0.411267  0.00530709
          38   -0.433587   -0.411855  0.00519882
          39   -0.417711   -0.412005  0.00506599
          40   -0.434845   -0.412576  0.00497063
          41    -0.42606   -0.412905  0.00485902
          42    -0.41314    -0.41291  0.00474192
          43   -0.395273     -0.4125  0.00464846
          44   -0.390766   -0.412006  0.00456837
          45   -0.389464   -0.411505  0.00449371
          46   -0.377529   -0.410767  0.00445656
          47   -0.375944   -0.410026  0.00442321
          48   -0.375662    -0.40931  0.00438886
          49   -0.414427   -0.409414  0.00429963
          50   -0.455914   -0.410344  0.00431419
          51   -0.437138    -0.41087  0.00426126
          52   -0.425499   -0.411151  0.00418797
          53   -0.475438   -0.412364  0.00428352
          54   -0.442152   -0.412915  0.00423949
          55   -0.428441   -0.413198  0.00417125
          56   -0.421852   -0.413352    0.004099
          57   -0.401456   -0.413144  0.00403186
          58   -0.399704   -0.412912   0.0039685
          59   -0.372896   -0.412234  0.00395918
          60   -0.391705   -0.411891  0.00390765
          61   -0.408285   -0.411832  0.00384351
          62    -0.39707   -0.411594   0.0037885
          63   -0.367676   -0.410897   0.0037925
          64   -0.387793   -0.410536  0.00375018
          65    -0.34965   -0.409599  0.00380901
          66   -0.366712    -0.40895  0.00380673
          67   -0.386666   -0.408617   0.0037642
          68   -0.403249   -0.408538  0.00370927
          69   -0.425217    -0.40878   0.0036631
          70   -0.412359   -0.408831  0.00361076
          71   -0.390065   -0.408567  0.00356934
          72   -0.424841   -0.408793  0.00352666
          73   -0.443697   -0.409271  0.00351073
          74   -0.365099   -0.408674  0.00351403
          75   -0.392147   -0.408454  0.00347386
          76   -0.415517   -0.408546   0.0034291
          77   -0.386615   -0.408262  0.00339624
          78   -0.383417   -0.407943  0.00336751
          79   -0.382772   -0.407625  0.00333985
          80   -0.412878    -0.40769  0.00329849
          81    -0.39403   -0.407522  0.00326187
          82   -0.394622   -0.407364  0.00322569
          83    -0.38241   -0.407064  0.00320074
          84   -0.380564   -0.406748   0.0031781
          85   -0.409022   -0.406775   0.0031406
          86   -0.372357   -0.406375  0.00312956
          87   -0.431526   -0.406664  0.00310686
          88   -0.425983   -0.406883  0.00307919
          89   -0.438629    -0.40724  0.00306522
          90   -0.421786   -0.407402  0.00303528
          91   -0.428056   -0.407629  0.00301031
          92   -0.466833   -0.408272  0.00304616
          93    -0.45137   -0.408736  0.00304865
          94   -0.394569   -0.408585  0.00301981
          95    -0.43059   -0.408816  0.00299682
          96   -0.440264   -0.409144  0.00298347
          97   -0.451969   -0.409586  0.00298538
          98   -0.382203   -0.409306  0.00296794
          99   -0.362656   -0.408835  0.00297536
         100   -0.340492   -0.408151   0.0030237
