           1   0.0484649   0.0484649           0
           2   0.0494364   0.0489507  0.00048575
           3   0.0494446   0.0491153 0.000325215
           4   0.0497671   0.0492783  0.00028184
           5   0.0503483   0.0494923 0.000305717
           6   0.0492469   0.0494514 0.000252946
           7   0.0488044    0.049359 0.000232902
           8   0.0483939   0.0492383 0.000235023
           9   0.0490525   0.0492177 0.000208296
          10    0.048405   0.0491364  0.00020326
          11    0.048627   0.0490901 0.000189597
          12   0.0498029   0.0491495 0.000182987
          13   0.0496028   0.0491844 0.000171897
          14   0.0496365   0.0492167 0.000162389
          15   0.0510972    0.049342 0.000196395
          16    0.049557   0.0493555 0.000184201
          17   0.0506611   0.0494323 0.000189305
          18   0.0509109   0.0495144 0.000196475
          19   0.0486913   0.0494711 0.000190829
          20   0.0484153   0.0494183 0.000188576
          21   0.0478175   0.0493421 0.000194897
          22   0.0487193   0.0493138 0.000187971
          23   0.0483745   0.0492729 0.000184196
          24   0.0491271   0.0492668 0.000176459
          25   0.0486297   0.0492414 0.000171162
          26   0.0495315   0.0492525 0.000164825
          27   0.0503501   0.0492932  0.00016373
          28   0.0504562   0.0493347  0.00016315
          29   0.0493563   0.0493354 0.000157425
          30   0.0484456   0.0493058 0.000154953
          31   0.0489135   0.0492931 0.000150404
          32   0.0485334   0.0492694 0.000147551
          33   0.0490362   0.0492623 0.000143184
          34   0.0501017    0.049287 0.000141086
          35   0.0490892   0.0492814 0.000137112
          36    0.048267   0.0492532 0.000136196
          37    0.049779   0.0492674 0.000133224
          38   0.0479403   0.0492325 0.000134291
          39   0.0487654   0.0492205  0.00013135
          40    0.047834   0.0491858 0.000132633
          41   0.0479412   0.0491555 0.000132872
          42   0.0503953    0.049185 0.000132988
          43   0.0506008   0.0492179 0.000133967
          44   0.0488087   0.0492086 0.000131217
          45   0.0503792   0.0492346 0.000130879
          46   0.0494201   0.0492387 0.000128066
          47   0.0497402   0.0492493 0.000125765
          48   0.0510525   0.0492869  0.00012872
          49   0.0499105   0.0492996 0.000126707
          50   0.0493157   0.0492999 0.000124147
          51   0.0487369   0.0492889 0.000122188
          52   0.0487367   0.0492783 0.000120285
          53   0.0477717   0.0492499  0.00012137
          54    0.048447    0.049235 0.000120025
          55   0.0493216   0.0492366 0.000117833
          56   0.0480384   0.0492152 0.000117672
          57   0.0474541   0.0491843 0.000119647
          58   0.0490772   0.0491824  0.00011758
          59   0.0495265   0.0491883 0.000115717
          60   0.0498152   0.0491987 0.000114251
          61   0.0499707   0.0492114 0.000113073
          62   0.0504172   0.0492308 0.000112922
          63   0.0508335   0.0492563  0.00011399
          64   0.0494741   0.0492597 0.000112247
          65    0.050066   0.0492721   0.0001112
          66   0.0491762   0.0492706 0.000109512
          67   0.0481846   0.0492544 0.000109076
          68   0.0493637    0.049256 0.000107472
          69   0.0486502   0.0492472 0.000106267
          70   0.0499182   0.0492568 0.000105175
          71    0.049528   0.0492606 0.000103754
          72   0.0496334   0.0492658 0.000102433
          73   0.0494679   0.0492686 0.000101058
          74   0.0495394   0.0492722 9.97506e-05
          75   0.0496938   0.0492779  9.8572e-05
          76   0.0502311   0.0492904 9.80717e-05
          77    0.049194   0.0492892 9.67977e-05
          78   0.0504482    0.049304 9.66972e-05
          79   0.0485871   0.0492949 9.58957e-05
          80   0.0489873   0.0492911 9.47675e-05
          81   0.0494905   0.0492936 9.36226e-05
          82   0.0492072   0.0492925 9.24798e-05
          83   0.0493862   0.0492936 9.13657e-05
          84    0.048285   0.0492816 9.10666e-05
          85   0.0492048   0.0492807 8.99934e-05
          86   0.0489642    0.049277  8.9017e-05
          87   0.0486991   0.0492704 8.82382e-05
          88   0.0486799   0.0492637 8.74875e-05
          89   0.0491999    0.049263 8.65018e-05
          90   0.0489566   0.0492596  8.5603e-05
          91   0.0483488   0.0492496 8.52467e-05
          92   0.0499364    0.049257 8.46449e-05
          93   0.0470017   0.0492328  8.7171e-05
          94   0.0494045   0.0492346  8.6258e-05
          95   0.0496275   0.0492387 8.54453e-05
          96   0.0488541   0.0492347 8.46455e-05
          97   0.0499311   0.0492419 8.40753e-05
          98    0.049249    0.049242  8.3213e-05
          99   0.0495057   0.0492446 8.24113e-05
         100   0.0493835    0.049246 8.15948e-05
