 3913.63
 2807.67
 2299.95
 1934.86
 1676.25
 1310.07
 1190.32
 1095.81
 1030.33
 974.722
 926.029
 890.031
 859.905
 825.338
 789.139
 756.704
 728.987
 711.04
 698.212
 686.488
 677.665
 669.45
 660.357
 643.309
 603.985
 565.76
 552.085
 545.639
 541.916
 537.573
 533.239
 530.458
 527.466
 524.729
 521.522
 518.122
 514.102
 510.093
 504.784
 500.151
 494.447
 490.149
 484.821
 478.92
 473.799
 468.018
 462.714
 457.765
 453.114
 448.38
 444.685
 441.761
 439.757
 437.653
 436.129
 434.714
 433.108
 431.854
 430.886
 430.324
 430.265
 430.191
 430.103
 429.949
 429.887
 429.794
 429.705
 429.612
 429.529
 429.356
 429.318
 429.269
 429.232
 429.171
 429.088
 429.131
 429.08
 428.994
 428.88
 428.687
 428.781
 428.65
 428.606
 428.391
 428.474
 428.272
 428.132
 428.091
 428.021
 427.731
 427.7
 427.711
 427.619
 427.551
 427.425
 427.208
 427
 426.879
 426.703
 426.626
