2483.74
1934.96
1497.1
1222.45
1093.86
1005.41
922.438
857.58
805.878
689.574
653.175
557.499
557.499
547.629
520.995
515.138
487.041
468.37
461.202
432.41
421.961
421.961
418.406
396.359
396.359
396.359
396.359
394.357
394.357
394.357
394.357
394.357
394.357
394.357
394.357
391.174
391.174
391.174
391.174
390.222
390.222
390.222
390.222
390.141
390.141
390.141
388.39
388.39
388.39
388.39
388.39
388.39
387.438
387.438
387.438
387.438
387.438
387.438
387.438
387.438
387.438
387.438
387.438
387.438
387.438
387.438
387.438
387.438
387.438
387.438
387.438
387.438
387.438
387.438
387.438
387.438
387.438
387.438
387.438
371.168
371.168
371.168
371.168
371.168
371.168
371.168
371.168
371.168
371.168
371.168
371.168
371.168
371.168
371.168
371.168
371.168
371.168
371.168
371.168
366.01
