0.497209   -0.498525   0.493079
-0.334517   -0.324194   0.487677
-0.49657   -0.339365   -0.343515
-0.332843   0.493403   -0.336546
-0.156546   0.487598   0.490503
0.00863422   -0.343842   0.498895
-0.152546   -0.342313   -0.342602
0.0135448   0.493799   -0.333191
0.167309   -0.487594   0.480794
0.329939   -0.341293   -0.495887
0.18389   -0.336128   -0.332262
0.311193   0.485288   -0.339813
0.496709   -0.16859   -0.485975
-0.337188   -0.0145335   -0.477857
-0.499149   0.00292721   -0.343202
-0.330885   -0.183633   -0.328998
-0.161904   -0.185268   -0.491872
-0.00176406   -0.0237295   -0.483954
-0.167978   -0.0188514   -0.322861
-0.00101078   -0.180191   -0.33801
0.160909   -0.179885   0.486826
0.341873   -0.00368672   0.485826
0.164935   -0.00740622   -0.343462
0.323741   -0.163486   -0.348186
-0.490924   0.165444   -0.49831
-0.336998   0.341005   0.489167
0.484543   0.31873   -0.337075
-0.338806   0.177604   -0.328896
-0.197939   0.162326   -0.499299
-0.00411339   0.333251   0.499832
-0.154039   0.31088   -0.331511
-0.00813555   0.153842   -0.359196
0.149325   0.163208   -0.498827
0.339974   0.338212   0.497778
0.152456   0.311177   -0.339818
0.32443   0.172367   -0.336215
0.499891   0.499498   -0.168681
-0.315468   -0.345098   -0.165607
-0.495403   -0.31534   0.00945044
-0.344819   -0.488228   0.0140592
-0.16047   -0.497832   -0.171926
0.0158113   -0.338158   -0.149571
-0.1475   -0.329311   0.0070964
0.0182151   0.498561   0.0158627
0.15606   0.490862   -0.155173
0.339159   -0.326618   -0.170306
0.173465   -0.328187   0.000988112
0.346526   -0.481222   0.00426585
0.497171   -0.164581   -0.178383
-0.354916   0.0131922   -0.17371
0.486856   0.00367198   -0.0026129
-0.339916   -0.164765   0.00119601
-0.151373   -0.173051   -0.15784
0.00547638   0.00571601   -0.178667
-0.15478   -0.00462303   -0.00414877
0.015133   -0.168128   -0.00960832
0.164807   -0.173281   -0.183719
0.317048   -0.0139491   -0.181506
0.165582   0.0113628   -0.00538505
0.342386   -0.157674   0.00248771
0.496847   0.184644   -0.143836
-0.338971   0.354511   -0.166437
-0.499178   0.352626   -0.00789232
-0.319366   0.176689   -0.00138195
-0.159993   0.162548   -0.160547
-0.00651546   0.341787   -0.159043
-0.164889   0.338542   -0.00793999
-0.00804874   0.165623   0.0256074
0.164961   0.189737   -0.164967
0.320163   0.342696   -0.177767
0.156418   0.329173   0.0256633
0.323771   0.202237   0.00699618
0.480956   -0.477015   0.179269
-0.321747   -0.324254   0.171489
-0.485516   -0.322087   0.316164
-0.335765   -0.494223   0.343229
-0.186203   -0.499718   0.175709
0.0134275   -0.337548   0.166382
-0.142532   -0.341447   0.318022
-0.00557756   0.49255   0.322858
0.193717   -0.488155   0.173445
0.32807   -0.318653   0.159261
0.179509   -0.327558   0.328959
0.333849   -0.480932   0.348238
0.49994   -0.157229   0.162043
-0.327945   -0.00810708   0.166533
-0.492832   -0.00361433   0.321846
-0.318958   -0.16189   0.328397
-0.152608   -0.168219   0.166233
-0.011128   0.00915747   0.181274
-0.162161   -0.026799   0.353743
-0.00670815   -0.183866   0.335579
0.160906   -0.173172   0.175549
0.329678   -0.0114335   0.152591
0.151175   0.0073023   0.337703
0.344631   -0.163298   0.328934
-0.489853   0.155588   0.140994
-0.346002   0.343817   0.176442
0.486199   0.358085   0.341938
-0.345338   0.164325   0.335885
-0.187422   0.177081   0.17295
-0.00198418   0.314974   0.182349
-0.177726   0.334787   0.33807
-0.01881   0.158376   0.35161
0.16327   0.163439   0.165135
0.352952   0.335834   0.164208
0.165151   0.334433   0.33467
0.342487   0.157295   0.322253
