1      0.197515      0.197515             0
2      0.197091      0.197303   0.000211824
3      0.198497      0.197701   0.000416391
4      0.196314      0.197354   0.000455005
5      0.196493      0.197182    0.00039227
6       0.19804      0.197325    0.00035074
7      0.197934      0.197412   0.000308934
8      0.198457      0.197543   0.000297723
9      0.197654      0.197555   0.000262857
10      0.197764      0.197576   0.000236035
11      0.196546      0.197482   0.000233121
12      0.196403      0.197392   0.000231043
13      0.198053      0.197443   0.000218516
14      0.197814       0.19747   0.000204035
15      0.197833      0.197494   0.000191488
16      0.197228      0.197477   0.000179889
17      0.198058      0.197511   0.000172392
18      0.197673       0.19752   0.000162779
19      0.198345      0.197564   0.000159974
20      0.197401      0.197556   0.000151984
21      0.198965      0.197623   0.000159392
22      0.196784      0.197585   0.000156678
23      0.198488      0.197624   0.000154782
24      0.197022      0.197599   0.000150296
25      0.196574      0.197558   0.000149873
26      0.199083      0.197616   0.000155482
27       0.19746      0.197611   0.000149725
28      0.197183      0.197595   0.000145084
29       0.19927      0.197653   0.000151431
30       0.19812      0.197669   0.000147121
31      0.197073      0.197649    0.00014359
32      0.197325      0.197639   0.000139398
33      0.197418      0.197633   0.000135274
34      0.196308      0.197594   0.000136895
35      0.198905      0.197631   0.000138103
36       0.19845      0.197654   0.000136125
37      0.197414      0.197647   0.000132553
38        0.1957      0.197596   0.000138821
39      0.197629      0.197597   0.000135217
40      0.196839      0.197578   0.000133147
41      0.198731      0.197606    0.00013287
42      0.198351      0.197624   0.000130876
43       0.19764      0.197624   0.000127797
44       0.19619      0.197592   0.000129042
45      0.196848      0.197575    0.00012722
46      0.196239      0.197546   0.000127767
47       0.19786      0.197553   0.000125198
48      0.196594      0.197533    0.00012418
49      0.196529      0.197512   0.000123334
50      0.198421      0.197531   0.000122201
51      0.198536       0.19755   0.000121394
52      0.196515       0.19753   0.000120689
53      0.197442      0.197529   0.000118402
54      0.197513      0.197528   0.000116189
55      0.198682      0.197549   0.000115968
56       0.19673      0.197535   0.000114814
57      0.197735      0.197538   0.000112836
58       0.19827      0.197551   0.000111588
59      0.198028      0.197559   0.000109978
60      0.196796      0.197546   0.000108876
61      0.197697      0.197549   0.000107105
62       0.19666      0.197534   0.000106334
63      0.197068      0.197527   0.000104895
64      0.196925      0.197518    0.00010367
65      0.196857      0.197507   0.000102568
66      0.197957      0.197514   0.000101232
67      0.197663      0.197516   9.97343e-05
68      0.199387      0.197544   0.000102034
69      0.198735      0.197561   0.000102015
70      0.197716      0.197563   0.000100571
71      0.198075      0.197571   9.94055e-05
72      0.197428      0.197569   9.80353e-05
73      0.197317      0.197565   9.67445e-05
74      0.198043      0.197572   9.56461e-05
75      0.197893      0.197576   9.44593e-05
76       0.19775      0.197578   9.32362e-05
77      0.196953       0.19757   9.23748e-05
78      0.199711      0.197598   9.52231e-05
79      0.198472      0.197609    9.4659e-05
80      0.198409      0.197619   9.40026e-05
81      0.197141      0.197613   9.30216e-05
82      0.197162      0.197607   9.20441e-05
83      0.198067      0.197613   9.10972e-05
84      0.198077      0.197618   9.01755e-05
85      0.199496       0.19764   9.18061e-05
86      0.197367      0.197637   9.07881e-05
87      0.197359      0.197634   8.97952e-05
88      0.199193      0.197652   9.05204e-05
89      0.197503       0.19765   8.95131e-05
90      0.198343      0.197658   8.88473e-05
91      0.197579      0.197657   8.78698e-05
92       0.19986      0.197681    9.0147e-05
93      0.198532       0.19769   8.96408e-05
94      0.198396      0.197697   8.89999e-05
95      0.198403      0.197705   8.83711e-05
96      0.196401      0.197691   8.84939e-05
97      0.196824      0.197682   8.80324e-05
98      0.196966      0.197675   8.74356e-05
99      0.197866      0.197677   8.65694e-05
100      0.197984       0.19768   8.57542e-05
1      0.214482      0.214482             0
2      0.213852      0.214167   0.000315351
3      0.212592      0.213642   0.000555751
4      0.212439      0.213341   0.000494834
5      0.215904      0.213854   0.000640004
6       0.21175      0.213503   0.000629273
7      0.214452      0.213639    0.00054884
8      0.212897      0.213546   0.000484272
9      0.211832      0.213356    0.00046765
10      0.212066      0.213227   0.000437709
11      0.213372       0.21324   0.000396145
12      0.213822      0.213288   0.000364874
13      0.213908      0.213336   0.000338999
14      0.215001      0.213455   0.000335633
15      0.214151      0.213501   0.000315885
16       0.21511      0.213602   0.000312129
17       0.21223      0.213521   0.000304092
18      0.213732      0.213533   0.000286938
19      0.214107      0.213563    0.00027309
20      0.214343      0.213602   0.000261993
21      0.213396      0.213592   0.000249398
22      0.214588      0.213638   0.000242058
23      0.214531      0.213676   0.000234535
24       0.21332      0.213662   0.000225041
25       0.21436      0.213689    0.00021765
26      0.215184      0.213747   0.000216873
27      0.213648      0.213743   0.000208718
28      0.214029      0.213753   0.000201384
29        0.2152      0.213803   0.000200613
30       0.21317      0.213782   0.000194957
31      0.213321      0.213767   0.000189149
32      0.213209       0.21375   0.000183972
33      0.212359      0.213708   0.000183227
34      0.212798      0.213681   0.000179758
35      0.212722      0.213654   0.000176686
36      0.213727      0.213656   0.000171719
37      0.213453       0.21365   0.000167104
38      0.213326      0.213642    0.00016287
39      0.213952       0.21365   0.000158839
40      0.214039      0.213659   0.000155123
41      0.214246      0.213674   0.000151966
42       0.21578      0.213724   0.000156555
43      0.213294      0.213714   0.000153197
44      0.215281      0.213749   0.000153853
45      0.214455      0.213765   0.000151211
46      0.214064      0.213772    0.00014803
47      0.214444      0.213786   0.000145551
48      0.213334      0.213776   0.000142797
49      0.212535      0.213751   0.000142128
50      0.214112      0.213758   0.000139443
51      0.214141      0.213766   0.000136887
52       0.21462      0.213782   0.000135231
53      0.213671       0.21378   0.000132671
54      0.214775      0.213799    0.00013149
55      0.213523      0.213794   0.000129174
56       0.21332      0.213785   0.000127128
57      0.213986      0.213789   0.000124927
58      0.213066      0.213776   0.000123385
59      0.213542      0.213772    0.00012134
60      0.213915      0.213775   0.000119325
61      0.213104      0.213764   0.000117866
62      0.213954      0.213767    0.00011599
63      0.212907      0.213753   0.000114948
64      0.213935      0.213756   0.000113173
65      0.212253      0.213733   0.000113793
66       0.21376      0.213733   0.000112056
67       0.21281      0.213719   0.000111227
68      0.213249      0.213712   0.000109798
69      0.212429      0.213694   0.000109781
70      0.214003      0.213698   0.000108292
71      0.214406      0.213708    0.00010722
72      0.213603      0.213707    0.00010573
73      0.212225      0.213686   0.000106229
74      0.214184      0.213693      0.000105
75      0.214306      0.213701   0.000103912
76      0.212482      0.213685   0.000103784
77      0.215153      0.213704   0.000104186
78      0.211869      0.213681   0.000105499
79      0.212824       0.21367   0.000104719
80      0.216361      0.213704   0.000108734
81      0.212989      0.213695   0.000107746
82       0.21138      0.213667   0.000110103
83      0.211906      0.213645   0.000110817
84      0.213065      0.213638   0.000109708
85       0.21503      0.213655   0.000109637
86      0.213878      0.213657   0.000108386
87      0.213536      0.213656   0.000107142
88      0.213709      0.213657   0.000105919
89      0.212902      0.213648   0.000105066
90       0.21322      0.213643   0.000104001
91      0.212914      0.213635   0.000103163
92      0.214387      0.213644   0.000102362
93      0.214368      0.213651   0.000101554
94      0.213546       0.21365   0.000100475
95      0.213947      0.213653   9.94604e-05
96      0.211379       0.21363   0.000101231
97      0.215302      0.213647   0.000101655
98      0.214229      0.213653   0.000100787
99      0.213806      0.213654   9.97763e-05
100      0.212919      0.213647   9.90471e-05
1      0.251676      0.251676             0
2      0.251215      0.251445   0.000230508
3      0.250931      0.251274   0.000217027
4      0.251183      0.251251    0.00015515
5       0.25232      0.251465   0.000245234
6      0.250863      0.251365   0.000223946
7      0.253037      0.251604   0.000304782
8      0.250804      0.251504   0.000282244
9      0.250817      0.251427   0.000260335
10      0.251453       0.25143   0.000232865
11      0.252067      0.251488   0.000218462
12      0.251167      0.251461   0.000201216
13      0.251185       0.25144   0.000186307
14      0.251809      0.251466   0.000174494
15      0.250285      0.251388   0.000180527
16      0.250294      0.251319   0.000182176
17      0.252956      0.251415   0.000196352
18      0.252544      0.251478   0.000195452
19      0.253141      0.251566   0.000204548
20      0.250032      0.251489    0.00020865
21      0.251435      0.251486   0.000198483
22      0.250621      0.251447   0.000193294
23      0.252254      0.251482   0.000188002
24      0.251545      0.251485   0.000180017
25      0.248961      0.251384   0.000200019
26      0.250227      0.251339   0.000197255
27      0.252426       0.25138   0.000194032
28      0.249412      0.251309   0.000199749
29      0.248748      0.251221   0.000212015
30      0.249276      0.251156   0.000214843
31      0.250321      0.251129   0.000209534
32      0.249243       0.25107   0.000211268
33      0.251052       0.25107   0.000204767
34      0.250554      0.251055   0.000199231
35      0.248692      0.250987   0.000204895
36      0.253367      0.251053   0.000209812
37      0.252935      0.251104   0.000210307
38      0.250791      0.251096   0.000204863
39      0.249566      0.251057   0.000203359
40      0.251799      0.251075   0.000199076
41      0.251796      0.251093   0.000194956
42       0.25002      0.251067   0.000191963
43      0.252782      0.251107   0.000191642
44      0.252997       0.25115     0.0001921
45      0.250663      0.251139   0.000188093
46       0.24984      0.251111   0.000186114
47       0.24952      0.251077   0.000185233
48      0.250385      0.251063   0.000181905
49      0.251145      0.251064   0.000178162
50      0.250332       0.25105   0.000175175
51      0.249998      0.251029   0.000172939
52      0.249166      0.250993   0.000173325
53       0.25156      0.251004   0.000170359
54      0.248956      0.250966   0.000171423
55      0.249896      0.250947   0.000169398
56      0.251921      0.250964   0.000167254
57      0.252056      0.250983   0.000165406
58      0.251277      0.250988   0.000162608
59      0.251821      0.251002    0.00016045
60      0.252736      0.251031   0.000160377
61      0.252553      0.251056   0.000159687
62      0.249923      0.251038    0.00015815
63      0.250943      0.251036   0.000155626
64       0.25078      0.251032   0.000153228
65      0.251071      0.251033   0.000150853
66      0.249517       0.25101   0.000150316
67      0.250665      0.251005   0.000148145
68      0.250513      0.250998   0.000146129
69      0.250066      0.250984   0.000144627
70       0.25084      0.250982   0.000142561
71      0.251283      0.250986   0.000140603
72      0.251024      0.250987   0.000138637
73      0.251739      0.250997   0.000137112
74      0.250727      0.250993   0.000135296
75      0.250114      0.250982   0.000133994
76      0.250804      0.250979   0.000132239
77       0.25128      0.250983   0.000130569
78      0.251456      0.250989   0.000129027
79      0.251474      0.250996   0.000127531
80      0.251929      0.251007   0.000126466
81      0.250471      0.251001    0.00012507
82      0.251981      0.251013   0.000124112
83      0.251149      0.251014   0.000122618
84      0.252104      0.251027   0.000121842
85      0.249912      0.251014   0.000121113
86      0.248885      0.250989   0.000122229
87      0.251162      0.250991   0.000120832
88      0.250475      0.250985   0.000119595
89      0.251265      0.250989   0.000118285
90      0.249949      0.250977   0.000117532
91      0.250544      0.250972   0.000116331
92      0.249929      0.250961   0.000115617
93       0.25076      0.250959   0.000114387
94      0.249728      0.250946   0.000113918
95      0.252716      0.250964   0.000114242
96      0.250369      0.250958   0.000113216
97      0.253384      0.250983     0.0001148
98      0.250792      0.250981    0.00011364
99      0.251908       0.25099   0.000112875
100      0.249139      0.250972   0.000113264
1      0.297212      0.297212             0
2      0.294582      0.295897    0.00131488
3      0.293858      0.295218    0.00101892
4      0.296303      0.295489   0.000769875
5      0.296361      0.295663   0.000621306
6      0.297228      0.295924   0.000570401
7      0.296807       0.29605   0.000498317
8      0.298482      0.296354   0.000527837
9      0.294841      0.296186    0.00049492
10       0.29365      0.295932   0.000510167
11      0.297617      0.296086   0.000486224
12      0.297275      0.296185    0.00045479
13      0.294613      0.296064   0.000435475
14      0.295835      0.296047   0.000403503
15      0.296574      0.296082   0.000377277
16      0.293253      0.295906    0.00039474
17      0.294244      0.295808   0.000383467
18      0.295492       0.29579    0.00036196
19      0.296735       0.29584   0.000345968
20      0.295539      0.295825    0.00032856
21      0.299463      0.295998    0.00035733
22      0.294306      0.295921   0.000349275
23      0.297493       0.29599   0.000340668
24      0.297848      0.296067   0.000335231
25      0.295886       0.29606   0.000321624
26      0.295717      0.296047   0.000309287
27       0.29681      0.296075   0.000298952
28      0.294022      0.296002   0.000297264
29      0.297842      0.296065   0.000293765
30      0.298042      0.296131   0.000291355
31      0.297675      0.296181   0.000286168
32      0.295033      0.296145   0.000279392
33      0.299097      0.296234   0.000285189
34      0.294329      0.296178   0.000282293
35      0.295551       0.29616   0.000274694
36      0.295666      0.296147   0.000267307
37      0.298109        0.2962   0.000265335
38      0.294894      0.296165   0.000260535
39      0.295805      0.296156   0.000253935
40      0.298517      0.296215   0.000254444
41       0.29327      0.296143   0.000258349
42       0.29698      0.296163   0.000252909
43      0.296617      0.296174   0.000247183
44       0.29723      0.296198    0.00024269
45      0.294627      0.296163   0.000239789
46      0.293797      0.296111   0.000240093
47      0.298395       0.29616   0.000239902
48      0.293244      0.296099   0.000242584
49      0.295792      0.296093   0.000237664
50      0.296884      0.296109     0.0002334
51      0.294196      0.296071    0.00023183
52       0.29843      0.296117    0.00023181
53      0.299202      0.296175   0.000234729
54       0.29722      0.296194   0.000231152
55      0.299482      0.296254   0.000234653
56      0.294933       0.29623   0.000231629
57      0.296995      0.296244   0.000227924
58      0.299054      0.296292   0.000229142
59      0.296348      0.296293   0.000225227
60      0.298026      0.296322   0.000223315
61      0.297206      0.296337   0.000220102
62      0.297224      0.296351   0.000216995
63      0.296568      0.296354   0.000213551
64      0.295981      0.296349   0.000210269
65       0.29663      0.296353   0.000207054
66      0.295398      0.296338   0.000204405
67      0.297767       0.29636   0.000202456
68      0.297201      0.296372    0.00019984
69      0.297585       0.29639   0.000197705
70      0.295421      0.296376   0.000195352
71      0.297643      0.296394   0.000193406
72      0.293678      0.296356   0.000194394
73      0.298158      0.296381   0.000193295
74      0.296956      0.296388   0.000190824
75      0.295291      0.296374    0.00018883
76      0.296192      0.296371   0.000186344
77       0.29785      0.296391   0.000184907
78      0.296645      0.296394    0.00018255
79      0.294743      0.296373   0.000181433
80      0.297696      0.296389   0.000179912
81      0.292529      0.296342   0.000183958
82      0.295858      0.296336   0.000181796
83      0.295078      0.296321   0.000180231
84      0.297144      0.296331   0.000178342
85        0.2956      0.296322   0.000176441
86      0.294733      0.296304   0.000175353
87      0.295274      0.296292   0.000173729
88      0.295935      0.296288   0.000171791
89      0.296975      0.296295   0.000170026
90      0.296981      0.296303   0.000168299
91       0.29834      0.296325   0.000167937
92      0.298296      0.296347   0.000167478
93      0.295507      0.296338   0.000165913
94      0.294862      0.296322   0.000164887
95      0.296075      0.296319   0.000163163
96      0.297336       0.29633   0.000161801
97      0.295348       0.29632   0.000160444
98      0.296951      0.296326   0.000158929
99      0.299248      0.296356    0.00016006
100      0.294725       0.29634   0.000159288
1      0.349286      0.349286             0
2      0.351645      0.350466    0.00117931
3      0.350415      0.350449    0.00068108
4      0.351042      0.350597   0.000503908
5      0.353206      0.351119   0.000651547
6      0.350038      0.350939   0.000561657
7      0.350788      0.350917   0.000475172
8      0.348201      0.350578   0.000533486
9       0.34998      0.350511   0.000475152
10       0.35004      0.350464   0.000427599
11      0.350496      0.350467   0.000386788
12       0.35327      0.350701   0.000423375
13      0.352365      0.350829   0.000409955
14      0.349149      0.350709   0.000398059
15      0.347755      0.350512   0.000419625
16      0.345323      0.350187   0.000509173
17      0.352496      0.350323   0.000497188
18      0.351363      0.350381   0.000472302
19      0.346158      0.350159   0.000498995
20      0.351296      0.350216    0.00047679
21      0.348943      0.350155    0.00045755
22      0.352541      0.350263   0.000449537
23      0.348677      0.350194   0.000435049
24      0.352068      0.350273   0.000423776
25      0.348565      0.350204   0.000412173
26      0.347682      0.350107   0.000407712
27       0.34791      0.350026   0.000400675
28       0.35061      0.350047   0.000386664
29      0.352875      0.350144   0.000385628
30      0.348901      0.350103    0.00037485
31       0.34855      0.350053   0.000366001
32      0.346243      0.349934   0.000373841
33       0.35417      0.350062   0.000384406
34      0.346845      0.349967   0.000384747
35        0.3528      0.350048   0.000382257
36      0.348887      0.350016   0.000372884
37      0.346834       0.34993   0.000372721
38      0.349236      0.349912    0.00036324
39      0.349433      0.349899   0.000354017
40      0.348562      0.349866    0.00034667
41      0.349687      0.349862   0.000338137
42      0.350232      0.349871   0.000330105
43      0.352578      0.349933   0.000328429
44      0.349331       0.34992    0.00032117
45      0.350736      0.349938   0.000314475
46      0.348547      0.349908   0.000309046
47      0.347783      0.349862   0.000305761
48      0.350333      0.349872   0.000299484
49      0.351606      0.349908   0.000295435
50      0.346188      0.349833   0.000298875
51      0.351295      0.349862   0.000294354
52      0.347973      0.349826   0.000290916
53      0.349693      0.349823   0.000285385
54       0.34975      0.349822   0.000280053
55      0.349425      0.349815   0.000275009
56      0.350048      0.349819   0.000270086
57      0.347432      0.349777    0.00026859
58      0.348669      0.349758   0.000264608
59      0.355584      0.349856   0.000278198
60       0.34857      0.349835   0.000274362
61      0.350848      0.349852   0.000270337
62      0.350181      0.349857   0.000265994
63      0.350885      0.349873   0.000262246
64      0.348358       0.34985   0.000259199
65      0.351805       0.34988   0.000256947
66      0.348266      0.349855   0.000254203
67      0.348366      0.349833   0.000251365
68      0.353299      0.349884   0.000252832
69       0.35059      0.349894   0.000249351
70      0.350572      0.349904   0.000245953
71       0.35096      0.349919    0.00024292
72      0.352765      0.349958   0.000242763
73      0.350068       0.34996   0.000239419
74      0.349273       0.34995   0.000236344
75      0.351135      0.349966   0.000233705
76       0.35194      0.349992   0.000232068
77      0.353883      0.350043   0.000234543
78      0.347313      0.350008   0.000234148
79      0.349297      0.349999    0.00023134
80      0.350158      0.350001   0.000228438
81      0.349561      0.349995   0.000225666
82      0.348841      0.349981   0.000223341
83      0.349624      0.349977   0.000220676
84      0.346778      0.349939   0.000221333
85      0.347653      0.349912   0.000220362
86      0.348252      0.349893   0.000218638
87      0.350893      0.349904   0.000216416
88      0.350997      0.349917   0.000214302
89      0.352241      0.349943   0.000213485
90      0.350051      0.349944   0.000211103
91      0.352403      0.349971   0.000210512
92      0.353318      0.350007   0.000211365
93       0.34614      0.349966   0.000213175
94      0.352205       0.34999   0.000212236
95      0.348484      0.349974   0.000210588
96      0.351179      0.349986   0.000208761
97      0.349598      0.349982   0.000206636
98      0.350733       0.34999    0.00020466
99      0.351798      0.350008   0.000203404
100      0.351078      0.350019   0.000201644
1      0.407663      0.407663             0
2      0.410321      0.408992    0.00132901
3      0.407445      0.408477   0.000924478
4       0.40342      0.407213    0.00142304
5      0.412235      0.408217    0.00149136
6      0.414708      0.409299    0.00162885
7      0.412804        0.4098    0.00146487
8      0.409841      0.409805    0.00126862
9      0.413273       0.41019    0.00118333
10      0.410827      0.410254    0.00106032
11      0.410941      0.410316   0.000961131
12      0.410968      0.410371   0.000879066
13      0.411323      0.410444   0.000811934
14      0.415295       0.41079   0.000827719
15      0.408904      0.410665   0.000780761
16      0.409853      0.410614   0.000732094
17      0.410163      0.410587   0.000688193
18      0.408625      0.410478   0.000657927
19      0.406638      0.410276   0.000654337
20      0.401442      0.409835   0.000761887
21      0.408829      0.409787   0.000726279
22      0.411468      0.409863   0.000696682
23      0.406382      0.409712   0.000682688
24       0.41009      0.409728   0.000653814
25      0.407781       0.40965   0.000631934
26      0.410389      0.409678   0.000607808
27      0.408282      0.409626   0.000587143
28      0.409307      0.409615     0.0005659
29      0.414286      0.409776   0.000569301
30      0.405913      0.409647   0.000564871
31      0.412542      0.409741   0.000554269
32      0.413449      0.409857   0.000549038
33      0.410761      0.409884   0.000532846
34      0.412896      0.409973   0.000524474
35      0.408392      0.409927   0.000511268
36      0.409163      0.409906   0.000497317
37      0.407529      0.409842   0.000487938
38      0.413159      0.409929   0.000482878
39      0.406056       0.40983   0.000480707
40       0.41084      0.409855   0.000469215
41      0.410809      0.409878   0.000458219
42      0.408111      0.409836    0.00044915
43      0.412543      0.409899   0.000443074
44      0.410245      0.409907   0.000432958
45      0.413215      0.409981   0.000429563
46      0.410806      0.409999   0.000420504
47      0.408137      0.409959   0.000413362
48      0.406418      0.409885   0.000411329
49      0.405385      0.409793   0.000413183
50      0.410353      0.409805   0.000404989
51      0.411943      0.409846   0.000399178
52      0.416932      0.409983   0.000414468
53      0.416535      0.410106    0.00042495
54      0.411866      0.410139   0.000418278
55      0.410836      0.410152   0.000410798
56      0.403909       0.41004   0.000418515
57      0.409765      0.410035   0.000411136
58       0.41191      0.410068   0.000405276
59       0.40893      0.410048   0.000398815
60      0.411206      0.410068   0.000392586
61      0.409766      0.410063   0.000386128
62      0.405869      0.409995   0.000385825
63      0.409212      0.409983   0.000379855
64       0.40679      0.409933   0.000377186
65      0.404158      0.409844   0.000381818
66      0.410992      0.409861   0.000376391
67       0.41014      0.409865   0.000370754
68      0.412978      0.409911   0.000368117
69      0.407628      0.409878    0.00036425
70      0.410794      0.409891   0.000359247
71      0.409982      0.409893   0.000354153
72      0.405173      0.409827   0.000355299
73      0.410154      0.409831   0.000350427
74      0.409852      0.409832   0.000345659
75      0.408621      0.409816     0.0003414
76      0.405783      0.409763   0.000341032
77      0.408413      0.409745    0.00033703
78      0.411736      0.409771   0.000333658
79      0.409679      0.409769    0.00032941
80      0.413252      0.409813   0.000328166
81      0.411921      0.409839   0.000325133
82      0.409663      0.409837    0.00032115
83      0.412405      0.409868   0.000318763
84      0.410321      0.409873   0.000314992
85       0.40868      0.409859    0.00031158
86      0.412341      0.409888   0.000309285
87      0.410064       0.40989   0.000305716
88      0.411497      0.409908   0.000302774
89      0.410176      0.409911   0.000299368
90      0.413566      0.409952   0.000298795
91      0.405099      0.409899   0.000300268
92      0.407056      0.409868   0.000298589
93      0.413282      0.409904   0.000297633
94      0.411095      0.409917   0.000294722
95      0.408104      0.409898   0.000292227
96       0.41012        0.4099   0.000289177
97      0.406258      0.409863   0.000288632
98      0.406034      0.409824   0.000288331
99      0.406563      0.409791   0.000287297
100      0.407434      0.409767   0.000285385
1      0.446552      0.446552             0
2      0.442452      0.444502    0.00204997
3      0.437347      0.442117    0.00266267
4      0.435507      0.440464     0.0025052
5      0.436734      0.439718    0.00207898
6      0.441024      0.439936    0.00171136
7      0.444758      0.440625    0.00160203
8      0.439078      0.440431    0.00140081
9       0.43981      0.440362    0.00123732
10      0.444682      0.440794      0.001188
11      0.439182      0.440648    0.00108454
12      0.438377      0.440459    0.00100796
13      0.434844      0.440027    0.00102283
14      0.440447      0.440057   0.000947431
15      0.446701        0.4405   0.000986986
16      0.436632      0.440258    0.00095436
17      0.436455      0.440034   0.000923962
18      0.442746      0.440185   0.000884056
19      0.441494      0.440254   0.000839068
20      0.447944      0.440638   0.000884014
21      0.436897       0.44046   0.000859534
22      0.444617      0.440649   0.000841032
23      0.435284      0.440416   0.000836801
24      0.444726      0.440595   0.000821053
25      0.441991      0.440651   0.000789502
26      0.440917      0.440661   0.000758598
27      0.438106      0.440567   0.000736071
28      0.437341      0.440452   0.000718594
29      0.437803       0.44036    0.00069936
30      0.440396      0.440361   0.000675647
31      0.438889      0.440314   0.000655213
32      0.439254      0.440281   0.000635272
33       0.43964      0.440261   0.000616026
34      0.438394      0.440206   0.000600151
35      0.437078      0.440117   0.000589568
36      0.439045      0.440087   0.000573731
37      0.432307      0.439877   0.000596315
38      0.446436       0.44005    0.00060553
39      0.438913       0.44002   0.000590518
40      0.434028      0.439871   0.000594742
41      0.441027      0.439899   0.000580741
42      0.441123      0.439928   0.000567494
43      0.440633      0.439944   0.000554382
44      0.438827      0.439919   0.000542231
45      0.441989      0.439965   0.000532036
46      0.436855      0.439897   0.000524715
47      0.440535      0.439911   0.000513609
48      0.444146      0.439999   0.000510477
49      0.441987       0.44004   0.000501593
50      0.441868      0.440076   0.000492818
51      0.439333      0.440062   0.000483278
52      0.436672      0.439997   0.000478355
53      0.443906       0.44007   0.000475004
54      0.441515      0.440097   0.000466892
55      0.442236      0.440136   0.000459972
56      0.441896      0.440167   0.000452776
57      0.437477       0.44012   0.000447259
58      0.445449      0.440212   0.000448982
59      0.439539      0.440201   0.000441454
60      0.442138      0.440233   0.000435234
61        0.4387      0.440208   0.000428777
62       0.43808      0.440174   0.000423199
63      0.446639      0.440276   0.000428885
64      0.436612      0.440219   0.000425996
65      0.437764      0.440181   0.000421088
66      0.434342      0.440093   0.000423993
67       0.44336      0.440141   0.000420455
68      0.438992      0.440125    0.00041457
69      0.432338      0.440012   0.000423817
70      0.445317      0.440087   0.000424538
71      0.442374       0.44012   0.000419753
72      0.438236      0.440093   0.000414708
73       0.43403       0.44001   0.000417338
74      0.442991      0.440051   0.000413625
75       0.44236      0.440081   0.000409233
76      0.444996      0.440146   0.000408957
77      0.435256      0.440083   0.000408577
78      0.437083      0.440044   0.000405134
79      0.434516      0.439974   0.000406048
80      0.439373      0.439967   0.000401011
81      0.435983      0.439918   0.000399072
82      0.444574      0.439974   0.000398244
83      0.441257       0.43999    0.00039372
84      0.442026      0.440014   0.000389759
85      0.438249      0.439993   0.000385706
86      0.435898      0.439946   0.000384157
87      0.432447      0.439859   0.000389374
88      0.438914      0.439849   0.000385074
89      0.441251      0.439864   0.000381048
90      0.445679      0.439929   0.000382289
91      0.437042      0.439897   0.000379393
92      0.438918      0.439887   0.000375398
93      0.443541      0.439926   0.000373413
94      0.436126      0.439886   0.000371624
95      0.436548       0.43985   0.000369366
96      0.439486      0.439847   0.000365518
97       0.43834      0.439831   0.000362063
98      0.444326      0.439877   0.000361273
99      0.433493      0.439812   0.000363373
100      0.438821      0.439803   0.000359858
1      0.463157      0.463157             0
2      0.469366      0.466262    0.00310482
3       0.46644      0.466321    0.00179355
4      0.464527      0.465873    0.00134518
5      0.468012      0.466301    0.00112641
6      0.468386      0.466648   0.000983191
7      0.469503      0.467056   0.000925622
8      0.484179      0.469196    0.00228552
9      0.462768      0.468482    0.00213845
10       0.46226       0.46786    0.00201135
11      0.468477      0.467916     0.0018202
12      0.468689       0.46798    0.00166285
13      0.476303       0.46862    0.00165816
14      0.477166      0.469231    0.00165206
15      0.471796      0.469402    0.00154746
16      0.463987      0.469063    0.00148655
17      0.469761      0.469105    0.00139697
18      0.466579      0.468964    0.00132453
19       0.46989      0.469013    0.00125383
20      0.470233      0.469074    0.00119105
21      0.474746      0.469344    0.00116466
22      0.476578      0.469673    0.00115813
23       0.46814      0.469606    0.00110863
24      0.470134      0.469628    0.00106166
25      0.465413       0.46946    0.00103218
26      0.464083      0.469253    0.00101301
27      0.472445      0.469371   0.000981913
28      0.473827       0.46953   0.000959485
29      0.467734      0.469468   0.000927878
30      0.478065      0.469755   0.000941107
31      0.480273      0.470094   0.000971421
32      0.464516       0.46992   0.000956591
33      0.471419      0.469965   0.000928262
34       0.46818      0.469913   0.000902076
35       0.46777      0.469852   0.000878061
36       0.47072      0.469876   0.000853662
37      0.466321       0.46978    0.00083581
38      0.474797      0.469912   0.000824165
39      0.462485      0.469721   0.000825031
40      0.463678       0.46957   0.000818208
41      0.464796      0.469454   0.000806453
42      0.465707      0.469364   0.000792056
43      0.470504      0.469391   0.000773871
44      0.466867      0.469334    0.00075825
45       0.46114      0.469152   0.000763248
46      0.472921      0.469233   0.000750956
47      0.469881      0.469247   0.000734934
48      0.469603      0.469255   0.000719498
49      0.470605      0.469282   0.000705201
50      0.466351      0.469224   0.000693435
51      0.464913      0.469139   0.000684937
52      0.465187      0.469063   0.000675923
53      0.481269      0.469293   0.000701905
54      0.468526      0.469279    0.00068893
55      0.466084      0.469221    0.00067878
56      0.472011      0.469271   0.000668407
57      0.469545      0.469276   0.000656593
58      0.473544      0.469349   0.000649357
59      0.474153      0.469431   0.000643428
60       0.47962      0.469601   0.000655011
61      0.464837      0.469522     0.0006489
62      0.469655      0.469525   0.000638352
63      0.462243      0.469409   0.000638684
64      0.470063      0.469419   0.000628708
65      0.485347      0.469664   0.000665701
66      0.463929      0.469577   0.000661273
67      0.466204      0.469527   0.000653272
68       0.46102      0.469402   0.000655638
69      0.471881      0.469438   0.000647065
70      0.458982      0.469288   0.000655013
71      0.469645      0.469293   0.000645741
72      0.466158       0.46925   0.000638197
73      0.459649      0.469118   0.000642987
74      0.462242      0.469025   0.000641011
75      0.471369      0.469057   0.000633178
76      0.461477      0.468957     0.0006327
77      0.473418      0.469015   0.000627112
78      0.468786      0.469012   0.000619026
79      0.467126      0.468988   0.000611606
80       0.47945      0.469119   0.000617909
81      0.471713      0.469151   0.000611072
82      0.472436      0.469191   0.000604903
83      0.471669      0.469221   0.000598315
84      0.466718      0.469191     0.0005919
85      0.468801      0.469186   0.000584913
86      0.475663      0.469262   0.000582956
87      0.470563      0.469277   0.000576411
88      0.462848      0.469204   0.000574487
89      0.470687       0.46922    0.00056824
90      0.469895      0.469228   0.000561941
91       0.47253      0.469264   0.000556915
92      0.472758      0.469302   0.000552136
93      0.472921      0.469341   0.000547551
94      0.465845      0.469304    0.00054297
95      0.470563      0.469317   0.000537388
96       0.46443      0.469266   0.000534192
97      0.474833      0.469324   0.000531763
98      0.477288      0.469405   0.000532546
99      0.470228      0.469413   0.000527205
100      0.467152      0.469391   0.000522396
1      0.519915      0.519915             0
2       0.52869      0.524302    0.00438761
3      0.512435      0.520347    0.00469727
4      0.521042       0.52052    0.00332602
5      0.531969       0.52281    0.00344673
6      0.518046      0.522016    0.00292409
7      0.529881       0.52314    0.00271472
8      0.518888      0.522608    0.00241034
9      0.524027      0.522766    0.00213156
10      0.517892      0.522278    0.00196785
11      0.526849      0.522694    0.00182785
12       0.53377      0.523617    0.00190685
13      0.525594      0.523769    0.00176063
14       0.53705      0.524718    0.00188598
15      0.529768      0.525054    0.00178774
16      0.512492      0.524269    0.00184741
17      0.522077       0.52414    0.00174013
18      0.517769      0.523786    0.00167836
19      0.513633      0.523252    0.00167509
20       0.53052      0.523615    0.00163016
21      0.527804      0.523815    0.00156337
22      0.518577      0.523577     0.0015095
23      0.520076      0.523425    0.00145039
24      0.519353      0.523255    0.00139897
25      0.546413      0.524181    0.00163054
26       0.52745      0.524307    0.00157161
27      0.539741      0.524879    0.00161671
28       0.53289      0.525165    0.00158395
29      0.530698      0.525355    0.00154022
30      0.533957      0.525642    0.00151537
31      0.523079       0.52556      0.001468
32      0.524021      0.525511     0.0014222
33       0.53074       0.52567     0.0013875
34      0.515221      0.525363    0.00138071
35      0.520822      0.525233    0.00134694
36      0.512242      0.524872    0.00135782
37      0.511861       0.52452    0.00136663
38      0.524605      0.524523    0.00133018
39       0.53116      0.524693    0.00130675
40       0.52863      0.524791    0.00127746
41      0.534056      0.525017    0.00126624
42      0.528246      0.525094    0.00123811
43      0.533402      0.525287    0.00122432
44      0.531352      0.525425    0.00120409
45      0.542834      0.525812    0.00123897
46      0.515789      0.525594    0.00123117
47      0.514365      0.525355    0.00122815
48      0.530923      0.525471    0.00120788
49      0.518315      0.525325    0.00119195
50      0.523802      0.525295    0.00116827
51      0.520722      0.525205    0.00114863
52      0.515989      0.525028    0.00114019
53      0.522206      0.524975    0.00111973
54      0.526584      0.525004    0.00109921
55      0.522957      0.524967    0.00107968
56      0.537753      0.525195    0.00108453
57      0.532062      0.525316    0.00107212
58      0.517776      0.525186    0.00106146
59      0.518775      0.525077    0.00104896
60      0.516963      0.524942    0.00104016
61      0.535043      0.525108    0.00103628
62      0.531689      0.525214    0.00102494
63      0.522082      0.525164    0.00100977
64      0.537287      0.525353    0.00101175
65       0.51885      0.525253    0.00100108
66       0.52913      0.525312   0.000987543
67      0.527359      0.525343   0.000973171
68      0.524777      0.525334   0.000958789
69      0.512076      0.525142   0.000964134
70      0.520499      0.525076   0.000952573
71      0.516814      0.524959   0.000946242
72      0.525607      0.524968   0.000933051
73      0.520953      0.524913   0.000921823
74      0.513631      0.524761   0.000921974
75      0.510872      0.524576   0.000928259
76      0.514554      0.524444   0.000925407
77      0.533779      0.524565   0.000921321
78        0.5223      0.524536   0.000909896
79      0.528477      0.524586   0.000899688
80      0.539956      0.524778   0.000908908
81      0.530327      0.524847   0.000900228
82      0.541196      0.525046    0.00091126
83      0.522546      0.525016   0.000900718
84      0.521778      0.524977   0.000890765
85      0.528022      0.525013   0.000880951
86       0.53639      0.525145    0.00088064
87      0.531036      0.525213   0.000873088
88      0.522254       0.52518   0.000863765
89         0.536      0.525301   0.000862614
90      0.547936      0.525553   0.000889281
91      0.540829      0.525721   0.000895332
92      0.513549      0.525588   0.000895375
93      0.525309      0.525585     0.0008857
94      0.521585      0.525543    0.00087726
95      0.527916      0.525568   0.000868336
96      0.528694        0.5256    0.00085986
97      0.503686      0.525374   0.000880429
98       0.53807      0.525504   0.000880976
99       0.53024      0.525552   0.000873343
100      0.520802      0.525504   0.000865869
1      0.285685      0.285685             0
2       0.25232      0.269002     0.0166826
3      0.268977      0.268994    0.00963168
4      0.275941      0.270731    0.00702858
5      0.244694      0.265523    0.00753368
6       0.24498      0.262099    0.00703993
7      0.232286       0.25784    0.00731709
8      0.253972      0.257357     0.0063552
9      0.244861      0.255968    0.00577417
10      0.255169      0.255888    0.00516519
11      0.279025      0.257992    0.00512373
12      0.242312      0.256685    0.00485638
13       0.26103      0.257019    0.00447971
14      0.238757      0.255715    0.00434771
15      0.267945       0.25653     0.0041288
16      0.275491      0.257715    0.00403986
17      0.269667      0.258418    0.00385936
18      0.230678      0.256877    0.00395155
19      0.266192      0.257368     0.0037698
20      0.216999      0.255349    0.00410662
21       0.26929      0.256013    0.00396219
22      0.231183      0.254884    0.00394278
23      0.283448      0.256126    0.00396687
24      0.276457      0.256973    0.00389131
25      0.233687      0.256042    0.00384689
26      0.313826      0.258264    0.00431272
27       0.27357      0.258831    0.00418845
28      0.274723      0.259399     0.0040758
29      0.234983      0.258557    0.00402185
30      0.256523      0.258489    0.00388607
31      0.253056      0.258314    0.00376271
32      0.268107       0.25862    0.00365606
33      0.266322      0.258853    0.00355122
34      0.262006      0.258946    0.00344643
35       0.24446      0.258532    0.00337201
36       0.27193      0.258904    0.00329807
37      0.278185      0.259425    0.00324975
38      0.234164      0.258761    0.00323217
39      0.240905      0.258303    0.00318133
40      0.259986      0.258345    0.00310106
41      0.265413      0.258517    0.00302939
42      0.273203      0.258867    0.00297698
43      0.286411      0.259507    0.00297666
44      0.237538      0.259008    0.00295078
45      0.242859      0.258649     0.0029067
46      0.249115      0.258442    0.00285035
47      0.237934      0.258006    0.00282297
48      0.264238      0.258135    0.00276658
49      0.235428      0.257672    0.00274888
50      0.263937      0.257797    0.00269625
51      0.256046      0.257763    0.00264308
52      0.229915      0.257227     0.0026465
53      0.238551      0.256875    0.00261989
54      0.275185      0.257214    0.00259318
55      0.248439      0.257055    0.00255059
56      0.264607      0.257189    0.00250826
57      0.218628      0.256513    0.00255505
58      0.249553      0.256393    0.00251348
59      0.232487      0.255988    0.00250352
60      0.277035      0.256339    0.00248631
61      0.264212      0.256468    0.00244862
62       0.27729      0.256803     0.0024321
63      0.292013      0.257362    0.00245758
64      0.269846      0.257557    0.00242672
65      0.279011      0.257887    0.00241179
66       0.24988      0.257766    0.00237806
67      0.257085      0.257756    0.00234232
68       0.23775      0.257462     0.0023263
69      0.246304        0.2573    0.00229803
70      0.236377      0.257001     0.0022846
71      0.288138       0.25744    0.00229449
72       0.26037       0.25748    0.00226277
73      0.249048      0.257365    0.00223454
74      0.272073      0.257564    0.00221308
75      0.261064       0.25761    0.00218387
76      0.271073      0.257787    0.00216222
77      0.238147      0.257532    0.00214914
78      0.261053      0.257578    0.00212189
79      0.263474      0.257652    0.00209619
80      0.266995      0.257769    0.00207311
81      0.246183      0.257626    0.00205235
82      0.314939      0.258325    0.00214428
83      0.247535      0.258195    0.00212227
84      0.274093      0.258384    0.00210538
85       0.27127      0.258536    0.00208598
86      0.250504      0.258442    0.00206369
87      0.256879      0.258424    0.00203991
88      0.259128      0.258432    0.00201661
89      0.261248      0.258464    0.00199408
90      0.257383      0.258452    0.00197183
91       0.23159      0.258157    0.00197226
92       0.24569      0.258021    0.00195541
93      0.279179      0.258249     0.0019476
94      0.274103      0.258417    0.00193414
95      0.288296      0.258732    0.00193934
96       0.28988      0.259056    0.00194627
97      0.231434      0.258772    0.00194704
98      0.267916      0.258865    0.00192933
99      0.256881      0.258845    0.00190984
100      0.219764      0.258454    0.00193062
1      0.250888      0.250888             0
2      0.263949      0.257418     0.0065303
3      0.227162      0.247333     0.0107671
4        0.2347      0.244175    0.00824253
5      0.236519      0.242644    0.00656565
6       0.29391      0.251188      0.010087
7      0.295864       0.25757     0.0106494
8      0.233629      0.254578    0.00969602
9      0.241347      0.253108    0.00867653
10       0.26002      0.253799    0.00779125
11      0.272552      0.255504    0.00725072
12      0.251562      0.255175    0.00662712
13       0.27284      0.256534    0.00624568
14      0.258291       0.25666    0.00578374
15      0.273873      0.257807     0.0055053
16      0.261073      0.258011    0.00515378
17      0.282886      0.259474    0.00505743
18      0.255603      0.259259    0.00477304
19      0.251824      0.258868    0.00453177
20      0.273743      0.259612    0.00436308
21      0.249501       0.25913    0.00417795
22      0.249306      0.258684    0.00400847
23      0.269037      0.259134    0.00385659
24       0.27461      0.259779    0.00374828
25      0.245862      0.259222    0.00363807
26      0.291819      0.260476    0.00371339
27      0.248814      0.260044    0.00359922
28      0.278105      0.260689    0.00352777
29      0.254283      0.260468    0.00341111
30      0.267755      0.260711    0.00330439
31      0.260791      0.260713    0.00319602
32      0.260092      0.260694    0.00309459
33      0.293458      0.261687    0.00315941
34      0.248076      0.261287    0.00309111
35      0.231056      0.260423    0.00312329
36      0.260439      0.260423     0.0030353
37      0.270064      0.260684     0.0029636
38      0.297791       0.26166    0.00304536
39      0.270367      0.261884    0.00297464
40        0.2557      0.261729    0.00290344
41      0.256103      0.261592    0.00283506
42      0.291204      0.262297    0.00285516
43      0.263894      0.262334    0.00278822
44       0.28492      0.262847    0.00277205
45      0.250376       0.26257    0.00272389
46      0.261355      0.262544    0.00266414
47      0.302212      0.263388    0.00274007
48       0.32514      0.264674    0.00297493
49      0.271922      0.264822    0.00291734
50        0.2611      0.264748    0.00285937
51      0.256011      0.264576    0.00280797
52      0.226454      0.263843    0.00284937
53      0.237312      0.263343    0.00283956
54      0.247767      0.263054    0.00280137
55      0.253927      0.262888    0.00275497
56      0.230921      0.262317     0.0027649
57      0.236461      0.261864    0.00275358
58      0.294493      0.262426    0.00276355
59      0.260907      0.262401    0.00271643
60      0.250255      0.262198    0.00267844
61      0.254979       0.26208    0.00263682
62      0.256155      0.261984     0.0025957
63      0.269105      0.262097    0.00255667
64      0.248925      0.261892     0.0025248
65      0.221773      0.261274    0.00256114
66      0.282975      0.261603    0.00254338
67      0.269336      0.261719    0.00250779
68      0.241122      0.261416    0.00248913
69      0.251482      0.261272    0.00245701
70      0.255834      0.261194     0.0024229
71      0.229579      0.260749    0.00242968
72      0.251796      0.260624    0.00239892
73      0.274278      0.260811    0.00237321
74      0.350533      0.262024    0.00263628
75      0.268503       0.26211    0.00260233
76      0.283951      0.262398    0.00258389
77      0.262725      0.262402    0.00255011
78      0.296726      0.262842    0.00255538
79        0.2658      0.262879    0.00252311
80      0.229357       0.26246    0.00252636
81      0.236316      0.262138    0.00251577
82      0.299918      0.262598    0.00252725
83      0.253205      0.262485    0.00249918
84        0.2528       0.26237    0.00247194
85      0.221919      0.261894    0.00248861
86      0.269066      0.261977    0.00246091
87      0.256384      0.261913    0.00243331
88       0.25957      0.261886    0.00240565
89      0.247054       0.26172     0.0023843
90      0.249099       0.26158    0.00236182
91      0.266376      0.261632    0.00233632
92      0.266769      0.261688    0.00231146
93      0.227744      0.261323    0.00231542
94      0.250495      0.261208    0.00229355
95      0.269942        0.2613    0.00227114
96      0.257272      0.261258    0.00224775
97      0.248982      0.261131    0.00222805
98      0.245984      0.260977    0.00221061
99      0.263451      0.261002    0.00218831
100      0.245693      0.260849    0.00217172
1      0.523992      0.523992             0
2      0.525998      0.524995    0.00100259
3      0.524377      0.524789   0.000614438
4      0.526164      0.525133   0.000554102
5      0.531151      0.526336    0.00127783
6      0.518177      0.524976    0.00171401
7      0.525206      0.525009    0.00144898
8       0.52363      0.524837    0.00126664
9      0.515474      0.523797    0.00152648
10      0.522519      0.523669    0.00137129
11      0.526278      0.523906    0.00126286
12      0.534161      0.524761    0.00143502
13      0.526334      0.524882    0.00132556
14      0.529017      0.525177    0.00126227
15      0.518142      0.524708    0.00126523
16      0.536574       0.52545    0.00139669
17      0.527402      0.525565    0.00131698
18      0.528878      0.525749    0.00125523
19        0.5176       0.52532    0.00126241
20       0.53237      0.525672    0.00124843
21      0.524342      0.525609    0.00118918
22      0.516099      0.525177    0.00121344
23      0.513104      0.524652    0.00127275
24      0.536456      0.525144    0.00131409
25      0.533447      0.525476    0.00130346
26      0.527295      0.525546    0.00125427
27      0.529926      0.525708    0.00121778
28      0.521886      0.525571    0.00118139
29      0.523121      0.525487    0.00114306
30      0.524338      0.525449    0.00110496
31       0.52468      0.525424    0.00106901
32      0.530898      0.525595    0.00104911
33      0.530104      0.525732    0.00102596
34      0.516091      0.525448    0.00103492
35      0.527148      0.525497    0.00100609
36      0.515213      0.525211    0.00101862
37      0.528464      0.525299   0.000994603
38      0.526016      0.525318   0.000968259
39      0.523431      0.525269   0.000944345
40       0.53513      0.525516   0.000952874
41      0.515691      0.525276   0.000959739
42      0.528532      0.525354   0.000939811
43      0.530986      0.525485   0.000926994
44      0.526757      0.525514   0.000906142
45      0.542551      0.525892   0.000963299
46      0.524432       0.52586   0.000942659
47      0.514227      0.525613    0.00095502
48      0.518015      0.525455   0.000948218
49       0.53159       0.52558   0.000937067
50      0.514123      0.525351   0.000946295
51      0.518618      0.525219   0.000936901
52      0.521422      0.525146   0.000921603
53      0.529611       0.52523   0.000907965
54      0.530527      0.525328   0.000896374
55      0.521262      0.525254   0.000883026
56      0.509716      0.524977   0.000910426
57      0.515878      0.524817   0.000908445
58      0.511889      0.524594   0.000920055
59      0.521813      0.524547   0.000905554
60      0.519565      0.524464   0.000894197
61      0.528268      0.524526   0.000881624
62      0.535727      0.524707   0.000885903
63      0.521209      0.524651   0.000873494
64      0.525442      0.524664   0.000859826
65      0.535875      0.524836   0.000863889
66      0.516207      0.524706   0.000860688
67      0.524396      0.524701   0.000847757
68      0.532275      0.524812   0.000842592
69      0.515394      0.524676   0.000841437
70      0.517506      0.524573    0.00083563
71      0.527112      0.524609   0.000824552
72      0.520274      0.524549   0.000815245
73       0.53205      0.524652    0.00081054
74      0.518665      0.524571   0.000803594
75      0.539876      0.524775   0.000818651
76      0.520628       0.52472   0.000809648
77       0.52624       0.52474   0.000799307
78      0.539755      0.524933   0.000812137
79      0.534792      0.525057   0.000811447
80      0.521945      0.525018   0.000802183
81      0.521719      0.524978   0.000793264
82      0.525495      0.524984   0.000783556
83      0.524991      0.524984   0.000774058
84      0.523623      0.524968   0.000764959
85      0.521356      0.524925   0.000757099
86      0.520128       0.52487    0.00075032
87      0.523761      0.524857   0.000741755
88      0.527569      0.524888   0.000733925
89      0.541172      0.525071   0.000748346
90      0.524566      0.525065   0.000740005
91       0.53002       0.52512   0.000733851
92        0.5284      0.525155   0.000726706
93      0.531161       0.52522   0.000721745
94      0.530263      0.525273   0.000716038
95      0.508362      0.525095   0.000730483
96      0.519949      0.525042   0.000724819
97      0.526934      0.525061   0.000717574
98      0.523852      0.525049   0.000710321
99      0.521567      0.525014   0.000703988
100      0.534447      0.525108   0.000703268
1      0.471707      0.471707             0
2      0.465197      0.468452    0.00325517
3      0.469793      0.468899    0.00193182
4      0.475265      0.470491    0.00209725
5      0.464934      0.469379    0.00196828
6      0.465228      0.468687     0.0017497
7      0.471247      0.469053    0.00152332
8      0.469778      0.469144    0.00132234
9      0.458515      0.467963    0.00165976
10      0.468139       0.46798    0.00148464
11      0.468366      0.468015    0.00134336
12      0.469734      0.468159    0.00123465
13      0.472247      0.468473    0.00117845
14      0.472577      0.468766    0.00112973
15       0.46899      0.468781    0.00105183
16      0.470708      0.468902   0.000991243
17      0.465214      0.468685   0.000956048
18      0.473584      0.468957   0.000941565
19      0.470251      0.469025   0.000893232
20      0.464915      0.468819   0.000871956
21      0.469361      0.468845   0.000829797
22      0.473512      0.469057   0.000819124
23      0.467153      0.468975   0.000787068
24      0.471796      0.469092   0.000762675
25      0.470736      0.469158   0.000734482
26      0.465469      0.469016   0.000719792
27      0.466238      0.468913   0.000700223
28      0.464007      0.468738   0.000697134
29      0.476786      0.469015    0.00072767
30      0.469371      0.469027   0.000703096
31      0.470159      0.469064   0.000681016
32      0.462903      0.468871   0.000686923
33      0.473987      0.469026   0.000683589
34      0.469281      0.469034   0.000663221
35       0.46733      0.468985   0.000645831
36      0.468795       0.46898   0.000627657
37      0.462592      0.468807   0.000634397
38      0.469114      0.468815    0.00061753
39      0.463216      0.468672   0.000618382
40      0.466237      0.468611    0.00060579
41      0.463536      0.468487   0.000603658
42      0.466603      0.468442   0.000590814
43      0.474605      0.468585   0.000594446
44      0.466051      0.468528   0.000583629
45      0.474525      0.468661   0.000585873
46       0.47026      0.468696   0.000574049
47      0.470933      0.468743   0.000563715
48      0.467336      0.468714   0.000552625
49      0.468537      0.468711   0.000541241
50      0.472195       0.46878   0.000534866
51      0.470449      0.468813   0.000525294
52      0.460608      0.468655    0.00053872
53      0.472061      0.468719   0.000532351
54      0.471126      0.468764   0.000524297
55      0.465565      0.468706   0.000517953
56      0.461773      0.468582   0.000523468
57      0.464219      0.468505   0.000519868
58      0.469571      0.468524   0.000511157
59      0.466236      0.468485   0.000503913
60      0.470625      0.468521   0.000496725
61      0.471867      0.468576   0.000491585
62       0.46819      0.468569   0.000483632
63       0.47143      0.468615   0.000478054
64      0.473129      0.468685   0.000475783
65      0.471415      0.468727   0.000470285
66      0.470639      0.468756    0.00046401
67      0.456446      0.468573    0.00049258
68      0.473066      0.468639    0.00048976
69      0.459731       0.46851   0.000499579
70      0.463549      0.468439   0.000497464
71      0.473435      0.468509   0.000495431
72      0.471586      0.468552   0.000490368
73      0.474551      0.468634   0.000490537
74      0.471342      0.468671   0.000485244
75       0.47275      0.468725   0.000481811
76      0.465972      0.468689   0.000476806
77      0.463172      0.468617   0.000475996
78       0.47108      0.468649   0.000470914
79      0.469105      0.468654   0.000464951
80      0.465217      0.468611   0.000461109
81      0.470302      0.468632   0.000455858
82      0.468554      0.468631   0.000450266
83      0.469742      0.468645   0.000445009
84      0.470404      0.468666   0.000440178
85      0.470387      0.468686    0.00043544
86      0.468335      0.468682   0.000430366
87      0.472092      0.468721   0.000427192
88      0.472155       0.46876   0.000424109
89      0.476332      0.468845   0.000427862
90      0.463047      0.468781   0.000427958
91      0.462378       0.46871   0.000429037
92       0.46317       0.46865     0.0004286
93      0.464063      0.468601   0.000426825
94      0.467164      0.468586   0.000422537
95      0.466165       0.46856   0.000418841
96       0.46647      0.468538   0.000415027
97      0.471962      0.468574   0.000412239
98      0.476241      0.468652   0.000415444
99       0.46962      0.468662   0.000411343
100      0.473151      0.468707   0.000409675
1      0.409891      0.409891             0
2      0.411546      0.410718   0.000827567
3      0.414128      0.411855    0.00123306
4      0.410611      0.411544   0.000925694
5      0.410337      0.411303   0.000756603
6       0.40715      0.410611   0.000927671
7      0.413137      0.410971   0.000863083
8      0.412049      0.411106   0.000759496
9      0.410128      0.410997   0.000678566
10      0.410724       0.41097   0.000607544
11      0.404159      0.410351   0.000827886
12      0.409098      0.410247   0.000762927
13      0.410941        0.4103    0.00070382
14      0.407351      0.410089   0.000684806
15       0.40872      0.409998   0.000644023
16      0.407574      0.409847   0.000621181
17      0.408566      0.409771   0.000588338
18      0.410422      0.409807   0.000555866
19       0.40951      0.409792    0.00052603
20      0.408051      0.409705   0.000506569
21      0.403728       0.40942   0.000559628
22      0.412166      0.409545   0.000547991
23      0.408623      0.409505   0.000525154
24      0.409715      0.409514   0.000502873
25      0.405718      0.409362   0.000505664
26      0.410019      0.409387   0.000486484
27      0.409619      0.409396   0.000468198
28      0.415653      0.409619   0.000503476
29      0.410635      0.409654   0.000487067
30      0.410743       0.40969   0.000471949
31      0.411071      0.409735   0.000458638
32      0.412756      0.409829   0.000453999
33       0.40775      0.409766   0.000444515
34      0.407621      0.409703   0.000435833
35      0.411994      0.409769   0.000428228
36      0.404659      0.409627   0.000439699
37      0.412923      0.409716    0.00043683
38      0.408681      0.409689    0.00042605
39      0.414063      0.409801   0.000429873
40      0.409953      0.409805   0.000419006
41      0.410819      0.409829   0.000409407
42      0.412579      0.409895   0.000404867
43      0.413198      0.409972   0.000402733
44      0.408077      0.409929   0.000395823
45      0.406459      0.409851   0.000394535
46      0.411442      0.409886   0.000387409
47      0.409414      0.409876    0.00037921
48       0.40619      0.409799   0.000379086
49      0.408701      0.409777   0.000371945
50      0.409632      0.409774   0.000364442
51      0.409757      0.409774   0.000357225
52      0.408517      0.409749   0.000351121
53      0.404235      0.409645   0.000359802
54      0.412304      0.409695   0.000356492
55       0.40951      0.409691   0.000349966
56      0.410316      0.409702   0.000343841
57      0.408877      0.409688   0.000338065
58      0.406602      0.409635    0.00033642
59      0.406844      0.409587   0.000334036
60      0.409714       0.40959   0.000328428
61      0.406649      0.409541   0.000326577
62      0.407821      0.409514   0.000322462
63       0.41048      0.409529   0.000317673
64      0.407128      0.409491   0.000314913
65      0.411053      0.409515    0.00031096
66       0.41161      0.409547   0.000307853
67      0.409343      0.409544   0.000303238
68       0.40706      0.409508    0.00030097
69       0.40644      0.409463   0.000299891
70       0.40572       0.40941   0.000300373
71      0.408853      0.409402   0.000296216
72      0.412389      0.409443   0.000295006
73      0.413129      0.409494   0.000295285
74      0.407285      0.409464   0.000292792
75      0.404513      0.409398   0.000296309
76      0.407115      0.409368   0.000293922
77      0.412356      0.409407   0.000292664
78      0.411491      0.409433   0.000290122
79      0.413203      0.409481   0.000290373
80      0.408163      0.409465   0.000287193
81      0.408931      0.409458   0.000283702
82      0.407035      0.409429   0.000281774
83      0.413001      0.409472   0.000281667
84      0.412071      0.409503   0.000280009
85      0.408892      0.409495   0.000276788
86      0.411176      0.409515   0.000274248
87      0.406788      0.409484   0.000272883
88      0.414943      0.409546   0.000276806
89      0.414224      0.409598   0.000278681
90      0.407933       0.40958   0.000276188
91      0.407317      0.409555   0.000274265
92      0.404786      0.409503   0.000276176
93      0.406007      0.409465   0.000275764
94      0.407161      0.409441   0.000273914
95      0.404799      0.409392   0.000275384
96      0.410253      0.409401   0.000272648
97      0.407829      0.409385   0.000270309
98      0.410803      0.409399   0.000267927
99      0.410863      0.409414   0.000265619
100      0.410028       0.40942   0.000263021
1      0.441013      0.441013             0
2      0.438212      0.439612    0.00140051
3      0.443459      0.440894    0.00151597
4      0.438516        0.4403    0.00122577
5      0.435573      0.439354    0.00133992
6      0.433057      0.438305    0.00151609
7      0.439013      0.438406    0.00128532
8      0.440555      0.438675    0.00114508
9      0.438999      0.438711    0.00101051
10      0.435952      0.438435   0.000944987
11      0.435935      0.438208   0.000884476
12      0.438937      0.438268   0.000809698
13      0.442846       0.43862    0.00082385
14      0.443841      0.438993   0.000849021
15       0.44368      0.439306   0.000849909
16      0.438594      0.439261   0.000796263
17      0.434458      0.438979   0.000799544
18       0.43836      0.438944   0.000754601
19       0.44292      0.439154   0.000743814
20      0.436371      0.439014   0.000719234
21      0.438171      0.438974   0.000685306
22      0.439301      0.438989   0.000653583
23      0.437335      0.438917   0.000628649
24      0.443777       0.43912   0.000635033
25      0.441914      0.439232   0.000619273
26      0.439399      0.439238   0.000595014
27      0.436634      0.439142   0.000580616
28      0.445803      0.439379   0.000607972
29      0.444694      0.439563   0.000614595
30      0.442122      0.439648   0.000599851
31      0.443811      0.439782   0.000595517
32      0.443975      0.439913   0.000591309
33      0.440245      0.439923   0.000573198
34      0.440289      0.439934   0.000556188
35      0.437299      0.439859   0.000545284
36       0.43908      0.439837   0.000530362
37      0.438347      0.439797     0.0005174
38      0.439572      0.439791   0.000503635
39      0.440012      0.439797   0.000490584
40      0.437809      0.439747   0.000480737
41      0.440653      0.439769   0.000469385
42      0.438024      0.439728   0.000459952
43      0.444311      0.439834   0.000461602
44       0.43366      0.439694   0.000472313
45      0.437846      0.439653   0.000463521
46       0.43895      0.439637   0.000453589
47       0.44182      0.439684   0.000446257
48      0.437988      0.439649   0.000438287
49      0.442524      0.439707   0.000433243
50      0.439319        0.4397   0.000424561
51      0.442098      0.439747   0.000418801
52      0.435148      0.439658   0.000420081
53      0.440518      0.439674   0.000412398
54      0.442667       0.43973   0.000408465
55      0.437412      0.439688   0.000403179
56      0.436048      0.439623   0.000401212
57      0.438986      0.439611   0.000394269
58      0.439893      0.439616   0.000387442
59      0.438619      0.439599   0.000381193
60      0.440175      0.439609   0.000374909
61      0.439351      0.439605   0.000368736
62      0.436279      0.439551   0.000366684
63      0.441693      0.439585   0.000362416
64      0.437593      0.439554   0.000358064
65      0.441244       0.43958   0.000353469
66      0.439958      0.439586    0.00034812
67      0.440514        0.4396   0.000343165
68      0.440512      0.439613   0.000338347
69      0.432026      0.439503   0.000351072
70      0.433952      0.439424   0.000354992
71      0.439313      0.439422    0.00034996
72      0.441036      0.439445   0.000345793
73      0.441172      0.439468   0.000341843
74      0.440738      0.439485   0.000337629
75      0.439705      0.439488   0.000333109
76      0.439398      0.439487   0.000328699
77      0.438976      0.439481    0.00032447
78      0.444936      0.439551   0.000327833
79      0.446569      0.439639   0.000335629
80      0.438941      0.439631   0.000331522
81      0.439999      0.439635   0.000327435
82      0.440244      0.439643   0.000323502
83      0.438915      0.439634   0.000319701
84      0.442368      0.439666   0.000317546
85      0.440804       0.43968   0.000314073
86      0.444238      0.439733   0.000314892
87      0.439624      0.439732   0.000311254
88      0.441754      0.439754   0.000308554
89      0.443406      0.439796   0.000307814
90      0.437539       0.43977   0.000305406
91      0.437541      0.439746   0.000303023
92      0.432748       0.43967   0.000309212
93      0.439836      0.439672   0.000305875
94      0.438173      0.439656   0.000303023
95      0.431929      0.439574   0.000310653
96      0.442361      0.439603   0.000308768
97      0.434029      0.439546   0.000310925
98      0.441752      0.439568   0.000308558
99       0.44002      0.439573   0.000305459
100      0.442366      0.439601   0.000303677
1      0.409891      0.409891             0
2      0.411546      0.410718   0.000827567
3      0.414128      0.411855    0.00123306
4      0.410611      0.411544   0.000925694
5      0.410337      0.411303   0.000756603
6       0.40715      0.410611   0.000927671
7      0.413137      0.410971   0.000863083
8      0.412049      0.411106   0.000759496
9      0.410128      0.410997   0.000678566
10      0.410724       0.41097   0.000607544
11      0.404159      0.410351   0.000827886
12      0.409098      0.410247   0.000762927
13      0.410941        0.4103    0.00070382
14      0.407351      0.410089   0.000684806
15       0.40872      0.409998   0.000644023
16      0.407574      0.409847   0.000621181
17      0.408566      0.409771   0.000588338
18      0.410422      0.409807   0.000555866
19       0.40951      0.409792    0.00052603
20      0.408051      0.409705   0.000506569
21      0.403728       0.40942   0.000559628
22      0.412166      0.409545   0.000547991
23      0.408623      0.409505   0.000525154
24      0.409715      0.409514   0.000502873
25      0.405718      0.409362   0.000505664
26      0.410019      0.409387   0.000486484
27      0.409619      0.409396   0.000468198
28      0.415653      0.409619   0.000503476
29      0.410635      0.409654   0.000487067
30      0.410743       0.40969   0.000471949
31      0.411071      0.409735   0.000458638
32      0.412756      0.409829   0.000453999
33       0.40775      0.409766   0.000444515
34      0.407621      0.409703   0.000435833
35      0.411994      0.409769   0.000428228
36      0.404659      0.409627   0.000439699
37      0.412923      0.409716    0.00043683
38      0.408681      0.409689    0.00042605
39      0.414063      0.409801   0.000429873
40      0.409953      0.409805   0.000419006
41      0.410819      0.409829   0.000409407
42      0.412579      0.409895   0.000404867
43      0.413198      0.409972   0.000402733
44      0.408077      0.409929   0.000395823
45      0.406459      0.409851   0.000394535
46      0.411442      0.409886   0.000387409
47      0.409414      0.409876    0.00037921
48       0.40619      0.409799   0.000379086
49      0.408701      0.409777   0.000371945
50      0.409632      0.409774   0.000364442
51      0.409757      0.409774   0.000357225
52      0.408517      0.409749   0.000351121
53      0.404235      0.409645   0.000359802
54      0.412304      0.409695   0.000356492
55       0.40951      0.409691   0.000349966
56      0.410316      0.409702   0.000343841
57      0.408877      0.409688   0.000338065
58      0.406602      0.409635    0.00033642
59      0.406844      0.409587   0.000334036
60      0.409714       0.40959   0.000328428
61      0.406649      0.409541   0.000326577
62      0.407821      0.409514   0.000322462
63       0.41048      0.409529   0.000317673
64      0.407128      0.409491   0.000314913
65      0.411053      0.409515    0.00031096
66       0.41161      0.409547   0.000307853
67      0.409343      0.409544   0.000303238
68       0.40706      0.409508    0.00030097
69       0.40644      0.409463   0.000299891
70       0.40572       0.40941   0.000300373
71      0.408853      0.409402   0.000296216
72      0.412389      0.409443   0.000295006
73      0.413129      0.409494   0.000295285
74      0.407285      0.409464   0.000292792
75      0.404513      0.409398   0.000296309
76      0.407115      0.409368   0.000293922
77      0.412356      0.409407   0.000292664
78      0.411491      0.409433   0.000290122
79      0.413203      0.409481   0.000290373
80      0.408163      0.409465   0.000287193
81      0.408931      0.409458   0.000283702
82      0.407035      0.409429   0.000281774
83      0.413001      0.409472   0.000281667
84      0.412071      0.409503   0.000280009
85      0.408892      0.409495   0.000276788
86      0.411176      0.409515   0.000274248
87      0.406788      0.409484   0.000272883
88      0.414943      0.409546   0.000276806
89      0.414224      0.409598   0.000278681
90      0.407933       0.40958   0.000276188
91      0.407317      0.409555   0.000274265
92      0.404786      0.409503   0.000276176
93      0.406007      0.409465   0.000275764
94      0.407161      0.409441   0.000273914
95      0.404799      0.409392   0.000275384
96      0.410253      0.409401   0.000272648
97      0.407829      0.409385   0.000270309
98      0.410803      0.409399   0.000267927
99      0.410863      0.409414   0.000265619
100      0.410028       0.40942   0.000263021
1      0.351922      0.351922             0
2      0.352888      0.352405   0.000483002
3      0.352878      0.352562   0.000320388
4      0.350116      0.351951   0.000652169
5      0.346907      0.350942    0.00112825
6      0.350341      0.350842   0.000926634
7      0.352571      0.351089   0.000821191
8      0.353245      0.351358   0.000760535
9      0.350676      0.351283      0.000675
10      0.354329      0.351587   0.000676241
11      0.347975      0.351259   0.000694265
12      0.350003      0.351154   0.000642352
13      0.352071      0.351225   0.000595074
14      0.349093      0.351073    0.00057158
15      0.349862      0.350992   0.000538198
16      0.347875      0.350797   0.000539817
17       0.35099      0.350808   0.000507197
18      0.351755      0.350861   0.000481072
19      0.349394      0.350784   0.000461548
20      0.352548      0.350872   0.000446663
21      0.352977      0.350972   0.000436529
22      0.350429      0.350948   0.000416945
23      0.348952      0.350861   0.000407741
24      0.351288      0.350879   0.000390788
25       0.34971      0.350832   0.000377734
26      0.351943      0.350875   0.000365421
27      0.348974      0.350804   0.000358605
28      0.349589      0.350761   0.000348277
29      0.350531      0.350753   0.000336146
30      0.350237      0.350736   0.000325203
31      0.352727        0.3508   0.000321031
32      0.350112      0.350778   0.000311578
33      0.349049      0.350726   0.000306504
34       0.34757      0.350633   0.000311504
35      0.347893      0.350555   0.000312438
36       0.34715       0.35046   0.000318023
37      0.349349       0.35043   0.000310763
38      0.344542      0.350275   0.000339858
39      0.352295      0.350327   0.000335055
40      0.347068      0.350246   0.000336583
41      0.352967      0.350312   0.000334917
42      0.349485      0.350292   0.000327438
43      0.350344      0.350293   0.000319735
44      0.348131      0.350244   0.000316225
45      0.349564      0.350229   0.000309487
46      0.349343       0.35021   0.000303297
47      0.352642      0.350262    0.00030125
48      0.349477      0.350245    0.00029536
49      0.351717      0.350275   0.000290823
50      0.349507       0.35026   0.000285362
51      0.352719      0.350308   0.000283835
52       0.34995      0.350301   0.000278408
53      0.350489      0.350305   0.000273128
54      0.350756      0.350313   0.000268153
55      0.349357      0.350296   0.000263805
56      0.345319      0.350207   0.000273871
57      0.351348      0.350227   0.000269767
58      0.348504      0.350197   0.000266734
59      0.350751      0.350207   0.000262342
60      0.351738      0.350232   0.000259193
61      0.349014      0.350212    0.00025569
62      0.349911      0.350207   0.000251579
63      0.354042      0.350268   0.000254926
64      0.347725      0.350228   0.000254038
65      0.352536      0.350264   0.000252606
66       0.34934       0.35025   0.000249143
67       0.35212      0.350278   0.000246978
68      0.349528      0.350267   0.000243568
69      0.348532      0.350242   0.000241326
70      0.350284      0.350242   0.000237855
71      0.351946      0.350266   0.000235705
72       0.34927      0.350252    0.00023282
73      0.349587      0.350243    0.00022979
74      0.349715      0.350236   0.000226776
75      0.348394      0.350212   0.000225076
76      0.351183      0.350224   0.000222461
77      0.351372      0.350239   0.000220058
78        0.3539      0.350286    0.00022223
79      0.350864      0.350294   0.000219521
80      0.352181      0.350317   0.000218039
81      0.349633      0.350309   0.000215496
82      0.349016      0.350293   0.000213435
83      0.350872        0.3503   0.000210963
84      0.346505      0.350255   0.000213275
85      0.347613      0.350224   0.000213031
86      0.354773      0.350277   0.000217082
87      0.348979      0.350262    0.00021509
88      0.352245      0.350284   0.000213824
89       0.35167        0.3503    0.00021198
90      0.350613      0.350303    0.00020964
91      0.347417      0.350272   0.000209735
92      0.351912      0.350289   0.000208208
93      0.352848      0.350317   0.000207786
94      0.349521      0.350308   0.000205738
95      0.347508      0.350279   0.000205685
96      0.352272        0.3503   0.000204587
97      0.350254      0.350299   0.000202468
98      0.349937      0.350296   0.000200425
99      0.350781        0.3503   0.000198451
100       0.35033      0.350301   0.000196457
1      0.296743      0.296743             0
2      0.297648      0.297196   0.000452726
3      0.295026      0.296472   0.000769095
4      0.296117      0.296383    0.00055105
5      0.296652      0.296437   0.000430212
6         0.296      0.296364    0.00035873
7       0.29724      0.296489   0.000327955
8      0.298752      0.296772   0.000400813
9      0.296854      0.296781   0.000353599
10      0.298877      0.296991   0.000379385
11      0.294468      0.296761   0.000412763
12      0.295128      0.296625    0.00040064
13      0.296988      0.296653   0.000369589
14      0.297208      0.296693   0.000344462
15      0.294874      0.296572    0.00034283
16      0.297861      0.296652   0.000330654
17      0.295237      0.296569   0.000321564
18        0.2984      0.296671   0.000319779
19      0.296971      0.296686   0.000302892
20      0.296919      0.296698   0.000287584
21      0.296057      0.296668   0.000275247
22      0.294257      0.296558   0.000284385
23      0.297009      0.296578   0.000272445
24      0.297924      0.296634   0.000266809
25       0.29775      0.296678   0.000259783
26      0.297615      0.296714   0.000252178
27      0.295869      0.296683   0.000244671
28      0.296294      0.296669    0.00023618
29      0.297994      0.296715   0.000232422
30      0.297265      0.296733   0.000225289
31       0.29609      0.296712   0.000218885
32      0.296026      0.296691   0.000213016
33        0.2953      0.296649   0.000210721
34      0.295646      0.296619   0.000206545
35         0.295      0.296573   0.000205826
36      0.294284      0.296509   0.000209892
37      0.296948      0.296521   0.000204484
38      0.294273      0.296462   0.000207637
39      0.297118      0.296479   0.000202941
40      0.295812      0.296462   0.000198504
41      0.297129      0.296479   0.000194283
42      0.297106      0.296493   0.000190188
43      0.297709      0.296522   0.000187851
44      0.296751      0.296527   0.000183606
45      0.297162      0.296541   0.000180033
46      0.296919      0.296549   0.000176268
47      0.298693      0.296595   0.000178408
48      0.295679      0.296576   0.000175691
49      0.296731      0.296579   0.000172097
50      0.296773      0.296583   0.000168665
51      0.298609      0.296623   0.000170032
52      0.297561      0.296641   0.000167704
53      0.297611      0.296659   0.000165524
54      0.296415      0.296654   0.000162493
55      0.294298      0.296612   0.000165166
56      0.294404      0.296572    0.00016691
57      0.299251      0.296619    0.00017056
58      0.300311      0.296683   0.000179273
59      0.297839      0.296702   0.000177294
60      0.296877      0.296705   0.000174338
61      0.295661      0.296688    0.00017231
62      0.296054      0.296678   0.000169816
63      0.297963      0.296698   0.000168339
64      0.296365      0.296693   0.000165769
65      0.299282      0.296733   0.000167988
66      0.298034      0.296753   0.000166593
67      0.294507      0.296719   0.000167476
68      0.294608      0.296688    0.00016789
69       0.29367      0.296644   0.000171122
70      0.295086      0.296622   0.000170123
71      0.297277      0.296631   0.000167963
72      0.294464      0.296601   0.000168328
73      0.296595      0.296601   0.000166007
74      0.295466      0.296586   0.000164465
75      0.294047      0.296552   0.000165752
76      0.297467      0.296564   0.000163998
77      0.295887      0.296555   0.000162093
78       0.29689       0.29656   0.000160059
79      0.295497      0.296546   0.000158591
80      0.297935      0.296563   0.000157556
81      0.296756      0.296566   0.000155617
82      0.296805      0.296569   0.000153735
83       0.29387      0.296536   0.000155313
84      0.295277      0.296521   0.000154183
85      0.295972      0.296515   0.000152495
86      0.298346      0.296536   0.000152209
87      0.295401      0.296523   0.000151013
88      0.296151      0.296519   0.000149347
89       0.29718      0.296526   0.000147846
90      0.295385      0.296514   0.000146743
91      0.295315        0.2965   0.000145718
92       0.29751      0.296511   0.000144543
93      0.299404      0.296542   0.000146323
94      0.295551      0.296532   0.000145142
95      0.295706      0.296523   0.000143869
96      0.298378      0.296543   0.000143668
97      0.295261      0.296529   0.000142792
98      0.299551       0.29656   0.000144653
99      0.296412      0.296559   0.000143192
100      0.297409      0.296567   0.000142007
1      0.250969      0.250969             0
2      0.249641      0.250305   0.000663896
3      0.250023      0.250211   0.000394652
4      0.251215      0.250462    0.00037542
5      0.251902       0.25075   0.000409279
6       0.25052      0.250712   0.000336365
7      0.247655      0.250275   0.000521039
8      0.251326      0.250406   0.000469985
9      0.252642      0.250655   0.000483212
10      0.252323      0.250822   0.000463281
11      0.250098      0.250756   0.000424179
12      0.250184      0.250708   0.000390141
13      0.250903      0.250723   0.000359191
14      0.253563      0.250926   0.000389529
15      0.249567      0.250836   0.000373783
16      0.252141      0.250917    0.00035904
17      0.250705      0.250905    0.00033749
18      0.250565      0.250886   0.000318748
19      0.252314      0.250961   0.000310733
20      0.253156      0.251071   0.000314564
21      0.252285      0.251129   0.000304746
22      0.250045      0.251079   0.000294711
23      0.251038      0.251077   0.000281611
24      0.251997      0.251116    0.00027233
25      0.252046      0.251153   0.000263845
26      0.250797      0.251139   0.000253865
27      0.251094      0.251138   0.000244287
28      0.251235      0.251141   0.000235427
29      0.252041      0.251172   0.000229274
30      0.252326      0.251211   0.000224817
31      0.252151      0.251241   0.000219549
32      0.253555      0.251313   0.000224544
33      0.251044      0.251305   0.000217786
34      0.251098      0.251299   0.000211371
35      0.252107      0.251322   0.000206537
36      0.250243      0.251292   0.000202946
37      0.252943      0.251337   0.000202366
38      0.248914      0.251273   0.000207027
39      0.250433      0.251251   0.000202797
40      0.250916      0.251243    0.00019784
41      0.250969      0.251236    0.00019307
42      0.250007      0.251207   0.000190676
43      0.252518      0.251238   0.000188667
44      0.251884      0.251252   0.000184914
45      0.250386      0.251233    0.00018178
46       0.25189      0.251247   0.000178358
47      0.251875      0.251261   0.000175032
48      0.249829      0.251231   0.000173922
49      0.251155      0.251229   0.000170343
50      0.250772       0.25122   0.000167152
51      0.253561      0.251266   0.000170152
52      0.253349      0.251306   0.000171588
53      0.250624      0.251293    0.00016881
54      0.251709      0.251301   0.000165833
55      0.250159       0.25128   0.000164108
56      0.250219      0.251261   0.000162262
57      0.253993      0.251309   0.000166442
58      0.252474      0.251329   0.000164776
59       0.25258       0.25135   0.000163341
60      0.251034      0.251345   0.000160682
61      0.251869      0.251354   0.000158259
62      0.251364      0.251354   0.000155686
63      0.253093      0.251382   0.000155662
64       0.25133      0.251381   0.000153213
65      0.251233      0.251378   0.000150854
66      0.253042      0.251404   0.000150675
67      0.251299      0.251402   0.000148418
68      0.250726      0.251392   0.000146557
69      0.250967      0.251386   0.000144549
70      0.249605      0.251361   0.000144723
71      0.251954      0.251369   0.000142915
72      0.250327      0.251354   0.000141657
73      0.252716      0.251373   0.000140943
74       0.25156      0.251376   0.000139048
75       0.25032      0.251362   0.000137902
76      0.251061      0.251358   0.000136133
77      0.251242      0.251356   0.000134362
78      0.250924      0.251351   0.000132744
79       0.25177      0.251356    0.00013116
80      0.251359      0.251356    0.00012951
81      0.251741      0.251361    0.00012799
82      0.251815      0.251366   0.000126541
83      0.249364      0.251342   0.000127312
84      0.250776      0.251335   0.000125968
85      0.251603      0.251338   0.000124517
86      0.251628      0.251342   0.000123107
87      0.252532      0.251355   0.000122449
88      0.251212      0.251354   0.000121061
89      0.250744      0.251347   0.000119889
90      0.249323      0.251325   0.000120664
91      0.249452      0.251304   0.000121092
92      0.252629      0.251318   0.000120631
93      0.252035      0.251326   0.000119575
94      0.251328      0.251326   0.000118296
95      0.251362      0.251326   0.000117045
96      0.252701      0.251341   0.000116702
97      0.251614      0.251344   0.000115527
98      0.253778      0.251368   0.000117009
99      0.250755      0.251362   0.000115987
100      0.250378      0.251352   0.000115242
1      0.250969      0.250969             0
2      0.249641      0.250305   0.000663896
3      0.250023      0.250211   0.000394652
4      0.251215      0.250462    0.00037542
5      0.251902       0.25075   0.000409279
6       0.25052      0.250712   0.000336365
7      0.247655      0.250275   0.000521039
8      0.251326      0.250406   0.000469985
9      0.252642      0.250655   0.000483212
10      0.252323      0.250822   0.000463281
11      0.250098      0.250756   0.000424179
12      0.250184      0.250708   0.000390141
13      0.250903      0.250723   0.000359191
14      0.253563      0.250926   0.000389529
15      0.249567      0.250836   0.000373783
16      0.252141      0.250917    0.00035904
17      0.250705      0.250905    0.00033749
18      0.250565      0.250886   0.000318748
19      0.252314      0.250961   0.000310733
20      0.253156      0.251071   0.000314564
21      0.252285      0.251129   0.000304746
22      0.250045      0.251079   0.000294711
23      0.251038      0.251077   0.000281611
24      0.251997      0.251116    0.00027233
25      0.252046      0.251153   0.000263845
26      0.250797      0.251139   0.000253865
27      0.251094      0.251138   0.000244287
28      0.251235      0.251141   0.000235427
29      0.252041      0.251172   0.000229274
30      0.252326      0.251211   0.000224817
31      0.252151      0.251241   0.000219549
32      0.253555      0.251313   0.000224544
33      0.251044      0.251305   0.000217786
34      0.251098      0.251299   0.000211371
35      0.252107      0.251322   0.000206537
36      0.250243      0.251292   0.000202946
37      0.252943      0.251337   0.000202366
38      0.248914      0.251273   0.000207027
39      0.250433      0.251251   0.000202797
40      0.250916      0.251243    0.00019784
41      0.250969      0.251236    0.00019307
42      0.250007      0.251207   0.000190676
43      0.252518      0.251238   0.000188667
44      0.251884      0.251252   0.000184914
45      0.250386      0.251233    0.00018178
46       0.25189      0.251247   0.000178358
47      0.251875      0.251261   0.000175032
48      0.249829      0.251231   0.000173922
49      0.251155      0.251229   0.000170343
50      0.250772       0.25122   0.000167152
51      0.253561      0.251266   0.000170152
52      0.253349      0.251306   0.000171588
53      0.250624      0.251293    0.00016881
54      0.251709      0.251301   0.000165833
55      0.250159       0.25128   0.000164108
56      0.250219      0.251261   0.000162262
57      0.253993      0.251309   0.000166442
58      0.252474      0.251329   0.000164776
59       0.25258       0.25135   0.000163341
60      0.251034      0.251345   0.000160682
61      0.251869      0.251354   0.000158259
62      0.251364      0.251354   0.000155686
63      0.253093      0.251382   0.000155662
64       0.25133      0.251381   0.000153213
65      0.251233      0.251378   0.000150854
66      0.253042      0.251404   0.000150675
67      0.251299      0.251402   0.000148418
68      0.250726      0.251392   0.000146557
69      0.250967      0.251386   0.000144549
70      0.249605      0.251361   0.000144723
71      0.251954      0.251369   0.000142915
72      0.250327      0.251354   0.000141657
73      0.252716      0.251373   0.000140943
74       0.25156      0.251376   0.000139048
75       0.25032      0.251362   0.000137902
76      0.251061      0.251358   0.000136133
77      0.251242      0.251356   0.000134362
78      0.250924      0.251351   0.000132744
79       0.25177      0.251356    0.00013116
80      0.251359      0.251356    0.00012951
81      0.251741      0.251361    0.00012799
82      0.251815      0.251366   0.000126541
83      0.249364      0.251342   0.000127312
84      0.250776      0.251335   0.000125968
85      0.251603      0.251338   0.000124517
86      0.251628      0.251342   0.000123107
87      0.252532      0.251355   0.000122449
88      0.251212      0.251354   0.000121061
89      0.250744      0.251347   0.000119889
90      0.249323      0.251325   0.000120664
91      0.249452      0.251304   0.000121092
92      0.252629      0.251318   0.000120631
93      0.252035      0.251326   0.000119575
94      0.251328      0.251326   0.000118296
95      0.251362      0.251326   0.000117045
96      0.252701      0.251341   0.000116702
97      0.251614      0.251344   0.000115527
98      0.253778      0.251368   0.000117009
99      0.250755      0.251362   0.000115987
100      0.250378      0.251352   0.000115242
1      0.197258      0.197258             0
2      0.197526      0.197392   0.000133796
3       0.19805      0.197611   0.000232459
4      0.197582      0.197604    0.00016454
5      0.197356      0.197554   0.000136758
6      0.197772      0.197591   0.000117404
7      0.194294       0.19712   0.000481252
8      0.196847      0.197086   0.000418171
9       0.19803      0.197191   0.000383429
10      0.198247      0.197296   0.000358852
11      0.198029      0.197363   0.000331366
12      0.196941      0.197328   0.000304527
13      0.196521      0.197266   0.000286921
14      0.198389      0.197346   0.000277494
15      0.196139      0.197265   0.000270579
16      0.197329      0.197269   0.000253135
17      0.197907      0.197307   0.000240721
18      0.196086      0.197239   0.000236875
19      0.199271      0.197346    0.00024827
20      0.199491      0.197453   0.000258795
21      0.197844      0.197472   0.000246865
22      0.197885      0.197491   0.000236124
23      0.197215      0.197479   0.000225942
24      0.197539      0.197481   0.000216338
25      0.198456       0.19752   0.000211137
26      0.196832      0.197494   0.000204575
27      0.195979      0.197438   0.000204693
28      0.198948      0.197492   0.000204488
29      0.197885      0.197505   0.000197776
30      0.198413      0.197535   0.000193451
31      0.198228      0.197558   0.000188438
32      0.199319      0.197613   0.000190576
33      0.197979      0.197624   0.000185045
34      0.197464      0.197619   0.000179581
35      0.198596      0.197647   0.000176596
36      0.195064      0.197575   0.000186021
37      0.198504        0.1976   0.000182657
38      0.197715      0.197603   0.000177811
39      0.195855      0.197559   0.000178903
40      0.197549      0.197558   0.000174373
41      0.197182      0.197549   0.000170314
42       0.19696      0.197535   0.000166802
43      0.196211      0.197504    0.00016576
44      0.198486      0.197527   0.000163478
45      0.196388      0.197501   0.000161797
46       0.19854      0.197524   0.000159844
47      0.197218      0.197517   0.000156542
48      0.196903      0.197505    0.00015378
49      0.197212      0.197499   0.000150727
50      0.199038      0.197529   0.000150857
51      0.198764      0.197554   0.000149837
52      0.197488      0.197552   0.000146933
53      0.199219      0.197584   0.000147525
54       0.19728      0.197578   0.000144876
55      0.197771      0.197582   0.000142261
56      0.197854      0.197587   0.000139782
57      0.198488      0.197602   0.000138216
58      0.197898      0.197608   0.000135907
59      0.197404      0.197604   0.000133629
60      0.196555      0.197587    0.00013254
61      0.199396      0.197616   0.000133682
62       0.19851      0.197631   0.000132296
63      0.198829       0.19765   0.000131562
64       0.19766       0.19765   0.000129491
65      0.198417      0.197662   0.000128029
66      0.197028      0.197652   0.000126439
67      0.198282      0.197661   0.000124892
68      0.198651      0.197676   0.000123899
69      0.197403      0.197672   0.000122154
70      0.196061      0.197649   0.000122578
71      0.198533      0.197662    0.00012148
72      0.197382      0.197658   0.000119843
73      0.198423      0.197668   0.000118655
74      0.197731      0.197669   0.000117043
75      0.198028      0.197674   0.000115571
76      0.198225      0.197681   0.000114271
77      0.197333      0.197677   0.000112868
78      0.196445      0.197661   0.000112524
79      0.198443      0.197671    0.00011153
80      0.196094      0.197651   0.000111876
81      0.198143      0.197657   0.000110653
82      0.198265      0.197664   0.000109546
83       0.19656      0.197651   0.000109034
84      0.196016      0.197632   0.000109474
85      0.197381      0.197629   0.000108218
86      0.198436      0.197638   0.000107363
87      0.198377      0.197647   0.000106461
88      0.198588      0.197657   0.000105786
89      0.197481      0.197655    0.00010461
90      0.195903      0.197636   0.000105257
91      0.196452      0.197623   0.000104903
92      0.197816      0.197625   0.000103778
93      0.197904      0.197628     0.0001027
94      0.197652      0.197628   0.000101602
95      0.198437      0.197637   0.000100887
96      0.199414      0.197655   0.000101532
97      0.197965      0.197658   0.000100531
98      0.199602      0.197678   0.000101456
99      0.196518      0.197667   0.000101108
100      0.197099      0.197661   0.000100253
1      0.212514      0.212514             0
2      0.213483      0.212998   0.000484489
3      0.214013      0.213336   0.000438955
4       0.21421      0.213555   0.000379563
5      0.213036      0.213451   0.000311755
6      0.214353      0.213601   0.000295591
7      0.210475      0.213155   0.000511811
8      0.213489      0.213196   0.000445201
9      0.214524      0.213344   0.000419437
10      0.213958      0.213405   0.000380151
11      0.214017      0.213461   0.000348325
12      0.213362      0.213453   0.000318082
13      0.212734      0.213398   0.000297768
14      0.214354      0.213466   0.000284023
15      0.212663      0.213412   0.000269776
16      0.213185      0.213398   0.000252751
17      0.214441       0.21346   0.000245221
18      0.211999      0.213378    0.00024503
19      0.215433      0.213487   0.000255772
20      0.215128      0.213569   0.000256148
21      0.213748      0.213577   0.000243794
22      0.213844      0.213589   0.000232764
23      0.212429      0.213539   0.000228058
24      0.213665      0.213544   0.000218412
25       0.21524      0.213612   0.000220206
26      0.213113      0.213593   0.000212437
27      0.212162       0.21354    0.00021117
28      0.214791      0.213584   0.000208341
29      0.213764      0.213591   0.000201123
30      0.215158      0.213643   0.000201204
31      0.215347      0.213698   0.000202222
32      0.215867      0.213766   0.000207201
33      0.214117      0.213776   0.000201106
34      0.213832      0.213778   0.000195109
35      0.214276      0.213792   0.000189986
36      0.211631      0.213732    0.00019415
37      0.215018      0.213767   0.000192001
38      0.213046      0.213748   0.000187839
39      0.212216      0.213709    0.00018713
40      0.213392      0.213701   0.000182563
41      0.213604      0.213698    0.00017807
42      0.212403      0.213667   0.000176494
43      0.212952      0.213651   0.000173143
44      0.214525      0.213671   0.000170325
45      0.212846      0.213652   0.000167502
46      0.213941      0.213659    0.00016394
47      0.214387      0.213674   0.000161161
48      0.212937      0.213659   0.000158513
49      0.212738       0.21364   0.000156377
50      0.214653       0.21366    0.00015455
51      0.214061      0.213668   0.000151692
52      0.213875      0.213672     0.0001488
53      0.214763      0.213693   0.000147409
54      0.213818      0.213695   0.000144673
55      0.213638      0.213694   0.000142022
56      0.213243      0.213686   0.000139695
57      0.214616      0.213702    0.00013819
58      0.214775      0.213721    0.00013704
59       0.21386      0.213723   0.000134718
60      0.212844      0.213708   0.000133262
61      0.214493      0.213721   0.000131689
62      0.214947      0.213741   0.000131048
63      0.214775      0.213758   0.000129992
64      0.214184      0.213764   0.000128118
65       0.21387      0.213766   0.000126142
66      0.213409       0.21376   0.000124333
67      0.214122      0.213766   0.000122582
68      0.214701       0.21378   0.000121546
69      0.212629      0.213763   0.000120927
70      0.212115      0.213739   0.000121491
71      0.215193       0.21376   0.000121505
72      0.213518      0.213756   0.000119852
73      0.215305      0.213778   0.000120088
74      0.214143      0.213783   0.000118557
75      0.214708      0.213795   0.000117616
76      0.213828      0.213795   0.000116059
77      0.213519      0.213792   0.000114598
78      0.212393      0.213774   0.000114532
79      0.214771      0.213786   0.000113776
80      0.212524      0.213771   0.000113447
81      0.213933      0.213773   0.000112056
82      0.214178      0.213778   0.000110792
83      0.211708      0.213753   0.000112253
84      0.212651       0.21374   0.000111682
85      0.213754       0.21374    0.00011036
86      0.213702      0.213739    0.00010907
87      0.214721      0.213751   0.000108398
88      0.213924      0.213753   0.000107177
89      0.213992      0.213755      0.000106
90      0.211634      0.213732   0.000107433
91      0.213129      0.213725   0.000106452
92      0.214642      0.213735   0.000105759
93      0.214962      0.213748   0.000105444
94       0.21327      0.213743    0.00010444
95      0.213841      0.213744    0.00010334
96      0.214933      0.213757   0.000103004
97      0.214356      0.213763   0.000102124
98      0.215958      0.213785    0.00010353
99      0.213144      0.213779   0.000102683
100      0.212684      0.213768   0.000102239
