1     -0.463774     -0.463774             0
2     -0.462522     -0.463148   0.000626016
3     -0.463697     -0.463331   0.000405038
4     -0.462874     -0.463217   0.000308366
5     -0.462931      -0.46316   0.000245592
6     -0.462591     -0.463065   0.000221806
7     -0.462556     -0.462992   0.000201066
8     -0.461983     -0.462866   0.000215047
9     -0.463684     -0.462957   0.000210324
10     -0.462673     -0.462928   0.000190251
11     -0.462422     -0.462882   0.000178134
12     -0.463333      -0.46292   0.000166885
13     -0.463096     -0.462933   0.000154111
14     -0.463556     -0.462978   0.000149443
15     -0.463094     -0.462986   0.000139338
16     -0.463031     -0.462988   0.000130369
17     -0.462832     -0.462979   0.000122806
18     -0.463352        -0.463   0.000117616
19     -0.462571     -0.462977   0.000113523
20     -0.463305     -0.462994   0.000108934
21     -0.463183     -0.463003   0.000104009
22     -0.462791     -0.462993   9.96339e-05
23     -0.462559     -0.462974   9.70608e-05
24     -0.462296     -0.462946   9.71296e-05
25     -0.462602     -0.462932   9.41736e-05
26     -0.463143      -0.46294   9.08404e-05
27     -0.462319     -0.462917   9.03855e-05
28     -0.463391     -0.462934   8.87276e-05
29     -0.462905     -0.462933   8.56192e-05
30     -0.462221      -0.46291   8.60537e-05
31     -0.461913     -0.462877   8.92188e-05
32     -0.463297     -0.462891   8.73736e-05
33     -0.463547      -0.46291   8.69865e-05
34     -0.463494     -0.462928   8.61188e-05
35     -0.463419     -0.462942   8.47927e-05
36      -0.46303     -0.462944   8.24403e-05
37     -0.462468     -0.462931   8.12071e-05
38     -0.463134     -0.462937   7.92203e-05
39     -0.463165     -0.462942   7.73847e-05
40     -0.462693     -0.462936   7.56834e-05
41     -0.462722     -0.462931   7.39994e-05
42     -0.462805     -0.462928   7.22783e-05
43     -0.462766     -0.462924   7.06777e-05
44     -0.463349     -0.462934   6.97235e-05
45     -0.462148     -0.462916   7.03596e-05
46     -0.463254     -0.462924   6.92024e-05
47     -0.463186     -0.462929   6.79442e-05
48     -0.462262     -0.462915   6.79524e-05
49     -0.463206     -0.462921    6.6815e-05
50     -0.462306     -0.462909     6.661e-05
51     -0.462717     -0.462905   6.53991e-05
52     -0.462944     -0.462906   6.41333e-05
53     -0.463251     -0.462912   6.32471e-05
54     -0.464193     -0.462936   6.64417e-05
55     -0.462206     -0.462923   6.65597e-05
56     -0.461782     -0.462903   6.84605e-05
57     -0.462642     -0.462898   6.74037e-05
58     -0.462376     -0.462889   6.68404e-05
59     -0.463288     -0.462896   6.60451e-05
60       -0.4621     -0.462882   6.62755e-05
61     -0.462493     -0.462876   6.54915e-05
62     -0.462628     -0.462872   6.45506e-05
63     -0.463328     -0.462879   6.39287e-05
64     -0.463223     -0.462885   6.31511e-05
65     -0.461888     -0.462869   6.40364e-05
66     -0.463626     -0.462881   6.40915e-05
67      -0.46334     -0.462888   6.34994e-05
68     -0.463373     -0.462895   6.29645e-05
69     -0.462256     -0.462886   6.27316e-05
70      -0.46337     -0.462892    6.2215e-05
71     -0.463715     -0.462904   6.24174e-05
72     -0.463368      -0.46291   6.18801e-05
73      -0.46247     -0.462904   6.13246e-05
74     -0.463355     -0.462911    6.0796e-05
75     -0.461699     -0.462894   6.21162e-05
76     -0.463289       -0.4629   6.15128e-05
77     -0.462597     -0.462896   6.08358e-05
78     -0.463012     -0.462897   6.00692e-05
79     -0.463015     -0.462899   5.93228e-05
80     -0.462897     -0.462899   5.85766e-05
81     -0.462905     -0.462899   5.78489e-05
82     -0.462906     -0.462899   5.71392e-05
83     -0.462895     -0.462899   5.64466e-05
84     -0.463341     -0.462904   5.60183e-05
85     -0.463341     -0.462909   5.55935e-05
86     -0.463236     -0.462913   5.50744e-05
87     -0.462967     -0.462914   5.44411e-05
88      -0.46347      -0.46292   5.41892e-05
89     -0.462892      -0.46292   5.35778e-05
90     -0.462639     -0.462916    5.3071e-05
91     -0.462766     -0.462915   5.25106e-05
92     -0.462685     -0.462912   5.19966e-05
93     -0.462452     -0.462907   5.16721e-05
94     -0.463549     -0.462914   5.15732e-05
95     -0.462768     -0.462913   5.10506e-05
96     -0.462764     -0.462911   5.05397e-05
97     -0.462494     -0.462907   5.02005e-05
98     -0.463292     -0.462911   4.98411e-05
99     -0.463025     -0.462912   4.93485e-05
100     -0.462386     -0.462907   4.91351e-05
1     -0.483417     -0.483417             0
2     -0.484694     -0.484056   0.000638164
3     -0.483994     -0.484035   0.000369018
4     -0.483311     -0.483854   0.000317611
5     -0.483832      -0.48385    0.00024606
6     -0.484054     -0.483884   0.000203791
7     -0.483585     -0.483841   0.000177438
8     -0.484025     -0.483864   0.000155374
9     -0.483708     -0.483847   0.000138112
10     -0.484847     -0.483947    0.00015894
11     -0.483294     -0.483887    0.00015554
12     -0.484556     -0.483943   0.000152526
13     -0.482497     -0.483832   0.000179041
14      -0.48354     -0.483811   0.000167066
15     -0.483531     -0.483792   0.000156646
16     -0.483708     -0.483787   0.000146624
17     -0.483961     -0.483797   0.000138107
18     -0.484118     -0.483815   0.000131418
19     -0.484711     -0.483862   0.000132958
20     -0.483806     -0.483859   0.000126167
21     -0.484756     -0.483902    0.00012738
22     -0.482909     -0.483857   0.000129574
23     -0.483695      -0.48385   0.000124011
24     -0.482645       -0.4838   0.000128917
25     -0.483709     -0.483796   0.000123706
26     -0.483453     -0.483783   0.000119584
27     -0.483792     -0.483783    0.00011507
28     -0.483876     -0.483787   0.000110934
29     -0.483185     -0.483766   0.000109034
30     -0.483091     -0.483743   0.000107714
31      -0.48453     -0.483769   0.000107227
32     -0.483622     -0.483764   0.000103924
33     -0.483741     -0.483763   0.000100728
34     -0.483681     -0.483761   9.77503e-05
35     -0.484405     -0.483779   9.66833e-05
36     -0.483176     -0.483763   9.54431e-05
37     -0.482709     -0.483734   9.70942e-05
38     -0.483601     -0.483731   9.45695e-05
39     -0.483796     -0.483732   9.21279e-05
40     -0.482916     -0.483712   9.20859e-05
41     -0.482715     -0.483688   9.30453e-05
42     -0.484162     -0.483699   9.15028e-05
43     -0.483973     -0.483705   8.95764e-05
44     -0.483069     -0.483691   8.87029e-05
45     -0.483763     -0.483692   8.67242e-05
46     -0.483514     -0.483688   8.49064e-05
47     -0.483401     -0.483682   8.33044e-05
48     -0.483893     -0.483687   8.16689e-05
49     -0.483037     -0.483674   8.10776e-05
50     -0.482501      -0.48365    8.2826e-05
51     -0.483906     -0.483655   8.13411e-05
52     -0.483504     -0.483652   7.98144e-05
53      -0.48397     -0.483658   7.85228e-05
54     -0.483818     -0.483661   7.71114e-05
55     -0.484007     -0.483667   7.59572e-05
56     -0.482618     -0.483649   7.69058e-05
57     -0.483289     -0.483642   7.58083e-05
58     -0.484206     -0.483652   7.51217e-05
59     -0.483782     -0.483654   7.38703e-05
60      -0.48441     -0.483667   7.37123e-05
61     -0.482925     -0.483655   7.35075e-05
62     -0.482507     -0.483636   7.46451e-05
63     -0.483628     -0.483636   7.34508e-05
64     -0.483117     -0.483628   7.27476e-05
65     -0.483157     -0.483621    7.1985e-05
66     -0.483439     -0.483618   7.09397e-05
67      -0.48411     -0.483625    7.0258e-05
68     -0.483149     -0.483618   6.95709e-05
69     -0.483854     -0.483622   6.86399e-05
70     -0.483899     -0.483626   6.77679e-05
71     -0.483332     -0.483622   6.69344e-05
72     -0.482907     -0.483612   6.67403e-05
73     -0.482271     -0.483593   6.83323e-05
74     -0.482882     -0.483584    6.8085e-05
75     -0.483532     -0.483583   6.71746e-05
76     -0.483102     -0.483577   6.65864e-05
77      -0.48281     -0.483567   6.64658e-05
78     -0.482506     -0.483553   6.70019e-05
79     -0.484342     -0.483563   6.68977e-05
80      -0.48357     -0.483563   6.60563e-05
81     -0.484528     -0.483575   6.63152e-05
82     -0.483738     -0.483577   6.55318e-05
83     -0.482794     -0.483568   6.54205e-05
84     -0.482953      -0.48356   6.50499e-05
85      -0.48265      -0.48355    6.5166e-05
86     -0.484091     -0.483556   6.47114e-05
87     -0.483619     -0.483557   6.39673e-05
88     -0.482507     -0.483545   6.43507e-05
89     -0.483891     -0.483549   6.37426e-05
90     -0.483074     -0.483543   6.32504e-05
91     -0.483238      -0.48354   6.26417e-05
92     -0.483353     -0.483538   6.19903e-05
93     -0.484345     -0.483547   6.19317e-05
94     -0.482991     -0.483541   6.15537e-05
95     -0.483659     -0.483542   6.09151e-05
96     -0.483923     -0.483546   6.04076e-05
97     -0.484338     -0.483554   6.03365e-05
98     -0.483523     -0.483554   5.97185e-05
99      -0.48414      -0.48356   5.94081e-05
100     -0.483609      -0.48356   5.88132e-05
1     -0.530126     -0.530126             0
2     -0.529941     -0.530034    9.2432e-05
3     -0.529754     -0.529941   0.000107453
4     -0.530372     -0.530048   0.000131928
5     -0.530259     -0.530091   0.000110546
6     -0.529247      -0.52995   0.000167147
7     -0.530235     -0.529991   0.000147014
8      -0.53074     -0.530084   0.000158087
9     -0.530407      -0.53012   0.000143951
10     -0.529964     -0.530105   0.000129694
11     -0.529673     -0.530065   0.000123714
12     -0.529914     -0.530053   0.000113639
13     -0.530152      -0.53006   0.000104812
14     -0.530167     -0.530068   9.73327e-05
15     -0.528686     -0.529976   0.000129245
16     -0.529693     -0.529958   0.000122187
17     -0.529271     -0.529918   0.000121689
18     -0.529881     -0.529916   0.000114747
19     -0.529993      -0.52992   0.000108615
20     -0.530904     -0.529969   0.000114203
21     -0.530114     -0.529976   0.000108847
22     -0.529421     -0.529951   0.000106805
23     -0.529713      -0.52994   0.000102577
24     -0.529732     -0.529932   9.85921e-05
25     -0.529609     -0.529919   9.54436e-05
26     -0.529029     -0.529884    9.7874e-05
27      -0.53043     -0.529905   9.63244e-05
28     -0.530204     -0.529915   9.34329e-05
29     -0.530266     -0.529927   9.09599e-05
30     -0.528875     -0.529892   9.46219e-05
31     -0.530221     -0.529903   9.21302e-05
32     -0.529216     -0.529881    9.1749e-05
33     -0.530764     -0.529908   9.28555e-05
34     -0.529817     -0.529906   9.01233e-05
35     -0.529945     -0.529907   8.75178e-05
36     -0.529766     -0.529903   8.51415e-05
37     -0.530616     -0.529922   8.50227e-05
38     -0.530759     -0.529944   8.56354e-05
39     -0.529598     -0.529935   8.38818e-05
40     -0.528429     -0.529897   9.00155e-05
41     -0.531006     -0.529925   9.18633e-05
42     -0.529472     -0.529914   9.02948e-05
43     -0.530444     -0.529926   8.90288e-05
44     -0.529406     -0.529914   8.77811e-05
45     -0.529775     -0.529911   8.58642e-05
46     -0.530541     -0.529925   8.50865e-05
47     -0.529797     -0.529922   8.33013e-05
48     -0.529928     -0.529922   8.15475e-05
49     -0.529672     -0.529917   8.00292e-05
50     -0.529978     -0.529918   7.84216e-05
51     -0.530253     -0.529925   7.71481e-05
52     -0.529916     -0.529925   7.56501e-05
53     -0.529801     -0.529922   7.42456e-05
54      -0.52912     -0.529908   7.43593e-05
55     -0.528767     -0.529887   7.58823e-05
56     -0.529431     -0.529879   7.49581e-05
57     -0.529425     -0.529871     7.406e-05
58     -0.530753     -0.529886   7.43442e-05
59     -0.530235     -0.529892   7.33123e-05
60     -0.530035     -0.529894   7.21197e-05
61      -0.52981     -0.529893    7.0941e-05
62     -0.528836     -0.529876   7.18386e-05
63     -0.529858     -0.529876   7.06897e-05
64     -0.529669     -0.529872   6.96511e-05
65     -0.529352     -0.529864   6.90374e-05
66     -0.530473     -0.529874   6.86056e-05
67     -0.529577     -0.529869   6.77182e-05
68      -0.53043     -0.529877   6.72232e-05
69     -0.530282     -0.529883   6.65011e-05
70     -0.530574     -0.529893   6.62825e-05
71     -0.528785     -0.529877   6.71808e-05
72      -0.53059     -0.529887   6.69759e-05
73     -0.530163     -0.529891   6.61602e-05
74     -0.529666     -0.529888   6.53306e-05
75     -0.530093     -0.529891   6.45114e-05
76     -0.530466     -0.529898   6.41046e-05
77     -0.530117     -0.529901   6.33304e-05
78     -0.530247     -0.529906   6.26704e-05
79     -0.529586     -0.529902   6.20042e-05
80     -0.530334     -0.529907   6.14625e-05
81     -0.530283     -0.529912   6.08763e-05
82     -0.529449     -0.529906    6.0394e-05
83     -0.530445     -0.529913   6.00148e-05
84     -0.530659     -0.529921   5.99584e-05
85      -0.52939     -0.529915    5.9578e-05
86     -0.529058     -0.529905   5.97181e-05
87     -0.530323      -0.52991   5.92224e-05
88     -0.529832     -0.529909   5.85522e-05
89     -0.528766     -0.529896   5.92992e-05
90     -0.529391     -0.529891   5.89045e-05
91     -0.529651     -0.529888   5.83129e-05
92     -0.531064     -0.529901   5.90745e-05
93     -0.530285     -0.529905   5.85813e-05
94     -0.530558     -0.529912   5.83697e-05
95     -0.530224     -0.529915   5.78456e-05
96     -0.529841     -0.529914   5.72451e-05
97     -0.529572     -0.529911   5.67619e-05
98     -0.529492     -0.529907   5.63419e-05
99       -0.5296     -0.529904   5.58555e-05
100     -0.529673     -0.529901   5.53424e-05
1      -0.58386      -0.58386             0
2     -0.584704     -0.584282   0.000422024
3     -0.583696     -0.584087   0.000312365
4     -0.583622      -0.58397   0.000249512
5     -0.585478     -0.584272   0.000358069
6     -0.584289     -0.584275   0.000292375
7     -0.584838     -0.584355   0.000259892
8     -0.584816     -0.584413   0.000232336
9     -0.583282     -0.584287   0.000240385
10     -0.584325     -0.584291    0.00021504
11     -0.584353     -0.584297   0.000194594
12     -0.584781     -0.584337   0.000182159
13     -0.584098     -0.584319   0.000168568
14     -0.584809     -0.584354    0.00015994
15     -0.584468     -0.584361   0.000149091
16     -0.584457     -0.584367   0.000139591
17     -0.585149     -0.584413   0.000138961
18     -0.584415     -0.584413   0.000131014
19     -0.583437     -0.584362   0.000134157
20     -0.585324      -0.58441   0.000136064
21     -0.585124     -0.584444   0.000133817
22     -0.584915     -0.584465   0.000129374
23     -0.584205     -0.584454   0.000124138
24     -0.583677     -0.584422   0.000123183
25     -0.584505     -0.584425     0.0001182
26     -0.584653     -0.584434   0.000113899
27     -0.586255     -0.584501   0.000128688
28     -0.584658     -0.584507   0.000124134
29     -0.583375     -0.584468   0.000125971
30     -0.584401     -0.584466    0.00012172
31      -0.58404     -0.584452   0.000118525
32      -0.58426     -0.584446   0.000114918
33     -0.585063     -0.584465   0.000112941
34     -0.584713     -0.584472   0.000109812
35     -0.584022     -0.584459   0.000107399
36     -0.585124     -0.584478   0.000105996
37     -0.583944     -0.584463   0.000104096
38      -0.58447     -0.584463    0.00010132
39     -0.585429     -0.584488   0.000101746
40     -0.584177      -0.58448   9.94737e-05
41     -0.583723     -0.584462   9.87617e-05
42     -0.584416     -0.584461   9.63878e-05
43     -0.584402     -0.584459   9.41295e-05
44     -0.583394     -0.584435   9.50979e-05
45      -0.58529     -0.584454   9.48809e-05
46      -0.58529     -0.584472   9.45559e-05
47     -0.584805     -0.584479   9.27931e-05
48     -0.585782     -0.584506   9.48051e-05
49     -0.584596     -0.584508   9.28682e-05
50     -0.583858     -0.584495   9.19178e-05
51     -0.583586     -0.584477   9.18443e-05
52      -0.58436     -0.584475   9.00893e-05
53     -0.584223      -0.58447   8.85015e-05
54      -0.58401     -0.584462   8.72641e-05
55     -0.583923     -0.584452   8.62204e-05
56     -0.583989     -0.584444   8.50702e-05
57     -0.584761     -0.584449    8.3749e-05
58     -0.584945     -0.584458   8.27343e-05
59     -0.584177     -0.584453   8.14595e-05
60     -0.584506     -0.584454   8.00952e-05
61     -0.584808      -0.58446   7.89841e-05
62     -0.583988     -0.584452   7.80718e-05
63     -0.584909      -0.58446   7.71634e-05
64     -0.584105     -0.584454   7.61499e-05
65      -0.58509     -0.584464   7.56044e-05
66      -0.58405     -0.584457   7.47132e-05
67      -0.58524     -0.584469    7.4511e-05
68     -0.583513     -0.584455   7.47422e-05
69     -0.584164     -0.584451    7.3772e-05
70     -0.584651     -0.584454   7.27668e-05
71     -0.583993     -0.584447   7.20282e-05
72     -0.584759     -0.584452   7.11526e-05
73     -0.584238     -0.584449   7.02319e-05
74      -0.58394     -0.584442   6.96162e-05
75     -0.584091     -0.584437    6.8841e-05
76     -0.584347     -0.584436   6.79397e-05
77     -0.584112     -0.584432   6.71834e-05
78     -0.584731     -0.584436   6.64278e-05
79     -0.584514     -0.584437    6.5589e-05
80     -0.585033     -0.584444   6.51922e-05
81     -0.584282     -0.584442   6.44133e-05
82     -0.584392     -0.584441   6.36259e-05
83     -0.584302      -0.58444    6.2877e-05
84     -0.583665      -0.58443   6.28041e-05
85     -0.584797     -0.584435   6.22107e-05
86     -0.584472     -0.584435   6.14845e-05
87     -0.584811      -0.58444   6.09271e-05
88     -0.584084     -0.584436   6.03661e-05
89     -0.585219     -0.584444   6.03294e-05
90     -0.584148     -0.584441   5.97463e-05
91     -0.585131     -0.584449   5.95709e-05
92     -0.583766     -0.584441   5.93851e-05
93     -0.584883     -0.584446   5.89352e-05
94     -0.585169     -0.584454   5.88097e-05
95     -0.584185     -0.584451   5.82562e-05
96     -0.585121     -0.584458   5.80676e-05
97     -0.583795     -0.584451   5.78707e-05
98     -0.582591     -0.584432   6.03384e-05
99     -0.584765     -0.584435   5.98206e-05
100     -0.585192     -0.584443   5.97015e-05
1     -0.648952     -0.648952             0
2     -0.648849       -0.6489    5.1476e-05
3     -0.650022     -0.649274   0.000375196
4     -0.648451     -0.649069   0.000335825
5     -0.648782     -0.649011    0.00026635
6     -0.648827     -0.648981    0.00021963
7     -0.648653     -0.648934   0.000191421
8     -0.649113     -0.648956   0.000167276
9     -0.649179     -0.648981   0.000149578
10     -0.649933     -0.649076   0.000164216
11     -0.649036     -0.649073   0.000148583
12     -0.649394     -0.649099    0.00013825
13     -0.649396     -0.649122   0.000129202
14      -0.64898     -0.649112   0.000120048
15     -0.649654     -0.649148   0.000117455
16     -0.649689     -0.649182   0.000114957
17     -0.648534     -0.649144   0.000114511
18     -0.649638     -0.649171   0.000111403
19      -0.64895      -0.64916   0.000106017
20     -0.649538     -0.649179   0.000102339
21     -0.648718     -0.649157   9.97846e-05
22      -0.64906     -0.649152   9.52432e-05
23     -0.648403      -0.64912   9.66692e-05
24     -0.649367      -0.64913   9.31248e-05
25     -0.649818     -0.649157   9.34679e-05
26     -0.648957      -0.64915    9.0131e-05
27     -0.648643     -0.649131   8.87326e-05
28      -0.64898     -0.649126   8.56741e-05
29     -0.647733     -0.649078   9.55969e-05
30     -0.649306     -0.649085   9.26681e-05
31     -0.648732     -0.649074   9.03496e-05
32     -0.648351     -0.649051   9.03464e-05
33     -0.649766     -0.649073   9.02073e-05
34     -0.649239     -0.649078   8.76497e-05
35     -0.649659     -0.649094   8.67138e-05
36     -0.649286       -0.6491   8.44393e-05
37     -0.649661     -0.649115   8.35148e-05
38     -0.648195     -0.649091   8.48164e-05
39     -0.648607     -0.649078   8.35379e-05
40     -0.649571     -0.649091     8.235e-05
41     -0.649149     -0.649092   8.03291e-05
42     -0.648776     -0.649085   7.87542e-05
43       -0.6494     -0.649092   7.72508e-05
44     -0.648943     -0.649088   7.55506e-05
45     -0.649676     -0.649102   7.49976e-05
46     -0.648403     -0.649086    7.4905e-05
47      -0.64872     -0.649079    7.3708e-05
48     -0.649021     -0.649077   7.21661e-05
49     -0.648395     -0.649063   7.20381e-05
50     -0.648523     -0.649053   7.14043e-05
51      -0.64797     -0.649031   7.31399e-05
52     -0.648561     -0.649022    7.2288e-05
53     -0.648363      -0.64901   7.19953e-05
54     -0.649155     -0.649013   7.07007e-05
55     -0.648683     -0.649007   6.96621e-05
56     -0.648204     -0.648992   6.98921e-05
57     -0.649659     -0.649004   6.96435e-05
58     -0.649988     -0.649021   7.05024e-05
59     -0.648421     -0.649011   7.00392e-05
60     -0.648938      -0.64901   6.88727e-05
61     -0.649767     -0.649022    6.8862e-05
62     -0.647996     -0.649005   6.97323e-05
63     -0.648412     -0.648996   6.92594e-05
64      -0.64863      -0.64899   6.84086e-05
65     -0.649655        -0.649   6.81209e-05
66     -0.648981        -0.649   6.70814e-05
67     -0.648981        -0.649   6.60732e-05
68     -0.649196     -0.649003   6.51583e-05
69     -0.648011     -0.648988   6.57949e-05
70     -0.650125     -0.649005   6.68508e-05
71     -0.648451     -0.648997   6.63627e-05
72     -0.648618     -0.648992   6.56455e-05
73     -0.649517     -0.648999   6.51381e-05
74     -0.649006     -0.648999   6.42519e-05
75     -0.649231     -0.649002   6.34647e-05
76      -0.64785     -0.648987   6.44332e-05
77     -0.648694     -0.648983   6.37047e-05
78     -0.647662     -0.648966   6.51251e-05
79     -0.649424     -0.648972   6.45558e-05
80     -0.648265     -0.648963   6.43525e-05
81     -0.648247     -0.648954   6.41653e-05
82     -0.649952     -0.648966   6.45357e-05
83     -0.649837     -0.648977   6.46099e-05
84     -0.649015     -0.648977   6.38377e-05
85     -0.647897     -0.648965   6.43499e-05
86      -0.64917     -0.648967   6.36422e-05
87     -0.650705     -0.648987   6.60029e-05
88     -0.648212     -0.648978   6.58395e-05
89     -0.649382     -0.648983   6.52536e-05
90     -0.649921     -0.648993   6.53611e-05
91     -0.648025     -0.648982   6.55087e-05
92     -0.650015     -0.648994   6.57571e-05
93     -0.649217     -0.648996   6.50906e-05
94     -0.649296     -0.648999   6.44732e-05
95     -0.647764     -0.648986   6.51021e-05
96      -0.65009     -0.648998    6.5438e-05
97     -0.649445     -0.649002   6.49238e-05
98     -0.648313     -0.648995   6.46413e-05
99     -0.649289     -0.648998   6.40538e-05
100     -0.649794     -0.649006   6.39069e-05
1     -0.724911     -0.724911             0
2     -0.725359     -0.725135    0.00022382
3      -0.72451     -0.724927   0.000245252
4       -0.7259      -0.72517   0.000298809
5     -0.724919      -0.72512   0.000236845
6     -0.724099      -0.72495   0.000257519
7     -0.724377     -0.724868   0.000232531
8     -0.724266     -0.724793   0.000214954
9     -0.725598     -0.724882   0.000209647
10     -0.724905     -0.724885   0.000187527
11      -0.72632     -0.725015   0.000214028
12     -0.725873     -0.725087   0.000208046
13     -0.724304     -0.725026   0.000200629
14     -0.725822     -0.725083   0.000194246
15     -0.725352     -0.725101   0.000181721
16     -0.725179     -0.725106   0.000170054
17     -0.724117     -0.725048   0.000170001
18     -0.725273      -0.72506   0.000160766
19     -0.725845     -0.725102   0.000157573
20     -0.724975     -0.725095   0.000149621
21     -0.723757     -0.725031   0.000155934
22     -0.723967     -0.724983   0.000156353
23     -0.724311     -0.724954   0.000152229
24     -0.725175     -0.724963   0.000146039
25     -0.726864     -0.725039    0.00015939
26     -0.726457     -0.725094   0.000162557
27     -0.725675     -0.725115   0.000157896
28     -0.723459     -0.725056   0.000163243
29     -0.724831     -0.725048   0.000157704
30     -0.724665     -0.725036   0.000152893
31     -0.724395     -0.725015   0.000149316
32     -0.725579     -0.725032   0.000145644
33     -0.723957        -0.725   0.000144872
34     -0.724885     -0.724997   0.000140587
35     -0.725557     -0.725013   0.000137449
36     -0.724533     -0.724999   0.000134239
37     -0.726003     -0.725026   0.000133349
38     -0.725178      -0.72503   0.000129854
39     -0.722645     -0.724969   0.000140488
40     -0.725686     -0.724987   0.000138099
41     -0.725138     -0.724991   0.000134739
42     -0.724604     -0.724982   0.000131813
43     -0.725584     -0.724996   0.000129472
44     -0.724706     -0.724989   0.000126666
45      -0.72444     -0.724977   0.000124418
46     -0.724574     -0.724968   0.000121997
47      -0.72469     -0.724962    0.00011952
48     -0.723836     -0.724939   0.000119332
49     -0.724832     -0.724937   0.000116892
50     -0.725332     -0.724944   0.000114803
51     -0.725369     -0.724953   0.000112837
52     -0.725107     -0.724956   0.000110686
53     -0.724968     -0.724956   0.000108578
54     -0.724905     -0.724955   0.000106552
55     -0.724256     -0.724942   0.000105365
56     -0.724308     -0.724931   0.000104086
57     -0.725677     -0.724944   0.000103078
58     -0.725759     -0.724958   0.000102255
59     -0.725765     -0.724972   0.000101433
60     -0.725742     -0.724985   0.000100551
61     -0.724855     -0.724983   9.89123e-05
62     -0.724496     -0.724975   9.76192e-05
63     -0.725308      -0.72498   9.62024e-05
64     -0.725151     -0.724983   9.47248e-05
65      -0.72464     -0.724977   9.34048e-05
66     -0.725542     -0.724986   9.23753e-05
67     -0.724995     -0.724986   9.09862e-05
68     -0.726441     -0.725007   9.21548e-05
69     -0.723947     -0.724992   9.21012e-05
70     -0.724048     -0.724979   9.17716e-05
71     -0.725557     -0.724987   9.08362e-05
72     -0.724973     -0.724987   8.95659e-05
73     -0.723833     -0.724971   8.97322e-05
74     -0.724531     -0.724965   8.87102e-05
75     -0.723488     -0.724945    8.9706e-05
76      -0.72445     -0.724939   8.87573e-05
77     -0.724865     -0.724938   8.76022e-05
78     -0.723717     -0.724922   8.78758e-05
79     -0.725293     -0.724927   8.68835e-05
80     -0.724461     -0.724921   8.59879e-05
81      -0.72428     -0.724913   8.52872e-05
82     -0.724501     -0.724908   8.43907e-05
83     -0.724984     -0.724909   8.33729e-05
84     -0.725588     -0.724917   8.27707e-05
85     -0.726136     -0.724931   8.30386e-05
86     -0.724151     -0.724922   8.25672e-05
87     -0.723917     -0.724911    8.2426e-05
88     -0.724608     -0.724907   8.15566e-05
89     -0.724631     -0.724904   8.06949e-05
90      -0.72469     -0.724902   7.98286e-05
91     -0.725349     -0.724907   7.90994e-05
92     -0.724165     -0.724899   7.86487e-05
93     -0.724325     -0.724892   7.80429e-05
94      -0.72568     -0.724901   7.76614e-05
95     -0.724956     -0.724901   7.68418e-05
96     -0.725553     -0.724908   7.63399e-05
97     -0.724643     -0.724905   7.55981e-05
98     -0.724535     -0.724902    7.4918e-05
99     -0.725219     -0.724905   7.42265e-05
100     -0.725514     -0.724911   7.37325e-05
1       -0.7674       -0.7674             0
2     -0.767135     -0.767268   0.000132776
3     -0.767526     -0.767354    0.00011539
4     -0.767532     -0.767398   9.29506e-05
5     -0.767485     -0.767416   7.40419e-05
6      -0.76706     -0.767356    8.4693e-05
7     -0.765961     -0.767157   0.000211795
8     -0.767695     -0.767224   0.000195377
9     -0.768356      -0.76735   0.000213309
10     -0.768552      -0.76747   0.000225489
11     -0.767201     -0.767446   0.000205426
12     -0.767239     -0.767429   0.000188317
13     -0.766869     -0.767385   0.000178488
14     -0.766403     -0.767315   0.000179527
15     -0.767007     -0.767295   0.000168387
16      -0.76577       -0.7672   0.000184087
17     -0.767052     -0.767191   0.000173137
18     -0.768424     -0.767259   0.000177019
19     -0.769004     -0.767351    0.00019096
20     -0.767214     -0.767344    0.00018129
21     -0.766299     -0.767294   0.000179483
22      -0.76759     -0.767308   0.000171656
23     -0.767668     -0.767324    0.00016477
24     -0.768417     -0.767369     0.0001642
25     -0.767137      -0.76736   0.000157768
26     -0.766629     -0.767332   0.000154165
27     -0.767568      -0.76734   0.000148603
28     -0.767118     -0.767333   0.000143418
29     -0.767363     -0.767334   0.000138388
30     -0.767837      -0.76735   0.000134745
31     -0.767583     -0.767358   0.000130541
32     -0.767558     -0.767364    0.00012655
33     -0.766232      -0.76733   0.000127366
34      -0.76715     -0.767325   0.000123676
35     -0.767329     -0.767325    0.00012009
36     -0.768037     -0.767344   0.000118371
37     -0.767417     -0.767346   0.000115144
38     -0.768217     -0.767369    0.00011439
39     -0.766078     -0.767336   0.000116237
40     -0.769362     -0.767387   0.000124101
41     -0.769456     -0.767437   0.000131137
42     -0.767656     -0.767443   0.000128082
43     -0.768697     -0.767472   0.000128428
44     -0.767334     -0.767469   0.000125514
45     -0.768744     -0.767497   0.000125923
46     -0.767559     -0.767498   0.000123162
47     -0.767459     -0.767497   0.000120516
48     -0.767232     -0.767492   0.000118108
49     -0.765762     -0.767457    0.00012094
50     -0.766486     -0.767437   0.000120078
51     -0.766954     -0.767428   0.000118081
52     -0.767489     -0.767429   0.000115794
53     -0.766801     -0.767417   0.000114205
54     -0.766358     -0.767397   0.000113772
55     -0.767915     -0.767407    0.00011208
56     -0.768085     -0.767419   0.000110725
57     -0.767761     -0.767425    0.00010893
58     -0.768043     -0.767436   0.000107566
59     -0.765867     -0.767409   0.000109018
60     -0.767968     -0.767418    0.00010759
61      -0.76831     -0.767433   0.000106816
62     -0.768504      -0.76745    0.00010649
63     -0.767452      -0.76745   0.000104786
64     -0.766751     -0.767439   0.000103713
65     -0.767218     -0.767436   0.000102162
66     -0.767963     -0.767444   0.000100919
67     -0.768062     -0.767453   9.98287e-05
68     -0.767344     -0.767452   9.83629e-05
69     -0.766544     -0.767438    9.7815e-05
70     -0.766486     -0.767425   9.73638e-05
71     -0.766635     -0.767414   9.66257e-05
72     -0.768092     -0.767423   9.57393e-05
73     -0.768155     -0.767433   9.49496e-05
74     -0.766584     -0.767422    9.4358e-05
75      -0.76741     -0.767421   9.30916e-05
76     -0.767411     -0.767421   9.18586e-05
77     -0.766397     -0.767408   9.16295e-05
78     -0.766861     -0.767401   9.07184e-05
79     -0.767578     -0.767403   8.95907e-05
80     -0.767775     -0.767408   8.85854e-05
81     -0.767632     -0.767411   8.75285e-05
82     -0.766505       -0.7674   8.71575e-05
83      -0.76644     -0.767388   8.68741e-05
84     -0.767518      -0.76739   8.58475e-05
85     -0.766844     -0.767383   8.50736e-05
86      -0.76588     -0.767366   8.58764e-05
87     -0.767335     -0.767365   8.48843e-05
88     -0.767897     -0.767371   8.41313e-05
89     -0.765568     -0.767351   8.56133e-05
90     -0.767066     -0.767348   8.47161e-05
91     -0.767874     -0.767354   8.39795e-05
92     -0.764957     -0.767328   8.70516e-05
93     -0.767527      -0.76733   8.61372e-05
94     -0.767974     -0.767337   8.54911e-05
95      -0.76771     -0.767341   8.46774e-05
96     -0.766512     -0.767332   8.42337e-05
97     -0.766679     -0.767325   8.36318e-05
98     -0.768767      -0.76734   8.40713e-05
99     -0.767666     -0.767343   8.32831e-05
100      -0.76845     -0.767354    8.3186e-05
1     -0.811256     -0.811256             0
2     -0.813468     -0.812362    0.00110603
3     -0.812915     -0.812547   0.000664607
4     -0.811532     -0.812293   0.000534078
5     -0.814424     -0.812719   0.000594016
6     -0.812774     -0.812728   0.000485099
7     -0.811005     -0.812482    0.00047823
8     -0.812294     -0.812459   0.000414824
9     -0.812584     -0.812473   0.000366107
10     -0.813756     -0.812601   0.000351705
11     -0.812284     -0.812572   0.000319434
12     -0.812179     -0.812539    0.00029344
13     -0.814299     -0.812675   0.000301949
14     -0.813452      -0.81273   0.000285007
15     -0.811903     -0.812675   0.000270996
16     -0.811691     -0.812614   0.000260846
17     -0.813428     -0.812661   0.000249662
18     -0.812146     -0.812633   0.000237118
19     -0.813555     -0.812681   0.000229483
20     -0.814834     -0.812789   0.000242858
21     -0.811982     -0.812751   0.000234174
22     -0.813021     -0.812763   0.000223614
23     -0.812748     -0.812762   0.000213672
24      -0.81327     -0.812783   0.000205668
25     -0.812873     -0.812787   0.000197302
26     -0.812911     -0.812792   0.000189622
27     -0.814257     -0.812846   0.000190365
28     -0.812345     -0.812828   0.000184309
29     -0.812151     -0.812805   0.000179365
30     -0.814248     -0.812853   0.000179839
31     -0.813885     -0.812886     0.0001771
32     -0.812975     -0.812889   0.000171499
33     -0.812134     -0.812866    0.00016779
34     -0.814199     -0.812905   0.000167431
35     -0.812501     -0.812894   0.000162987
36     -0.812774      -0.81289    0.00015843
37     -0.813629      -0.81291   0.000155374
38     -0.813023     -0.812913   0.000151259
39     -0.813913     -0.812939   0.000149542
40      -0.81444     -0.812976   0.000150509
41      -0.81164     -0.812944    0.00015037
42     -0.812784      -0.81294   0.000146796
43      -0.81268     -0.812934   0.000143468
44     -0.814697     -0.812974   0.000145786
45     -0.812408     -0.812962   0.000143063
46      -0.81306     -0.812964   0.000139935
47     -0.813109     -0.812967    0.00013696
48     -0.812843     -0.812964   0.000134101
49     -0.811007     -0.812924   0.000137273
50     -0.812962     -0.812925   0.000134502
51     -0.811742     -0.812902   0.000133865
52     -0.812964     -0.812903   0.000131271
53     -0.814659     -0.812936   0.000132964
54     -0.811745     -0.812914    0.00013233
55     -0.814347      -0.81294   0.000132487
56     -0.812068     -0.812925   0.000131029
57     -0.812612     -0.812919   0.000128827
58     -0.812847     -0.812918   0.000126592
59     -0.812727     -0.812915    0.00012447
60     -0.811912     -0.812898   0.000123513
61     -0.813201     -0.812903   0.000121573
62     -0.814523     -0.812929   0.000122419
63     -0.811215     -0.812902   0.000123493
64     -0.813441      -0.81291   0.000121839
65     -0.811824     -0.812893   0.000121109
66     -0.811637     -0.812874   0.000120769
67     -0.813088     -0.812878   0.000118995
68     -0.812324     -0.812869   0.000117515
69     -0.812545     -0.812865   0.000115895
70     -0.812933     -0.812866   0.000114232
71     -0.812293     -0.812858     0.0001129
72     -0.813961     -0.812873   0.000112372
73     -0.811529     -0.812855   0.000112341
74     -0.813104     -0.812858   0.000110864
75     -0.813049     -0.812861   0.000109405
76     -0.811354     -0.812841   0.000109762
77     -0.811991      -0.81283   0.000108888
78     -0.812874      -0.81283   0.000107485
79     -0.811749     -0.812817   0.000106995
80     -0.812654     -0.812815   0.000105669
81     -0.813253      -0.81282   0.000104496
82     -0.812782     -0.812819   0.000103215
83     -0.813398     -0.812826   0.000102202
84     -0.812169     -0.812819    0.00010128
85     -0.813457     -0.812826   0.000100363
86     -0.812731     -0.812825   9.91951e-05
87     -0.813629     -0.812834   9.84832e-05
88     -0.813301      -0.81284   9.75022e-05
89     -0.813508     -0.812847   9.66924e-05
90     -0.814451     -0.812865   9.72579e-05
91     -0.812133     -0.812857   9.65185e-05
92     -0.813945     -0.812869   9.61935e-05
93     -0.812402     -0.812864   9.52856e-05
94     -0.813539     -0.812871   9.45397e-05
95     -0.813549     -0.812878   9.38115e-05
96     -0.813172     -0.812881   9.28798e-05
97     -0.813329     -0.812886   9.20331e-05
98     -0.814389     -0.812901    9.2372e-05
99     -0.814429     -0.812916   9.27269e-05
100     -0.813344     -0.812921   9.18944e-05
1     -0.910162     -0.910162             0
2     -0.914714     -0.912438    0.00227593
3     -0.911261     -0.912046    0.00137139
4     -0.911753     -0.911973   0.000972488
5     -0.915479     -0.912674    0.00102917
6     -0.914332      -0.91295   0.000884619
7     -0.913493     -0.913028   0.000751642
8     -0.910996     -0.912774   0.000698706
9     -0.911363     -0.912617   0.000635814
10     -0.911345      -0.91249   0.000582734
11     -0.913672     -0.912597   0.000537948
12     -0.913179     -0.912646    0.00049346
13     -0.913766     -0.912732    0.00046202
14     -0.913599     -0.912794   0.000432203
15     -0.911653     -0.912718   0.000409487
16     -0.913886     -0.912791   0.000389932
17      -0.91203     -0.912746   0.000368999
18      -0.91123     -0.912662   0.000357949
19     -0.909591       -0.9125   0.000375186
20     -0.912179     -0.912484   0.000356295
21     -0.913292     -0.912523    0.00034108
22     -0.912562     -0.912524   0.000325212
23      -0.91472      -0.91262   0.000325088
24     -0.913095      -0.91264   0.000311877
25     -0.910846     -0.912568   0.000307624
26     -0.913577     -0.912607   0.000298093
27     -0.915271     -0.912705   0.000303337
28     -0.910325      -0.91262   0.000304412
29     -0.912023       -0.9126   0.000294448
30      -0.91199     -0.912579   0.000285191
31     -0.914297     -0.912635   0.000281349
32      -0.90957     -0.912539   0.000288759
33     -0.913877      -0.91258   0.000282796
34     -0.910415     -0.912516   0.000281643
35     -0.914675     -0.912578   0.000280346
36     -0.911561     -0.912549   0.000273907
37     -0.910294     -0.912488   0.000273289
38     -0.910307     -0.912431   0.000272124
39     -0.912709     -0.912438   0.000265151
40     -0.915188     -0.912507   0.000267421
41     -0.912801     -0.912514   0.000260915
42     -0.911517      -0.91249   0.000255733
43     -0.912653     -0.912494   0.000249743
44     -0.909711     -0.912431   0.000252068
45     -0.913239     -0.912449   0.000247057
46     -0.911048     -0.912418   0.000243538
47     -0.914607     -0.912465   0.000242808
48     -0.913045     -0.912477   0.000238002
49     -0.910669      -0.91244   0.000235997
50     -0.911827     -0.912428   0.000231554
51     -0.913463     -0.912448   0.000227875
52     -0.912692     -0.912453   0.000223499
53     -0.912292      -0.91245   0.000219262
54     -0.912038     -0.912442   0.000215298
55     -0.912971     -0.912452   0.000211566
56      -0.91189     -0.912442   0.000207996
57     -0.916664     -0.912516   0.000217326
58     -0.912916     -0.912523   0.000213657
59      -0.91246     -0.912522   0.000210007
60     -0.912464     -0.912521    0.00020648
61     -0.914004     -0.912545   0.000204516
62     -0.913357     -0.912558   0.000201617
63     -0.913524     -0.912573   0.000198983
64     -0.912778     -0.912577   0.000195875
65     -0.912217     -0.912571   0.000192917
66     -0.914433     -0.912599   0.000192056
67      -0.91119     -0.912578   0.000190333
68     -0.910938     -0.912554   0.000189058
69     -0.910588     -0.912526   0.000188465
70     -0.909751     -0.912486   0.000189934
71     -0.912016     -0.912479   0.000187357
72     -0.912077     -0.912474   0.000184821
73     -0.914215     -0.912498   0.000183825
74     -0.913558     -0.912512   0.000181889
75      -0.91027     -0.912482    0.00018192
76     -0.914578      -0.91251   0.000181616
77     -0.914788     -0.912539   0.000181668
78     -0.911595     -0.912527   0.000179732
79     -0.911982      -0.91252   0.000177577
80     -0.913292      -0.91253   0.000175608
81     -0.912929     -0.912535   0.000173497
82     -0.909815     -0.912502   0.000174548
83     -0.912876     -0.912506   0.000172491
84     -0.912195     -0.912503   0.000170466
85     -0.913175      -0.91251   0.000168634
86     -0.912185     -0.912507   0.000166704
87     -0.912403     -0.912505   0.000164781
88     -0.911439     -0.912493   0.000163348
89     -0.910329     -0.912469   0.000163323
90     -0.914165     -0.912488   0.000162594
91     -0.911765      -0.91248   0.000160993
92     -0.913947     -0.912496    0.00016003
93     -0.912232     -0.912493   0.000158325
94     -0.913418     -0.912503    0.00015694
95     -0.914339     -0.912522   0.000156478
96     -0.910859     -0.912505   0.000155806
97     -0.911456     -0.912494    0.00015457
98     -0.914368     -0.912513   0.000154175
99     -0.912227      -0.91251   0.000152637
100     -0.912606     -0.912511   0.000151106
1      -1.00241      -1.00241             0
2      -1.00445      -1.00343    0.00102072
3      -1.00253      -1.00313   0.000661084
4      -1.00201      -1.00285   0.000544093
5        -1.005      -1.00328    0.00060263
6      -1.00488      -1.00355   0.000559815
7      -1.00515      -1.00377   0.000525426
8      -1.00364      -1.00376    0.00045536
9      -1.00439      -1.00383   0.000407761
10      -1.00375      -1.00382   0.000364801
11      -1.00251       -1.0037   0.000350861
12      -1.00487       -1.0038   0.000334894
13      -1.00315      -1.00375   0.000312056
14      -1.00502      -1.00384   0.000302917
15      -1.00265      -1.00376   0.000292899
16      -1.00306      -1.00372   0.000277434
17      -1.00308      -1.00368   0.000263249
18      -1.00517      -1.00376   0.000261726
19      -1.00367      -1.00376   0.000247621
20      -1.00664       -1.0039    0.00027563
21      -1.00332      -1.00387   0.000263644
22      -1.00597      -1.00397   0.000268886
23       -1.0013      -1.00385   0.000281902
24      -1.00254       -1.0038   0.000275403
25      -1.00541      -1.00386   0.000271893
26     -0.999862      -1.00371   0.000303173
27      -1.00307      -1.00369   0.000292682
28      -1.00175      -1.00362   0.000290393
29      -1.00509      -1.00367   0.000284769
30      -1.00397      -1.00368   0.000275293
31      -1.00358      -1.00367   0.000266285
32      -1.00312      -1.00366   0.000258404
33      -1.00336      -1.00365   0.000250615
34      -1.00396      -1.00366   0.000243302
35      -1.00473      -1.00369   0.000238228
36      -1.00271      -1.00366   0.000233093
37      -1.00156       -1.0036   0.000233732
38      -1.00531      -1.00365   0.000231906
39      -1.00534      -1.00369   0.000230001
40      -1.00475      -1.00372   0.000225734
41      -1.00343      -1.00371    0.00022027
42      -1.00294      -1.00369   0.000215746
43      -1.00154      -1.00364   0.000216531
44      -1.00527      -1.00368   0.000214779
45      -1.00499      -1.00371   0.000211966
46      -1.00473      -1.00373   0.000208487
47       -1.0052      -1.00376   0.000206375
48      -1.00261      -1.00374   0.000203453
49      -1.00567      -1.00378   0.000203106
50       -1.0033      -1.00377   0.000199231
51      -1.00419      -1.00378    0.00019546
52      -1.00612      -1.00382   0.000196903
53      -1.00518      -1.00385   0.000194841
54      -1.00117       -1.0038   0.000197526
55      -1.00436      -1.00381   0.000194174
56      -1.00371      -1.00381   0.000190683
57      -1.00621      -1.00385   0.000191992
58      -1.00483      -1.00386   0.000189413
59      -1.00551      -1.00389    0.00018824
60      -1.00183      -1.00386   0.000188246
61      -1.00384      -1.00386   0.000185135
62      -1.00156      -1.00382   0.000185843
63      -1.00044      -1.00377   0.000190587
64      -1.00253      -1.00375   0.000188583
65      -1.00266      -1.00373   0.000186418
66      -1.00414      -1.00374   0.000183675
67       -1.0042      -1.00374   0.000181044
68      -1.00544      -1.00377   0.000180096
69      -1.00416      -1.00377   0.000177558
70      -1.00513      -1.00379   0.000176077
71      -1.00215      -1.00377   0.000175118
72      -1.00417      -1.00378   0.000172757
73      -1.00419      -1.00378   0.000170469
74      -1.00314      -1.00377   0.000168372
75      -1.00333      -1.00377   0.000166217
76      -1.00228      -1.00375   0.000165186
77      -1.00539      -1.00377   0.000164419
78      -1.00302      -1.00376    0.00016258
79      -1.00301      -1.00375   0.000160789
80      -1.00327      -1.00374   0.000158881
81      -1.00493      -1.00376   0.000157586
82       -1.0001      -1.00371   0.000161931
83      -1.00518      -1.00373   0.000160937
84      -1.00271      -1.00372   0.000159476
85      -1.00276      -1.00371   0.000157995
86      -1.00445      -1.00372   0.000156386
87      -1.00411      -1.00372   0.000154643
88      -1.00353      -1.00372   0.000152891
89      -1.00397      -1.00372   0.000151189
90      -1.00371      -1.00372     0.0001495
91      -1.00564      -1.00374    0.00014935
92      -1.00438      -1.00375   0.000147879
93      -1.00235      -1.00374   0.000147052
94      -1.00258      -1.00372      0.000146
95      -1.00235      -1.00371   0.000145174
96      -1.00163      -1.00369   0.000145283
97      -1.00607      -1.00371   0.000145859
98      -1.00287       -1.0037   0.000144617
99       -1.0029      -1.00369   0.000143377
100      -1.00621      -1.00372    0.00014415
1       -1.0046       -1.0046             0
2      -1.00301      -1.00381   0.000797828
3      -1.00601      -1.00454   0.000868626
4      -1.00525      -1.00472   0.000639552
5      -1.00536      -1.00485   0.000511707
6      -1.00148      -1.00429    0.00070038
7       -1.0006      -1.00376   0.000792419
8      -1.00569        -1.004    0.00072753
9      -1.00461      -1.00407   0.000645169
10      -1.00336        -1.004   0.000581352
11      -1.00267      -1.00388   0.000539577
12      -1.00416       -1.0039   0.000493145
13      -1.00319      -1.00385   0.000456882
14      -1.00366      -1.00383   0.000423202
15      -1.00288      -1.00377   0.000399086
16       -1.0035      -1.00375   0.000373681
17      -1.00187      -1.00364   0.000368006
18      -1.00386      -1.00365   0.000347181
19      -1.00443       -1.0037   0.000330953
20      -1.00269      -1.00365   0.000317972
21        -1.005      -1.00371   0.000309276
22      -1.00389      -1.00372   0.000294992
23      -1.00351      -1.00371   0.000282013
24      -1.00299      -1.00368   0.000271668
25      -1.00454      -1.00371   0.000262825
26      -1.00145      -1.00363   0.000267061
27      -1.00436      -1.00365   0.000258424
28       -1.0024      -1.00361   0.000253024
29      -1.00425      -1.00363   0.000245146
30      -1.00295      -1.00361   0.000237926
31      -1.00352      -1.00361   0.000230139
32       -1.0043      -1.00363   0.000223887
33      -1.00046      -1.00353   0.000237274
34      -1.00432      -1.00355    0.00023135
35       -1.0059      -1.00362   0.000234448
36      -1.00368      -1.00362   0.000227849
37      -1.00328      -1.00361   0.000221804
38      -1.00082      -1.00354    0.00022808
39       -1.0032      -1.00353   0.000222322
40      -1.00393      -1.00354   0.000216927
41      -1.00385      -1.00355   0.000211707
42       -1.0017      -1.00351   0.000211262
43      -1.00327       -1.0035   0.000206361
44      -1.00205      -1.00347   0.000204281
45      -1.00433      -1.00349   0.000200611
46      -1.00341      -1.00348   0.000196208
47      -1.00033      -1.00342   0.000203407
48     -0.999477      -1.00334   0.000215381
49       -1.0025      -1.00332   0.000211627
50      -1.00373      -1.00333   0.000207515
51      -1.00413      -1.00334   0.000204017
52      -1.00592      -1.00339   0.000206105
53      -1.00518      -1.00343   0.000204975
54       -1.0045      -1.00345   0.000202125
55      -1.00403      -1.00346   0.000198697
56      -1.00576       -1.0035   0.000199396
57       -1.0055      -1.00353   0.000199001
58      -1.00081      -1.00349   0.000201112
59      -1.00361      -1.00349   0.000197685
60      -1.00454       -1.0035   0.000195153
61      -1.00401      -1.00351   0.000192106
62      -1.00351      -1.00351   0.000188982
63       -1.0028       -1.0035   0.000186301
64      -1.00481      -1.00352   0.000184505
65      -1.00666      -1.00357    0.00018793
66      -1.00142      -1.00354   0.000187917
67      -1.00281      -1.00353   0.000185414
68      -1.00473      -1.00354   0.000183519
69      -1.00439      -1.00356   0.000181254
70      -1.00402      -1.00356   0.000178767
71      -1.00586       -1.0036   0.000179181
72      -1.00435      -1.00361   0.000176983
73      -1.00264      -1.00359   0.000175039
74     -0.994651      -1.00347   0.000210745
75      -1.00242      -1.00346   0.000208391
76      -1.00179      -1.00344   0.000206805
77      -1.00339      -1.00344   0.000204102
78      -1.00104       -1.0034     0.0002038
79      -1.00328       -1.0034    0.00020121
80      -1.00603      -1.00344   0.000201365
81      -1.00554      -1.00346   0.000200548
82      -1.00108      -1.00343   0.000200201
83      -1.00434      -1.00344   0.000198077
84       -1.0047      -1.00346   0.000196274
85      -1.00606      -1.00349   0.000196346
86      -1.00336      -1.00349   0.000194055
87      -1.00375      -1.00349   0.000191836
88      -1.00405       -1.0035   0.000189749
89      -1.00447      -1.00351   0.000187924
90      -1.00459      -1.00352   0.000186212
91      -1.00338      -1.00352   0.000184161
92      -1.00345      -1.00352   0.000182149
93      -1.00614      -1.00355    0.00018237
94      -1.00474      -1.00356   0.000180868
95      -1.00359      -1.00356   0.000178955
96      -1.00483      -1.00357   0.000177575
97      -1.00456      -1.00358   0.000176032
98      -1.00466      -1.00359   0.000174572
99      -1.00304      -1.00359   0.000172889
100      -1.00488       -1.0036   0.000171641
1     -0.911957     -0.911957             0
2     -0.911954     -0.911956   1.76004e-06
3     -0.910359     -0.911423    0.00053235
4     -0.913269     -0.911885    0.00059553
5     -0.915806     -0.912669   0.000909912
6     -0.909913      -0.91221    0.00087344
7     -0.912578     -0.912262   0.000740065
8     -0.911706     -0.912193    0.00064468
9     -0.911808      -0.91215   0.000570158
10     -0.911661     -0.912101   0.000512303
11     -0.911141     -0.912014   0.000471552
12     -0.914584     -0.912228   0.000480815
13     -0.912997     -0.912287   0.000446225
14      -0.91347     -0.912372   0.000421674
15     -0.913297     -0.912433   0.000397371
16     -0.914858     -0.912585   0.000401409
17     -0.913119     -0.912616   0.000378366
18     -0.914167     -0.912702   0.000366986
19     -0.912587     -0.912696   0.000347187
20     -0.911362      -0.91263   0.000336065
21     -0.914223     -0.912706   0.000328545
22     -0.912016     -0.912674   0.000314821
23     -0.913724      -0.91272   0.000304264
24     -0.911895     -0.912685   0.000293331
25     -0.912926     -0.912695   0.000281517
26     -0.912249     -0.912678   0.000271017
27     -0.912602     -0.912675   0.000260801
28     -0.911258     -0.912625   0.000256362
29     -0.915122     -0.912711    0.00026193
30     -0.910134     -0.912625   0.000267227
31     -0.911393     -0.912585   0.000261498
32     -0.912604     -0.912586   0.000253195
33     -0.911716     -0.912559   0.000246812
34     -0.914678     -0.912622   0.000247416
35     -0.912551      -0.91262   0.000240252
36     -0.911097     -0.912577   0.000237283
37     -0.911822     -0.912557   0.000231682
38     -0.912636     -0.912559   0.000225512
39     -0.913389      -0.91258   0.000220684
40         -0.91     -0.912516   0.000224558
41     -0.912784     -0.912522    0.00021911
42     -0.914032     -0.912558   0.000216829
43     -0.912102     -0.912548   0.000211992
44     -0.914562     -0.912593   0.000212117
45     -0.912964     -0.912602   0.000207513
46     -0.911028     -0.912567   0.000205813
47     -0.910794      -0.91253   0.000204889
48     -0.907764      -0.91243   0.000223801
49      -0.91337      -0.91245   0.000220024
50     -0.910197     -0.912405   0.000220234
51     -0.910893     -0.912375   0.000217899
52     -0.911794     -0.912364    0.00021396
53     -0.914668     -0.912407   0.000214341
54     -0.912587     -0.912411    0.00021036
55     -0.912555     -0.912413   0.000206517
56      -0.91228     -0.912411    0.00020281
57     -0.912398     -0.912411    0.00019922
58     -0.911536     -0.912395   0.000196335
59     -0.911926     -0.912388   0.000193143
60     -0.914381     -0.912421   0.000192781
61     -0.913425     -0.912437   0.000190308
62     -0.913162     -0.912449   0.000187578
63     -0.913758      -0.91247   0.000185742
64     -0.911547     -0.912455   0.000183384
65     -0.914923     -0.912493   0.000184488
66      -0.91293       -0.9125   0.000181792
67     -0.910121     -0.912464   0.000182546
68     -0.911282     -0.912447    0.00018068
69     -0.913726     -0.912465   0.000179004
70     -0.914079     -0.912489   0.000177928
71     -0.913677     -0.912505   0.000176201
72     -0.912822      -0.91251   0.000173792
73     -0.912752     -0.912513   0.000171427
74     -0.911519       -0.9125   0.000169627
75     -0.913637     -0.912515   0.000168036
76     -0.911483     -0.912501   0.000166365
77      -0.91062     -0.912477   0.000165997
78     -0.911006     -0.912458   0.000164937
79     -0.911575     -0.912447   0.000163219
80     -0.912336     -0.912445   0.000161172
81     -0.914089     -0.912466   0.000160458
82     -0.913388     -0.912477   0.000158888
83     -0.913396     -0.912488   0.000157352
84     -0.911878     -0.912481   0.000155638
85      -0.91312     -0.912488    0.00015398
86      -0.91112     -0.912472   0.000153008
87     -0.911816     -0.912465   0.000151427
88     -0.911811     -0.912457   0.000149881
89     -0.912966     -0.912463   0.000148297
90     -0.914952     -0.912491   0.000149225
91     -0.912136     -0.912487   0.000147628
92     -0.913437     -0.912497   0.000146379
93        -0.916     -0.912535   0.000149617
94     -0.913033      -0.91254   0.000148111
95     -0.913403     -0.912549   0.000146825
96     -0.910626     -0.912529   0.000146662
97     -0.912695     -0.912531   0.000145152
98     -0.914648     -0.912552   0.000145278
99     -0.913946     -0.912566   0.000144491
100     -0.912871      -0.91257   0.000143071
1     -0.813341     -0.813341             0
2     -0.812521     -0.812931   0.000410056
3     -0.812976     -0.812946   0.000237217
4     -0.815248     -0.813521   0.000599383
5     -0.811737     -0.813164   0.000585574
6     -0.811147     -0.812828   0.000584474
7     -0.813269     -0.812891   0.000497976
8      -0.81289     -0.812891    0.00043126
9     -0.811459     -0.812732    0.00041229
10     -0.812381     -0.812697    0.00037043
11     -0.812778     -0.812704   0.000335148
12      -0.81328     -0.812752   0.000309682
13     -0.813291     -0.812794   0.000287863
14     -0.813639     -0.812854   0.000273263
15     -0.811583     -0.812769   0.000268143
16     -0.813741      -0.81283   0.000258079
17     -0.813383     -0.812863   0.000244593
18     -0.815011     -0.812982   0.000259655
19     -0.813855     -0.813028   0.000249875
20     -0.812558     -0.813004   0.000238213
21     -0.812202     -0.812966   0.000229784
22     -0.812103     -0.812927   0.000222572
23     -0.813221      -0.81294    0.00021306
24     -0.813057     -0.812945   0.000204048
25     -0.813189     -0.812954    0.00019596
26     -0.811441     -0.812896   0.000197069
27      -0.81235     -0.812876   0.000190707
28     -0.812406     -0.812859   0.000184535
29     -0.814983     -0.812932   0.000192524
30     -0.811813     -0.812895   0.000189699
31     -0.812687     -0.812888   0.000183601
32     -0.813307     -0.812901    0.00017825
33     -0.813527      -0.81292   0.000173803
34     -0.812795     -0.812917   0.000168654
35     -0.813559     -0.812935   0.000164789
36     -0.812084     -0.812911   0.000161883
37      -0.81265     -0.812904   0.000157605
38     -0.813316     -0.812915   0.000153784
39     -0.814206     -0.812948   0.000153401
40     -0.813042     -0.812951   0.000149535
41     -0.813923     -0.812974   0.000147757
42     -0.813901     -0.812996   0.000145875
43     -0.812212     -0.812978   0.000143606
44     -0.812492     -0.812967   0.000140738
45      -0.81275     -0.812962   0.000137659
46     -0.813122     -0.812966   0.000134678
47     -0.813048     -0.812968   0.000131793
48     -0.810325     -0.812912   0.000140274
49     -0.812445     -0.812903   0.000137713
50     -0.812719     -0.812899   0.000134981
51     -0.812933       -0.8129   0.000132309
52     -0.813509     -0.812912   0.000130268
53     -0.812643     -0.812907   0.000127888
54     -0.810739     -0.812866   0.000131758
55      -0.81299     -0.812869    0.00012936
56     -0.812358      -0.81286   0.000127356
57     -0.813674     -0.812874   0.000125915
58     -0.812263     -0.812863   0.000124172
59     -0.811759     -0.812845   0.000123478
60     -0.812721     -0.812842    0.00012142
61     -0.813388     -0.812851   0.000119748
62     -0.813201     -0.812857   0.000117935
63     -0.813671      -0.81287   0.000116764
64     -0.813957     -0.812887   0.000116173
65     -0.812682     -0.812884   0.000114416
66     -0.811665     -0.812865   0.000114173
67     -0.812436     -0.812859   0.000112639
68     -0.812908      -0.81286   0.000110972
69     -0.812792     -0.812859   0.000109356
70     -0.813205     -0.812864   0.000107896
71     -0.812573      -0.81286   0.000106444
72     -0.813486     -0.812868   0.000105316
73     -0.812642     -0.812865   0.000103909
74     -0.811871     -0.812852   0.000103372
75     -0.812394     -0.812846   0.000102167
76     -0.812065     -0.812835   0.000101336
77     -0.814493     -0.812857   0.000102302
78     -0.812699     -0.812855   0.000101002
79     -0.811947     -0.812843   0.000100375
80     -0.811922     -0.812832   9.97795e-05
81     -0.812207     -0.812824   9.88412e-05
82     -0.814054     -0.812839   9.87739e-05
83     -0.812671     -0.812837   9.75975e-05
84     -0.813139     -0.812841   9.64957e-05
85     -0.813215     -0.812845   9.54552e-05
86     -0.812241     -0.812838   9.45997e-05
87     -0.812071     -0.812829   9.39204e-05
88       -0.8143     -0.812846   9.43392e-05
89      -0.81284     -0.812846   9.32733e-05
90     -0.813753     -0.812856     9.278e-05
91     -0.813282     -0.812861    9.1874e-05
92      -0.81201     -0.812851   9.13393e-05
93     -0.813796     -0.812862   9.09204e-05
94     -0.813981     -0.812873   9.07322e-05
95     -0.811471     -0.812859   9.09781e-05
96     -0.811601     -0.812846   9.09737e-05
97     -0.813443     -0.812852   9.02414e-05
98     -0.814056     -0.812864   9.01577e-05
99     -0.811413     -0.812849   9.04385e-05
100     -0.812833     -0.812849   8.95297e-05
1     -0.724977     -0.724977             0
2      -0.72442     -0.724698   0.000278704
3     -0.724273     -0.724556   0.000214527
4     -0.725335     -0.724751   0.000246761
5     -0.724682     -0.724737   0.000191643
6     -0.724209     -0.724649   0.000179519
7     -0.725891     -0.724827    0.00023345
8      -0.72618     -0.724996   0.000263618
9     -0.725032        -0.725   0.000232523
10     -0.726302      -0.72513   0.000245356
11     -0.725438     -0.725158   0.000223692
12     -0.725051     -0.725149   0.000204398
13     -0.723887     -0.725052   0.000211618
14     -0.726339     -0.725144   0.000216403
15     -0.724691     -0.725114   0.000203714
16     -0.724902       -0.7251   0.000191015
17     -0.725565     -0.725128   0.000181499
18     -0.726252      -0.72519   0.000182169
19     -0.725055     -0.725183   0.000172462
20     -0.725496     -0.725199   0.000164357
21     -0.724218     -0.725152   0.000163163
22     -0.724959     -0.725143   0.000155816
23     -0.725116     -0.725142   0.000148892
24     -0.724831     -0.725129   0.000143142
25     -0.725484     -0.725143   0.000138027
26     -0.725419     -0.725154   0.000133037
27     -0.725785     -0.725177   0.000130133
28     -0.724161     -0.725141   0.000130549
29     -0.724772     -0.725128   0.000126609
30     -0.724065     -0.725093   0.000127349
31     -0.724446     -0.725072   0.000124928
32      -0.72596       -0.7251   0.000124104
33     -0.724747     -0.725089   0.000120757
34     -0.724408     -0.725069   0.000118852
35     -0.724383     -0.725049   0.000117061
36     -0.725165     -0.725053   0.000113808
37     -0.726062      -0.72508   0.000114005
38     -0.725619     -0.725094   0.000111867
39      -0.72528     -0.725099   0.000109065
40     -0.724638     -0.725087   0.000106926
41     -0.725174     -0.725089   0.000104307
42     -0.724601     -0.725078   0.000102456
43     -0.724158     -0.725056   0.000102307
44     -0.724086     -0.725034   0.000102356
45     -0.724711     -0.725027   0.000100314
46      -0.72466     -0.725019   9.84337e-05
47     -0.726088     -0.725042   9.89661e-05
48      -0.72509     -0.725043   9.68875e-05
49     -0.724461     -0.725031   9.56291e-05
50     -0.724247     -0.725015   9.50012e-05
51     -0.724847     -0.725012   9.31785e-05
52     -0.725928      -0.72503   9.30505e-05
53     -0.724881     -0.725027   9.13212e-05
54     -0.724032     -0.725008   9.14878e-05
55     -0.725364     -0.725015   9.00413e-05
56     -0.724393     -0.725004   8.91139e-05
57     -0.726326     -0.725027    9.0557e-05
58     -0.725066     -0.725028   8.89846e-05
59     -0.724743     -0.725023   8.75961e-05
60     -0.724778     -0.725019   8.62206e-05
61     -0.725204     -0.725022   8.48499e-05
62     -0.724881      -0.72502   8.35008e-05
63     -0.725296     -0.725024    8.2282e-05
64     -0.725784     -0.725036   8.18519e-05
65     -0.725089     -0.725037    8.0587e-05
66     -0.723797     -0.725018   8.15506e-05
67     -0.724873     -0.725016   8.03534e-05
68     -0.724015     -0.725001   8.05193e-05
69     -0.724946        -0.725   7.93477e-05
70     -0.724987        -0.725   7.82061e-05
71     -0.724626     -0.724995   7.72762e-05
72     -0.725125     -0.724996   7.62169e-05
73     -0.724915     -0.724995   7.51739e-05
74      -0.72467     -0.724991    7.4281e-05
75     -0.725496     -0.724998   7.35924e-05
76     -0.724294     -0.724988   7.32055e-05
77     -0.725932     -0.725001   7.32796e-05
78     -0.724047     -0.724988   7.33607e-05
79     -0.725103      -0.72499   7.24405e-05
80     -0.725286     -0.724994   7.16249e-05
81     -0.725206     -0.724996   7.07836e-05
82     -0.726741     -0.725018   7.30819e-05
83      -0.72564     -0.725025   7.25842e-05
84     -0.724856     -0.725023    7.1743e-05
85     -0.725293     -0.725026    7.0965e-05
86     -0.725537     -0.725032   7.03863e-05
87     -0.724025     -0.725021   7.05285e-05
88     -0.725268     -0.725023   6.97792e-05
89     -0.724765      -0.72502   6.90516e-05
90     -0.724352     -0.725013   6.86826e-05
91     -0.724779      -0.72501   6.79723e-05
92     -0.724603     -0.725006   6.73752e-05
93     -0.724528     -0.725001   6.68445e-05
94     -0.724941        -0.725   6.61326e-05
95     -0.724475     -0.724995   6.56663e-05
96      -0.72479     -0.724993   6.50138e-05
97     -0.725414     -0.724997   6.44865e-05
98     -0.725143     -0.724998   6.38426e-05
99     -0.724545     -0.724994   6.33601e-05
100     -0.724668     -0.724991   6.28077e-05
1     -0.767328     -0.767328             0
2     -0.765824     -0.766576   0.000752008
3     -0.767081     -0.766744   0.000465761
4     -0.768369     -0.767151   0.000523026
5     -0.767403     -0.767201    0.00040827
6     -0.766888     -0.767149   0.000337399
7     -0.768263     -0.767308   0.000326591
8     -0.767721      -0.76736   0.000287501
9     -0.767418     -0.767366   0.000253634
10      -0.76815     -0.767445   0.000240022
11     -0.767542     -0.767453   0.000217287
12     -0.767085     -0.767423   0.000200712
13     -0.767512      -0.76743   0.000184756
14      -0.76909     -0.767548   0.000208135
15     -0.766988     -0.767511   0.000197328
16      -0.76781      -0.76753   0.000185531
17     -0.767867     -0.767549   0.000175401
18     -0.769404     -0.767652   0.000194833
19     -0.767898     -0.767665   0.000184746
20     -0.767484     -0.767656     0.0001755
21     -0.766892      -0.76762   0.000170856
22     -0.767524     -0.767615   0.000162963
23     -0.767758     -0.767622    0.00015584
24      -0.76665     -0.767581   0.000154605
25      -0.76738     -0.767573    0.00014851
26     -0.766842     -0.767545   0.000145426
27     -0.767946      -0.76756   0.000140721
28     -0.766662     -0.767528   0.000139346
29     -0.768185      -0.76755   0.000136353
30     -0.766767     -0.767524    0.00013429
31     -0.767428     -0.767521   0.000129923
32     -0.768011     -0.767537   0.000126727
33     -0.767727     -0.767542   0.000122962
34     -0.766427      -0.76751   0.000123717
35     -0.766804     -0.767489   0.000121808
36     -0.767692     -0.767495    0.00011851
37     -0.768744     -0.767529   0.000120106
38      -0.76758      -0.76753    0.00011691
39     -0.767735     -0.767535   0.000113995
40     -0.767177     -0.767526    0.00011147
41     -0.768154     -0.767542   0.000109789
42     -0.768304      -0.76756    0.00010867
43     -0.767017     -0.767547   0.000106861
44     -0.767204     -0.767539   0.000104694
45     -0.767948     -0.767549   0.000102743
46     -0.767219     -0.767541    0.00010074
47     -0.768383     -0.767559   0.000100185
48     -0.766225     -0.767531   0.000101939
49     -0.766838     -0.767517   0.000100835
50     -0.767273     -0.767512   9.89186e-05
51     -0.767227     -0.767507   9.71215e-05
52      -0.76848     -0.767526   9.70578e-05
53     -0.766591     -0.767508   9.68283e-05
54      -0.76572     -0.767475   0.000100619
55     -0.768292      -0.76749   9.98826e-05
56     -0.766972      -0.76748   9.85168e-05
57     -0.768529     -0.767499   9.85048e-05
58     -0.767293     -0.767495   9.68568e-05
59     -0.767818     -0.767501   9.53579e-05
60     -0.766934     -0.767491   9.42292e-05
61     -0.768124     -0.767502   9.32497e-05
62     -0.768101     -0.767511   9.22411e-05
63     -0.767174     -0.767506   9.09234e-05
64     -0.768032     -0.767514   8.98683e-05
65      -0.76792      -0.76752   8.86949e-05
66     -0.766135     -0.767499   8.98274e-05
67     -0.767799     -0.767504   8.85898e-05
68     -0.767485     -0.767504   8.72777e-05
69     -0.767251       -0.7675   8.60817e-05
70     -0.767413     -0.767499   8.48521e-05
71     -0.767768     -0.767503   8.37342e-05
72     -0.767553     -0.767503    8.2566e-05
73     -0.766712     -0.767492   8.21452e-05
74     -0.766296     -0.767476   8.26243e-05
75     -0.767673     -0.767479   8.15575e-05
76     -0.767264     -0.767476    8.0527e-05
77      -0.76857      -0.76749   8.07334e-05
78     -0.766755     -0.767481   8.02467e-05
79     -0.767676     -0.767483   7.92631e-05
80     -0.767533     -0.767484   7.82684e-05
81     -0.767873     -0.767489   7.74451e-05
82     -0.768929     -0.767506   7.84866e-05
83      -0.76781      -0.76751   7.76213e-05
84     -0.767951     -0.767515   7.68716e-05
85      -0.76696     -0.767509   7.62423e-05
86     -0.767056     -0.767503    7.5534e-05
87     -0.766649     -0.767494   7.53037e-05
88      -0.76781     -0.767497   7.45301e-05
89     -0.767556     -0.767498   7.36909e-05
90     -0.766927     -0.767491   7.31432e-05
91     -0.767641     -0.767493   7.23535e-05
92     -0.767045     -0.767488   7.17283e-05
93     -0.767285     -0.767486   7.09864e-05
94     -0.767218     -0.767483    7.0285e-05
95     -0.767214      -0.76748   6.95988e-05
96     -0.767257     -0.767478   6.89091e-05
97     -0.768352     -0.767487   6.87876e-05
98     -0.768275     -0.767495   6.85549e-05
99      -0.76608     -0.767481   6.93471e-05
100     -0.766886     -0.767475   6.89075e-05
1     -0.724977     -0.724977             0
2      -0.72442     -0.724698   0.000278704
3     -0.724273     -0.724556   0.000214527
4     -0.725335     -0.724751   0.000246761
5     -0.724682     -0.724737   0.000191643
6     -0.724209     -0.724649   0.000179519
7     -0.725891     -0.724827    0.00023345
8      -0.72618     -0.724996   0.000263618
9     -0.725032        -0.725   0.000232523
10     -0.726302      -0.72513   0.000245356
11     -0.725438     -0.725158   0.000223692
12     -0.725051     -0.725149   0.000204398
13     -0.723887     -0.725052   0.000211618
14     -0.726339     -0.725144   0.000216403
15     -0.724691     -0.725114   0.000203714
16     -0.724902       -0.7251   0.000191015
17     -0.725565     -0.725128   0.000181499
18     -0.726252      -0.72519   0.000182169
19     -0.725055     -0.725183   0.000172462
20     -0.725496     -0.725199   0.000164357
21     -0.724218     -0.725152   0.000163163
22     -0.724959     -0.725143   0.000155816
23     -0.725116     -0.725142   0.000148892
24     -0.724831     -0.725129   0.000143142
25     -0.725484     -0.725143   0.000138027
26     -0.725419     -0.725154   0.000133037
27     -0.725785     -0.725177   0.000130133
28     -0.724161     -0.725141   0.000130549
29     -0.724772     -0.725128   0.000126609
30     -0.724065     -0.725093   0.000127349
31     -0.724446     -0.725072   0.000124928
32      -0.72596       -0.7251   0.000124104
33     -0.724747     -0.725089   0.000120757
34     -0.724408     -0.725069   0.000118852
35     -0.724383     -0.725049   0.000117061
36     -0.725165     -0.725053   0.000113808
37     -0.726062      -0.72508   0.000114005
38     -0.725619     -0.725094   0.000111867
39      -0.72528     -0.725099   0.000109065
40     -0.724638     -0.725087   0.000106926
41     -0.725174     -0.725089   0.000104307
42     -0.724601     -0.725078   0.000102456
43     -0.724158     -0.725056   0.000102307
44     -0.724086     -0.725034   0.000102356
45     -0.724711     -0.725027   0.000100314
46      -0.72466     -0.725019   9.84337e-05
47     -0.726088     -0.725042   9.89661e-05
48      -0.72509     -0.725043   9.68875e-05
49     -0.724461     -0.725031   9.56291e-05
50     -0.724247     -0.725015   9.50012e-05
51     -0.724847     -0.725012   9.31785e-05
52     -0.725928      -0.72503   9.30505e-05
53     -0.724881     -0.725027   9.13212e-05
54     -0.724032     -0.725008   9.14878e-05
55     -0.725364     -0.725015   9.00413e-05
56     -0.724393     -0.725004   8.91139e-05
57     -0.726326     -0.725027    9.0557e-05
58     -0.725066     -0.725028   8.89846e-05
59     -0.724743     -0.725023   8.75961e-05
60     -0.724778     -0.725019   8.62206e-05
61     -0.725204     -0.725022   8.48499e-05
62     -0.724881      -0.72502   8.35008e-05
63     -0.725296     -0.725024    8.2282e-05
64     -0.725784     -0.725036   8.18519e-05
65     -0.725089     -0.725037    8.0587e-05
66     -0.723797     -0.725018   8.15506e-05
67     -0.724873     -0.725016   8.03534e-05
68     -0.724015     -0.725001   8.05193e-05
69     -0.724946        -0.725   7.93477e-05
70     -0.724987        -0.725   7.82061e-05
71     -0.724626     -0.724995   7.72762e-05
72     -0.725125     -0.724996   7.62169e-05
73     -0.724915     -0.724995   7.51739e-05
74      -0.72467     -0.724991    7.4281e-05
75     -0.725496     -0.724998   7.35924e-05
76     -0.724294     -0.724988   7.32055e-05
77     -0.725932     -0.725001   7.32796e-05
78     -0.724047     -0.724988   7.33607e-05
79     -0.725103      -0.72499   7.24405e-05
80     -0.725286     -0.724994   7.16249e-05
81     -0.725206     -0.724996   7.07836e-05
82     -0.726741     -0.725018   7.30819e-05
83      -0.72564     -0.725025   7.25842e-05
84     -0.724856     -0.725023    7.1743e-05
85     -0.725293     -0.725026    7.0965e-05
86     -0.725537     -0.725032   7.03863e-05
87     -0.724025     -0.725021   7.05285e-05
88     -0.725268     -0.725023   6.97792e-05
89     -0.724765      -0.72502   6.90516e-05
90     -0.724352     -0.725013   6.86826e-05
91     -0.724779      -0.72501   6.79723e-05
92     -0.724603     -0.725006   6.73752e-05
93     -0.724528     -0.725001   6.68445e-05
94     -0.724941        -0.725   6.61326e-05
95     -0.724475     -0.724995   6.56663e-05
96      -0.72479     -0.724993   6.50138e-05
97     -0.725414     -0.724997   6.44865e-05
98     -0.725143     -0.724998   6.38426e-05
99     -0.724545     -0.724994   6.33601e-05
100     -0.724668     -0.724991   6.28077e-05
1     -0.649364     -0.649364             0
2     -0.648846     -0.649105   0.000259232
3     -0.648245     -0.648818   0.000323367
4      -0.64868     -0.648784   0.000231273
5     -0.649259     -0.648879   0.000202788
6     -0.648496     -0.648815   0.000177447
7     -0.650026     -0.648988    0.00022899
8     -0.648874     -0.648974   0.000198822
9     -0.649619     -0.649045   0.000189418
10     -0.649498     -0.649091   0.000175352
11     -0.649524      -0.64913   0.000163431
12     -0.648687     -0.649093   0.000153689
13     -0.648738     -0.649066   0.000143987
14     -0.649772     -0.649116   0.000142525
15     -0.648073     -0.649047   0.000149802
16     -0.649442     -0.649071    0.00014229
17     -0.649105     -0.649073   0.000133673
18     -0.649901     -0.649119   0.000134146
19     -0.649277     -0.649128   0.000127161
20     -0.648841     -0.649113   0.000121481
21     -0.648119     -0.649066   0.000124868
22     -0.647818     -0.649009   0.000131889
23     -0.648902     -0.649005    0.00012611
24     -0.650355     -0.649061   0.000133209
25     -0.649083     -0.649062   0.000127772
26     -0.649181     -0.649066   0.000122846
27     -0.649662     -0.649088   0.000120252
28     -0.647678     -0.649038   0.000126355
29     -0.649498     -0.649054   0.000122947
30     -0.649045     -0.649054   0.000118779
31     -0.648384     -0.649032   0.000116898
32     -0.649189     -0.649037   0.000113292
33     -0.648982     -0.649035   0.000109818
34      -0.64917     -0.649039   0.000106613
35     -0.648361      -0.64902   0.000105322
36     -0.648684      -0.64901    0.00010278
37     -0.648785     -0.649004   0.000100149
38      -0.64934     -0.649013   9.78772e-05
39      -0.64939     -0.649023   9.58215e-05
40     -0.648628     -0.649013   9.39145e-05
41     -0.649194     -0.649017   9.17011e-05
42     -0.648485     -0.649005   9.03841e-05
43     -0.648796        -0.649   8.83909e-05
44     -0.648148     -0.648981    8.8504e-05
45     -0.648608     -0.648972   8.69105e-05
46     -0.649306     -0.648979   8.53087e-05
47     -0.648933     -0.648978   8.34797e-05
48     -0.649901     -0.648998   8.39495e-05
49     -0.648284     -0.648983   8.34973e-05
50     -0.648632     -0.648976   8.21104e-05
51     -0.648836     -0.648973   8.05312e-05
52     -0.648891     -0.648972   7.89831e-05
53     -0.648934     -0.648971   7.74817e-05
54     -0.648546     -0.648963   7.64404e-05
55      -0.64906     -0.648965   7.50585e-05
56     -0.648882     -0.648964   7.37208e-05
57     -0.650091     -0.648983   7.50682e-05
58     -0.649289     -0.648989   7.39501e-05
59     -0.648593     -0.648982   7.29947e-05
60     -0.649171     -0.648985    7.1837e-05
61     -0.649164     -0.648988   7.07101e-05
62     -0.648897     -0.648986   6.95756e-05
63     -0.648942     -0.648986   6.84659e-05
64     -0.649569     -0.648995    6.8002e-05
65     -0.649369     -0.649001   6.71941e-05
66     -0.647361     -0.648976   7.06788e-05
67     -0.649059     -0.648977   6.96268e-05
68     -0.648429     -0.648969   6.90669e-05
69     -0.649024      -0.64897   6.80632e-05
70     -0.648766     -0.648967   6.71466e-05
71     -0.649083     -0.648968   6.62144e-05
72      -0.64909      -0.64897     6.531e-05
73     -0.648862     -0.648969   6.44263e-05
74     -0.648355      -0.64896    6.4089e-05
75      -0.64972     -0.648971   6.40338e-05
76     -0.649275     -0.648975   6.33126e-05
77     -0.649383      -0.64898   6.27092e-05
78     -0.647214     -0.648957   6.59108e-05
79      -0.64924     -0.648961   6.51695e-05
80     -0.649432     -0.648967   6.46192e-05
81     -0.648891     -0.648966   6.38232e-05
82     -0.650236     -0.648981   6.49166e-05
83     -0.649019     -0.648982   6.41313e-05
84     -0.649413     -0.648987   6.35714e-05
85     -0.648948     -0.648986   6.28207e-05
86      -0.64991     -0.648997   6.30078e-05
87     -0.649177     -0.648999   6.23139e-05
88     -0.648755     -0.648996   6.16641e-05
89     -0.648663     -0.648993    6.1082e-05
90     -0.648692     -0.648989   6.04916e-05
91     -0.648623     -0.648985   5.99581e-05
92     -0.648586     -0.648981   5.94615e-05
93     -0.649181     -0.648983   5.88581e-05
94     -0.649316     -0.648987   5.83362e-05
95      -0.64861     -0.648983   5.78548e-05
96     -0.648369     -0.648976   5.76047e-05
97      -0.64982     -0.648985   5.76673e-05
98     -0.649551     -0.648991   5.73675e-05
99     -0.649582     -0.648997   5.70988e-05
100     -0.648997     -0.648997   5.65249e-05
1     -0.584107     -0.584107             0
2     -0.584101     -0.584104   3.17599e-06
3      -0.58341     -0.583872   0.000231405
4     -0.583999     -0.583904   0.000166684
5     -0.585035      -0.58413   0.000260443
6     -0.584287     -0.584157   0.000214255
7     -0.584568     -0.584215   0.000190368
8     -0.584519     -0.584253   0.000169184
9     -0.585562     -0.584399   0.000208344
10     -0.584666     -0.584425   0.000188254
11     -0.584631     -0.584444   0.000171301
12     -0.584482     -0.584447   0.000156408
13     -0.584172     -0.584426   0.000145418
14     -0.585552     -0.584507   0.000156837
15      -0.58425     -0.584489   0.000147004
16     -0.584397     -0.584484   0.000137631
17     -0.584618     -0.584492   0.000129522
18     -0.585263     -0.584534    0.00012942
19     -0.584841     -0.584551    0.00012348
20     -0.584538      -0.58455   0.000117145
21     -0.583755     -0.584512   0.000117677
22     -0.583556     -0.584469   0.000120326
23     -0.584323     -0.584462   0.000115149
24     -0.585685     -0.584513   0.000121446
25     -0.584693      -0.58452   0.000116708
26     -0.584298     -0.584512   0.000112456
27     -0.585259      -0.58454   0.000111695
28      -0.58367     -0.584508   0.000112023
29     -0.585112     -0.584529   0.000110075
30     -0.585111     -0.584549   0.000108094
31     -0.583563     -0.584517   0.000109278
32     -0.584504     -0.584516   0.000105809
33     -0.584361     -0.584512   0.000102661
34      -0.58483     -0.584521   0.000100034
35     -0.584074     -0.584508   9.79702e-05
36     -0.584096     -0.584497   9.58969e-05
37     -0.584203     -0.584489   9.36058e-05
38     -0.584808     -0.584497   9.14942e-05
39     -0.584662     -0.584502   8.92175e-05
40     -0.584641     -0.584505   8.70279e-05
41     -0.584877     -0.584514    8.5361e-05
42     -0.584793     -0.584521   8.35678e-05
43     -0.584287     -0.584515   8.17824e-05
44     -0.583639     -0.584495   8.23444e-05
45     -0.584139     -0.584487   8.08824e-05
46     -0.584412     -0.584486   7.91214e-05
47     -0.583902     -0.584473   7.84083e-05
48     -0.584541     -0.584475   7.67705e-05
49     -0.584737      -0.58448   7.53776e-05
50     -0.584544     -0.584481   7.38656e-05
51      -0.58414     -0.584475    7.2711e-05
52     -0.583949     -0.584465   7.20118e-05
53     -0.584902     -0.584473   7.11212e-05
54     -0.584191     -0.584468   6.99868e-05
55       -0.5846      -0.58447   6.87445e-05
56     -0.584477      -0.58447   6.75059e-05
57     -0.585036      -0.58448   6.70489e-05
58     -0.584626     -0.584483   6.59305e-05
59     -0.583867     -0.584472   6.56376e-05
60     -0.584825     -0.584478   6.48011e-05
61     -0.584353     -0.584476   6.37632e-05
62     -0.584773     -0.584481   6.29093e-05
63     -0.584841     -0.584487   6.21663e-05
64     -0.584253     -0.584483   6.12964e-05
65     -0.584592     -0.584485   6.03695e-05
66     -0.583537      -0.58447   6.11554e-05
67     -0.584828     -0.584476   6.04721e-05
68     -0.583982     -0.584468   6.00159e-05
69     -0.584116     -0.584463   5.93597e-05
70      -0.58479     -0.584468   5.86912e-05
71      -0.58439     -0.584467   5.78689e-05
72     -0.584316     -0.584465    5.7098e-05
73     -0.584411     -0.584464   5.63153e-05
74     -0.584444     -0.584464   5.55498e-05
75     -0.585738     -0.584481   5.73764e-05
76     -0.584152     -0.584476   5.67812e-05
77     -0.584842     -0.584481     5.624e-05
78     -0.582902     -0.584461   5.90919e-05
79     -0.584222     -0.584458   5.84173e-05
80     -0.584678     -0.584461   5.77484e-05
81     -0.584438      -0.58446   5.70316e-05
82     -0.585331     -0.584471   5.73246e-05
83     -0.584986     -0.584477   5.69689e-05
84     -0.585508     -0.584489   5.76078e-05
85     -0.584877     -0.584494   5.71086e-05
86     -0.584649     -0.584496   5.64695e-05
87     -0.584541     -0.584496   5.58191e-05
88     -0.584259     -0.584494   5.52473e-05
89     -0.584444     -0.584493   5.46259e-05
90      -0.58427     -0.584491   5.40723e-05
91     -0.583781     -0.584483   5.40404e-05
92     -0.585308     -0.584492   5.41964e-05
93     -0.584022     -0.584487   5.38479e-05
94       -0.5848      -0.58449   5.33763e-05
95     -0.584501      -0.58449   5.28116e-05
96     -0.583947     -0.584484   5.25637e-05
97     -0.584847     -0.584488   5.21531e-05
98     -0.584864     -0.584492   5.17608e-05
99     -0.585025     -0.584497   5.15169e-05
100     -0.584698     -0.584499   5.10386e-05
1     -0.529578     -0.529578             0
2     -0.529206     -0.529392   0.000186384
3     -0.529149     -0.529311   0.000134658
4     -0.529617     -0.529388   0.000122207
5     -0.530102      -0.52953   0.000171373
6     -0.529333     -0.529497   0.000143751
7     -0.530125     -0.529587   0.000151014
8     -0.529691       -0.5296    0.00013142
9     -0.530803     -0.529734   0.000176917
10     -0.529619     -0.529722   0.000158655
11     -0.530382     -0.529782   0.000155529
12     -0.529937     -0.529795   0.000142559
13     -0.529574     -0.529778   0.000132233
14     -0.530459     -0.529827    0.00013172
15     -0.530027      -0.52984   0.000123352
16     -0.530061     -0.529854   0.000116211
17     -0.529882     -0.529856   0.000109174
18     -0.530109      -0.52987   0.000103884
19     -0.529999     -0.529876   9.85005e-05
20     -0.530181     -0.529892   9.46773e-05
21     -0.529045     -0.529851   9.86635e-05
22     -0.528636     -0.529796   0.000109103
23     -0.529964     -0.529803   0.000104507
24     -0.530415     -0.529829   0.000103254
25     -0.530626     -0.529861   0.000104045
26     -0.529627     -0.529852   0.000100366
27     -0.529915     -0.529854   9.66061e-05
28      -0.52896     -0.529822   9.84219e-05
29     -0.530157     -0.529834   9.56656e-05
30     -0.530628      -0.52986   9.61345e-05
31     -0.529413     -0.529846   9.40958e-05
32     -0.530008     -0.529851   9.12487e-05
33     -0.529332     -0.529835   8.98252e-05
34      -0.52997     -0.529839   8.72328e-05
35     -0.529584     -0.529832   8.50169e-05
36     -0.529857     -0.529833   8.26246e-05
37     -0.529221     -0.529816   8.20446e-05
38     -0.529901     -0.529818   7.98878e-05
39     -0.529264     -0.529804   7.90979e-05
40     -0.529999     -0.529809   7.72486e-05
41     -0.529997     -0.529813    7.5481e-05
42      -0.52992     -0.529816   7.37053e-05
43     -0.529382     -0.529806   7.26757e-05
44     -0.529018     -0.529788   7.32303e-05
45     -0.529737     -0.529787   7.15935e-05
46     -0.530346     -0.529799   7.10665e-05
47      -0.52919     -0.529786   7.07362e-05
48     -0.530731     -0.529806   7.19893e-05
49     -0.529713     -0.529804   7.05303e-05
50     -0.529371     -0.529795   6.96457e-05
51     -0.529468     -0.529789   6.85678e-05
52      -0.52926     -0.529779   6.80005e-05
53     -0.529698     -0.529777   6.67226e-05
54      -0.52943     -0.529771   6.57908e-05
55     -0.530206     -0.529779   6.50665e-05
56      -0.52969     -0.529777   6.39137e-05
57     -0.530402     -0.529788   6.37328e-05
58     -0.529985     -0.529791   6.27168e-05
59      -0.52935     -0.529784   6.20965e-05
60     -0.529481     -0.529779   6.12607e-05
61     -0.529295     -0.529771   6.07671e-05
62     -0.530339      -0.52978   6.04764e-05
63     -0.530817     -0.529796   6.17428e-05
64     -0.530372     -0.529805   6.14331e-05
65     -0.530283     -0.529813   6.09248e-05
66     -0.528571     -0.529794   6.28769e-05
67     -0.530305     -0.529802   6.23998e-05
68     -0.529461     -0.529797   6.16787e-05
69     -0.530219     -0.529803   6.10855e-05
70     -0.529936     -0.529805   6.02367e-05
71     -0.529252     -0.529797   5.98907e-05
72     -0.529873     -0.529798   5.90624e-05
73     -0.529641     -0.529796   5.82871e-05
74     -0.529819     -0.529796   5.74949e-05
75     -0.530869      -0.52981   5.85002e-05
76     -0.529648     -0.529808   5.77647e-05
77     -0.530127     -0.529812   5.71594e-05
78     -0.528892     -0.529801   5.76438e-05
79     -0.529392     -0.529795   5.71444e-05
80      -0.52924     -0.529788   5.68517e-05
81     -0.529566     -0.529786   5.62123e-05
82     -0.530062     -0.529789   5.56249e-05
83     -0.530219     -0.529794   5.51945e-05
84     -0.530334     -0.529801    5.4911e-05
85     -0.530378     -0.529808   5.46843e-05
86     -0.530168     -0.529812   5.42066e-05
87      -0.52978     -0.529811   5.35812e-05
88     -0.529663      -0.52981   5.29957e-05
89     -0.529709     -0.529809   5.24091e-05
90     -0.529735     -0.529808   5.18299e-05
91     -0.529689     -0.529806   5.12738e-05
92     -0.530662     -0.529816   5.15586e-05
93     -0.528907     -0.529806    5.1929e-05
94     -0.530402     -0.529812    5.1763e-05
95     -0.529411     -0.529808   5.13887e-05
96     -0.529825     -0.529808   5.08509e-05
97     -0.530463     -0.529815   5.07744e-05
98     -0.530079     -0.529818   5.03257e-05
99     -0.530005      -0.52982   4.98508e-05
100      -0.53018     -0.529823   4.94812e-05
1     -0.529578     -0.529578             0
2     -0.529206     -0.529392   0.000186384
3     -0.529149     -0.529311   0.000134658
4     -0.529617     -0.529388   0.000122207
5     -0.530102      -0.52953   0.000171373
6     -0.529333     -0.529497   0.000143751
7     -0.530125     -0.529587   0.000151014
8     -0.529691       -0.5296    0.00013142
9     -0.530803     -0.529734   0.000176917
10     -0.529619     -0.529722   0.000158655
11     -0.530382     -0.529782   0.000155529
12     -0.529937     -0.529795   0.000142559
13     -0.529574     -0.529778   0.000132233
14     -0.530459     -0.529827    0.00013172
15     -0.530027      -0.52984   0.000123352
16     -0.530061     -0.529854   0.000116211
17     -0.529882     -0.529856   0.000109174
18     -0.530109      -0.52987   0.000103884
19     -0.529999     -0.529876   9.85005e-05
20     -0.530181     -0.529892   9.46773e-05
21     -0.529045     -0.529851   9.86635e-05
22     -0.528636     -0.529796   0.000109103
23     -0.529964     -0.529803   0.000104507
24     -0.530415     -0.529829   0.000103254
25     -0.530626     -0.529861   0.000104045
26     -0.529627     -0.529852   0.000100366
27     -0.529915     -0.529854   9.66061e-05
28      -0.52896     -0.529822   9.84219e-05
29     -0.530157     -0.529834   9.56656e-05
30     -0.530628      -0.52986   9.61345e-05
31     -0.529413     -0.529846   9.40958e-05
32     -0.530008     -0.529851   9.12487e-05
33     -0.529332     -0.529835   8.98252e-05
34      -0.52997     -0.529839   8.72328e-05
35     -0.529584     -0.529832   8.50169e-05
36     -0.529857     -0.529833   8.26246e-05
37     -0.529221     -0.529816   8.20446e-05
38     -0.529901     -0.529818   7.98878e-05
39     -0.529264     -0.529804   7.90979e-05
40     -0.529999     -0.529809   7.72486e-05
41     -0.529997     -0.529813    7.5481e-05
42      -0.52992     -0.529816   7.37053e-05
43     -0.529382     -0.529806   7.26757e-05
44     -0.529018     -0.529788   7.32303e-05
45     -0.529737     -0.529787   7.15935e-05
46     -0.530346     -0.529799   7.10665e-05
47      -0.52919     -0.529786   7.07362e-05
48     -0.530731     -0.529806   7.19893e-05
49     -0.529713     -0.529804   7.05303e-05
50     -0.529371     -0.529795   6.96457e-05
51     -0.529468     -0.529789   6.85678e-05
52      -0.52926     -0.529779   6.80005e-05
53     -0.529698     -0.529777   6.67226e-05
54      -0.52943     -0.529771   6.57908e-05
55     -0.530206     -0.529779   6.50665e-05
56      -0.52969     -0.529777   6.39137e-05
57     -0.530402     -0.529788   6.37328e-05
58     -0.529985     -0.529791   6.27168e-05
59      -0.52935     -0.529784   6.20965e-05
60     -0.529481     -0.529779   6.12607e-05
61     -0.529295     -0.529771   6.07671e-05
62     -0.530339      -0.52978   6.04764e-05
63     -0.530817     -0.529796   6.17428e-05
64     -0.530372     -0.529805   6.14331e-05
65     -0.530283     -0.529813   6.09248e-05
66     -0.528571     -0.529794   6.28769e-05
67     -0.530305     -0.529802   6.23998e-05
68     -0.529461     -0.529797   6.16787e-05
69     -0.530219     -0.529803   6.10855e-05
70     -0.529936     -0.529805   6.02367e-05
71     -0.529252     -0.529797   5.98907e-05
72     -0.529873     -0.529798   5.90624e-05
73     -0.529641     -0.529796   5.82871e-05
74     -0.529819     -0.529796   5.74949e-05
75     -0.530869      -0.52981   5.85002e-05
76     -0.529648     -0.529808   5.77647e-05
77     -0.530127     -0.529812   5.71594e-05
78     -0.528892     -0.529801   5.76438e-05
79     -0.529392     -0.529795   5.71444e-05
80      -0.52924     -0.529788   5.68517e-05
81     -0.529566     -0.529786   5.62123e-05
82     -0.530062     -0.529789   5.56249e-05
83     -0.530219     -0.529794   5.51945e-05
84     -0.530334     -0.529801    5.4911e-05
85     -0.530378     -0.529808   5.46843e-05
86     -0.530168     -0.529812   5.42066e-05
87      -0.52978     -0.529811   5.35812e-05
88     -0.529663      -0.52981   5.29957e-05
89     -0.529709     -0.529809   5.24091e-05
90     -0.529735     -0.529808   5.18299e-05
91     -0.529689     -0.529806   5.12738e-05
92     -0.530662     -0.529816   5.15586e-05
93     -0.528907     -0.529806    5.1929e-05
94     -0.530402     -0.529812    5.1763e-05
95     -0.529411     -0.529808   5.13887e-05
96     -0.529825     -0.529808   5.08509e-05
97     -0.530463     -0.529815   5.07744e-05
98     -0.530079     -0.529818   5.03257e-05
99     -0.530005      -0.52982   4.98508e-05
100      -0.53018     -0.529823   4.94812e-05
1     -0.462691     -0.462691             0
2     -0.462771     -0.462731    3.9876e-05
3     -0.462914     -0.462792   6.53659e-05
4     -0.462919     -0.462824   5.61401e-05
5     -0.462918     -0.462842   4.73639e-05
6     -0.463092     -0.462884   5.68019e-05
7      -0.46323     -0.462934    6.8921e-05
8     -0.462556     -0.462886   7.60589e-05
9     -0.463834     -0.462992   0.000124804
10     -0.463225     -0.463015   0.000114038
11     -0.463697     -0.463077   0.000120375
12     -0.463539     -0.463115   0.000116429
13     -0.463009     -0.463107   0.000107411
14     -0.463878     -0.463162    0.00011365
15     -0.463481     -0.463184   0.000107911
16     -0.463269     -0.463189   0.000101083
17     -0.463133     -0.463186   9.50092e-05
18     -0.462845     -0.463167   9.15558e-05
19       -0.4626     -0.463137   9.15977e-05
20     -0.463204      -0.46314   8.69613e-05
21      -0.46202     -0.463087   9.84206e-05
22     -0.461902     -0.463033     0.0001082
23     -0.463183     -0.463039   0.000103595
24     -0.463015     -0.463038     9.919e-05
25     -0.463613     -0.463061   9.78758e-05
26     -0.462404     -0.463036   9.73808e-05
27     -0.462784     -0.463027   9.41706e-05
28     -0.462454     -0.463006   9.30236e-05
29     -0.462155     -0.462977   9.44367e-05
30     -0.463837     -0.463006    9.5635e-05
31     -0.462301     -0.462983   9.52528e-05
32     -0.463059     -0.462985   9.22584e-05
33     -0.462866     -0.462982   8.94919e-05
34     -0.462797     -0.462976   8.69899e-05
35     -0.463081     -0.462979   8.45212e-05
36     -0.462921     -0.462978   8.21559e-05
37     -0.462276     -0.462959   8.21263e-05
38     -0.463739     -0.462979   8.25322e-05
39     -0.462559     -0.462968   8.11053e-05
40     -0.462909     -0.462967   7.90655e-05
41     -0.463139     -0.462971   7.72273e-05
42      -0.46208      -0.46295   7.82973e-05
43     -0.463103     -0.462953   7.65381e-05
44      -0.46241     -0.462941    7.5793e-05
45     -0.462943     -0.462941   7.40896e-05
46     -0.463074     -0.462944   7.25186e-05
47     -0.462393     -0.462932   7.19212e-05
48     -0.463443     -0.462943   7.12071e-05
49     -0.463292      -0.46295   7.01014e-05
50     -0.462451      -0.46294   6.94058e-05
51     -0.462535     -0.462932   6.84937e-05
52     -0.462911     -0.462932   6.71648e-05
53     -0.462855      -0.46293   6.59012e-05
54     -0.462502     -0.462922   6.51532e-05
55     -0.463352      -0.46293   6.44327e-05
56     -0.462902      -0.46293   6.32736e-05
57     -0.463747     -0.462944   6.37862e-05
58     -0.462768     -0.462941     6.275e-05
59      -0.46214     -0.462927   6.31551e-05
60     -0.463191     -0.462932   6.22487e-05
61     -0.462784     -0.462929   6.12677e-05
62     -0.463067     -0.462932   6.03123e-05
63     -0.463522     -0.462941   6.00818e-05
64     -0.463523      -0.46295   5.98311e-05
65     -0.463325     -0.462956   5.91849e-05
66     -0.461585     -0.462935   6.18713e-05
67     -0.463457     -0.462943   6.14366e-05
68     -0.462932     -0.462943   6.05266e-05
69     -0.463065     -0.462944   5.96693e-05
70     -0.462959     -0.462945   5.88111e-05
71     -0.462231     -0.462935   5.88416e-05
72     -0.462956     -0.462935   5.80194e-05
73     -0.463154     -0.462938   5.72979e-05
74     -0.462924     -0.462938   5.65187e-05
75     -0.463783     -0.462949   5.68885e-05
76     -0.462613     -0.462945   5.63084e-05
77     -0.463318     -0.462949   5.57834e-05
78     -0.462039     -0.462938   5.62872e-05
79     -0.462663     -0.462934   5.56786e-05
80     -0.462714     -0.462932   5.50469e-05
81     -0.463037     -0.462933   5.43787e-05
82     -0.462764     -0.462931   5.37507e-05
83     -0.463223     -0.462934   5.32157e-05
84     -0.463204     -0.462938   5.26763e-05
85     -0.463011     -0.462938     5.206e-05
86     -0.463318     -0.462943     5.164e-05
87     -0.462545     -0.462938   5.12474e-05
88     -0.462892     -0.462938   5.06644e-05
89     -0.462935     -0.462938   5.00919e-05
90     -0.462576     -0.462934   4.96947e-05
91     -0.463025     -0.462935   4.91558e-05
92     -0.463613     -0.462942    4.9175e-05
93     -0.462054     -0.462932   4.95712e-05
94     -0.463596      -0.46294    4.9547e-05
95     -0.462228     -0.462932   4.95923e-05
96     -0.462477     -0.462927   4.93011e-05
97     -0.463151      -0.46293   4.88444e-05
98     -0.463234     -0.462933   4.84434e-05
99     -0.462767     -0.462931   4.79807e-05
100     -0.462849      -0.46293   4.75055e-05
1     -0.483469     -0.483469             0
2     -0.483322     -0.483395    7.3348e-05
3     -0.483317     -0.483369   4.97473e-05
4     -0.483313     -0.483355   3.78998e-05
5     -0.483349     -0.483354   2.93875e-05
6     -0.483569      -0.48339   4.32083e-05
7     -0.484014     -0.483479    9.6388e-05
8     -0.483254     -0.483451   8.80932e-05
9     -0.484643     -0.483583   0.000153606
10     -0.483559     -0.483581    0.00013741
11     -0.484552     -0.483669   0.000152465
12     -0.484007     -0.483697   0.000141997
13     -0.483336      -0.48367   0.000133538
14     -0.484551     -0.483733   0.000138726
15       -0.4842     -0.483764   0.000132856
16     -0.483825     -0.483768   0.000124335
17     -0.483461      -0.48375   0.000118175
18     -0.483231     -0.483721   0.000115077
19     -0.483312     -0.483699   0.000110959
20     -0.483815     -0.483705   0.000105423
21     -0.482568     -0.483651   0.000113968
22      -0.48271     -0.483608   0.000116781
23     -0.483726     -0.483613   0.000111707
24     -0.483584     -0.483612   0.000106958
25     -0.484243     -0.483637   0.000105648
26     -0.482945     -0.483611   0.000104933
27     -0.483315       -0.4836   0.000101563
28     -0.483151     -0.483584   9.91724e-05
29      -0.48298     -0.483563   9.79293e-05
30     -0.484268     -0.483586   9.74885e-05
31     -0.482848     -0.483563   9.72501e-05
32     -0.483612     -0.483564   9.41749e-05
33     -0.483148     -0.483551    9.2144e-05
34     -0.483533     -0.483551   8.93945e-05
35     -0.483415     -0.483547   8.68891e-05
36     -0.483436     -0.483544   8.44971e-05
37     -0.482668      -0.48352    8.5526e-05
38     -0.484022     -0.483534   8.42858e-05
39     -0.483226     -0.483526   8.24736e-05
40     -0.483642     -0.483529   8.04383e-05
41     -0.483431     -0.483526   7.84881e-05
42     -0.482731     -0.483507   7.89021e-05
43     -0.483476     -0.483507   7.70488e-05
44     -0.482917     -0.483493   7.64588e-05
45      -0.48352     -0.483494   7.47429e-05
46      -0.48358     -0.483496   7.31242e-05
47     -0.482894     -0.483483   7.26889e-05
48     -0.484538     -0.483505   7.44784e-05
49     -0.484089     -0.483517   7.39109e-05
50      -0.48291     -0.483505   7.34282e-05
51      -0.48315     -0.483498     7.231e-05
52     -0.483005     -0.483488   7.15358e-05
53     -0.483034      -0.48348   7.06935e-05
54     -0.483343     -0.483477   6.94181e-05
55     -0.484037     -0.483487      6.89e-05
56     -0.483839     -0.483493   6.79489e-05
57     -0.484128     -0.483505   6.76686e-05
58     -0.483272     -0.483501   6.66123e-05
59     -0.482778     -0.483488   6.66083e-05
60     -0.483606      -0.48349   6.55181e-05
61     -0.483242     -0.483486   6.45632e-05
62     -0.483803     -0.483491    6.3718e-05
63     -0.484376     -0.483505   6.42526e-05
64      -0.48407     -0.483514   6.38521e-05
65     -0.483589     -0.483515   6.28726e-05
66     -0.482167     -0.483495   6.51962e-05
67     -0.483921     -0.483501   6.45302e-05
68     -0.483208     -0.483497   6.37202e-05
69     -0.483811     -0.483502   6.29546e-05
70     -0.483344     -0.483499   6.20894e-05
71     -0.482747     -0.483489   6.21187e-05
72     -0.483837     -0.483494   6.14408e-05
73     -0.483574     -0.483495   6.06033e-05
74     -0.483255     -0.483491   5.98666e-05
75      -0.48437     -0.483503   6.02143e-05
76     -0.483368     -0.483501   5.94434e-05
77     -0.483717     -0.483504   5.87334e-05
78     -0.482614     -0.483493   5.90869e-05
79     -0.483148     -0.483488   5.84973e-05
80     -0.483337     -0.483487   5.77924e-05
81     -0.483774      -0.48349    5.7185e-05
82     -0.483446      -0.48349   5.64859e-05
83     -0.483865     -0.483494    5.5984e-05
84     -0.483539     -0.483495   5.53162e-05
85     -0.483869     -0.483499   5.48386e-05
86     -0.483581       -0.4835   5.42057e-05
87     -0.483151     -0.483496   5.37294e-05
88     -0.483383     -0.483495   5.31307e-05
89     -0.483354     -0.483493   5.25543e-05
90     -0.483502     -0.483493   5.19671e-05
91     -0.483567     -0.483494   5.13994e-05
92     -0.484201     -0.483502   5.14147e-05
93      -0.48278     -0.483494   5.14467e-05
94     -0.484166     -0.483501   5.13968e-05
95     -0.482692     -0.483493   5.15607e-05
96     -0.483322     -0.483491   5.10517e-05
97     -0.483722     -0.483493   5.05791e-05
98     -0.483805     -0.483496    5.0161e-05
99     -0.483474     -0.483496   4.96523e-05
100     -0.483634     -0.483497   4.91727e-05
