1         1.379         1.379             0
2       1.37014       1.37457     0.0044328
3       1.36546       1.37153    0.00397018
4       1.37387       1.37212    0.00286736
5        1.3761       1.37291    0.00235968
6       1.38808       1.37544    0.00317891
7       1.36819       1.37441    0.00287932
8       1.35367       1.37181    0.00359666
9       1.37047       1.37167    0.00317549
10        1.3663       1.37113    0.00289038
11       1.37329       1.37133     0.0026218
12       1.36998       1.37121    0.00239598
13       1.37992       1.37188    0.00230347
14       1.38686       1.37295    0.00238595
15        1.3673       1.37258    0.00225293
16       1.35714       1.37161    0.00231762
17       1.38766       1.37256    0.00237294
18       1.37968       1.37295    0.00227198
19       1.37289       1.37295    0.00214908
20       1.37941       1.37327    0.00206426
21       1.38196       1.37369     0.0020066
22       1.38129       1.37403    0.00194422
23        1.3751       1.37408    0.00185835
24       1.39021       1.37475    0.00190203
25       1.38051       1.37498    0.00183885
26       1.37548         1.375    0.00176682
27       1.35737       1.37435    0.00182125
28       1.39516       1.37509    0.00190589
29       1.37136       1.37496    0.00184349
30       1.36832       1.37474    0.00179468
31       1.36086       1.37429    0.00179266
32       1.37236       1.37423    0.00173679
33       1.37733       1.37433    0.00168596
34       1.38392       1.37461     0.0016598
35       1.36867       1.37444    0.00162057
36       1.37389       1.37442    0.00157499
37       1.38011       1.37458    0.00153953
38       1.37114       1.37449    0.00150119
39       1.37255       1.37444    0.00146303
40       1.36054       1.37409    0.00146768
41       1.36948       1.37398    0.00143585
42       1.37416       1.37398    0.00140125
43        1.3752       1.37401    0.00136857
44       1.38482       1.37426    0.00135949
45       1.37999       1.37438    0.00133504
46       1.39872       1.37491    0.00140881
47        1.3857       1.37514    0.00139748
48        1.3626       1.37488    0.00139277
49       1.39142       1.37522    0.00140521
50       1.37261       1.37517    0.00137781
51       1.38287       1.37532    0.00135895
52       1.36942        1.3752    0.00133738
53       1.40002       1.37567    0.00139294
54       1.38195       1.37579    0.00137184
55       1.37503       1.37577    0.00134673
56       1.35195       1.37535    0.00138922
57       1.36694        1.3752    0.00137259
58       1.37105       1.37513    0.00135061
59       1.38392       1.37528    0.00133586
60       1.38469       1.37544    0.00132275
61       1.38024       1.37551    0.00130327
62       1.38643       1.37569    0.00129412
63        1.3713       1.37562    0.00127532
64       1.37648       1.37563     0.0012553
65       1.36067        1.3754     0.0012571
66        1.3771       1.37543    0.00123817
67        1.3787       1.37548    0.00122053
68       1.38086       1.37556    0.00120504
69         1.375       1.37555    0.00118748
70       1.39121       1.37577    0.00119159
71       1.38255       1.37587    0.00117856
72       1.38157       1.37595    0.00116477
73       1.37616       1.37595    0.00114871
74       1.38733        1.3761    0.00114346
75       1.36825         1.376    0.00113297
76       1.37755       1.37602    0.00111815
77       1.36381       1.37586    0.00111486
78       1.36713       1.37575    0.00110615
79        1.3806       1.37581    0.00109378
80       1.37581       1.37581    0.00108002
81        1.3766       1.37582    0.00106665
82       1.37335       1.37579      0.001054
83       1.38511        1.3759    0.00104725
84       1.35966       1.37571    0.00105261
85       1.38279       1.37579    0.00104349
86       1.38069       1.37585    0.00103286
87       1.37421       1.37583    0.00102109
88        1.3827       1.37591    0.00101243
89       1.37274       1.37587    0.00100162
90       1.39163       1.37605    0.00100578
91       1.38755       1.37617    0.00100266
92       1.38703       1.37629   0.000998696
93         1.364       1.37616   0.000996708
94       1.39724       1.37638    0.00101124
95       1.38521       1.37648    0.00100484
96       1.38689       1.37659    0.00100021
97       1.38134       1.37663   0.000991061
98       1.37253       1.37659   0.000981789
99        1.3726       1.37655   0.000972658
100       1.38125        1.3766   0.000964028
1        1.5313        1.5313             0
2       1.53567       1.53349    0.00218547
3       1.52775       1.53157    0.00229017
4       1.52927         1.531    0.00171926
5       1.54105       1.53301    0.00241235
6       1.51986       1.53082    0.00294696
7       1.53103       1.53085    0.00249082
8       1.51928        1.5294    0.00259668
9       1.52963       1.52943     0.0022902
10       1.53682       1.53017     0.0021776
11       1.53367       1.53049    0.00199537
12       1.54244       1.53148    0.00207606
13       1.51664       1.53034    0.00222476
14       1.54803        1.5316    0.00241626
15       1.53588       1.53189    0.00226741
16       1.52964       1.53175    0.00212562
17         1.526       1.53141    0.00202507
18       1.54081       1.53193    0.00197944
19       1.53778       1.53224    0.00189745
20       1.54658       1.53296    0.00193761
21       1.52806       1.53272    0.00185773
22       1.52993        1.5326    0.00177583
23       1.52935       1.53246    0.00170274
24       1.52742       1.53225    0.00164368
25       1.51958       1.53174    0.00165591
26       1.51424       1.53107    0.00172742
27       1.52795       1.53095    0.00166622
28        1.5278       1.53084    0.00160955
29       1.53512       1.53099    0.00156005
30       1.53211       1.53102    0.00150762
31       1.52261       1.53075    0.00148319
32       1.51515       1.53026    0.00151659
33       1.52134       1.52999    0.00149461
34       1.52994       1.52999    0.00144999
35       1.52935       1.52997    0.00140807
36       1.54688       1.53044    0.00144671
37       1.51853       1.53012    0.00144342
38       1.53334       1.53021    0.00140747
39       1.50682       1.52961    0.00149632
40       1.52077       1.52939    0.00147506
41       1.51985       1.52915    0.00145731
42        1.5434       1.52949    0.00146207
43       1.54607       1.52988    0.00147879
44       1.53526          1.53    0.00144996
45       1.52949       1.52999    0.00141741
46       1.53092       1.53001    0.00138641
47       1.51618       1.52971    0.00138813
48       1.53693       1.52986    0.00136719
49       1.52648        1.5298    0.00134078
50       1.50939       1.52939    0.00137561
51       1.52687       1.52934    0.00134926
52       1.53508       1.52945    0.00132766
53       1.52993       1.52946     0.0013024
54       1.53454       1.52955    0.00128152
55       1.53136       1.52958    0.00125844
56       1.53402       1.52966    0.00123829
57       1.53405       1.52974     0.0012188
58       1.54117       1.52994    0.00121369
59       1.52099       1.52979    0.00120254
60       1.52485        1.5297    0.00118519
61       1.50459       1.52929    0.00123616
62       1.53489       1.52938    0.00121941
63       1.54075       1.52956    0.00121339
64       1.53056       1.52958    0.00119439
65       1.50455       1.52919    0.00123732
66       1.50957        1.5289    0.00125417
67       1.54458       1.52913    0.00125729
68       1.53097       1.52916    0.00123896
69       1.53977       1.52931    0.00123052
70       1.53881       1.52945    0.00122038
71       1.52047       1.52932    0.00120969
72       1.53639       1.52942     0.0011968
73       1.51909       1.52928    0.00118875
74       1.51131       1.52903    0.00119746
75       1.53713       1.52914    0.00118631
76       1.51697       1.52898    0.00118151
77       1.51903       1.52885     0.0011732
78       1.51397       1.52866    0.00117366
79       1.53827       1.52878    0.00116508
80       1.53405       1.52885    0.00115231
81        1.5442       1.52904    0.00115366
82       1.54064       1.52918    0.00114826
83       1.51669       1.52903    0.00114428
84       1.53248       1.52907    0.00113133
85       1.52425       1.52901    0.00111937
86       1.52286       1.52894     0.0011086
87       1.54212       1.52909    0.00110619
88       1.53079       1.52911    0.00109372
89       1.54065       1.52924     0.0010891
90       1.51955       1.52914    0.00108231
91       1.54556       1.52932    0.00108547
92       1.52788        1.5293    0.00107372
93       1.54983       1.52952    0.00108481
94       1.52711        1.5295    0.00107352
95       1.53861       1.52959    0.00106648
96       1.52294       1.52952    0.00105759
97       1.52592       1.52949    0.00104729
98       1.53911       1.52958    0.00104119
99       1.50374       1.52932    0.00106317
100       1.51641       1.52919    0.00106037
1       1.93605       1.93605             0
2       1.95807       1.94706     0.0110094
3       1.93963       1.94458    0.00682119
4        1.9446       1.94458    0.00482331
5       1.97295       1.95026    0.00679271
6       1.95367       1.95083    0.00557533
7       1.95033       1.95076    0.00471255
8       1.95782       1.95164    0.00417557
9       1.94179       1.95054    0.00384169
10       1.94411        1.9499    0.00349592
11       1.97036       1.95176    0.00366882
12       1.93291       1.95019    0.00369943
13        1.9314       1.94874    0.00369732
14       1.98197       1.95112    0.00416536
15       1.93122       1.94979    0.00409832
16        1.9625       1.95058    0.00391501
17       1.96058       1.95117     0.0037242
18       1.96401       1.95189    0.00358287
19        1.9563       1.95212    0.00339702
20       1.96333       1.95268    0.00327105
21        1.9627       1.95316    0.00314777
22       1.96642       1.95376    0.00306129
23        1.9294        1.9527    0.00311103
24       1.96804       1.95334    0.00304643
25       1.95514       1.95341    0.00292292
26       1.90941       1.95172    0.00327882
27       1.95951       1.95201    0.00316822
28       1.94325       1.95169    0.00306895
29       1.94755       1.95155    0.00296468
30       1.92508       1.95067    0.00299703
31       1.92221       1.94975    0.00304061
32       1.92401       1.94895    0.00305196
33       1.93176       1.94843    0.00300355
34       1.92784       1.94782    0.00297611
35       1.93336       1.94741    0.00291923
36       1.94196       1.94726    0.00284102
37       1.93742       1.94699    0.00277592
38       1.98191       1.94791    0.00285391
39       1.94748        1.9479    0.00277979
40       1.94142       1.94774    0.00271424
41       1.96621       1.94819    0.00268529
42       1.95319       1.94831    0.00262328
43       1.94969       1.94834    0.00256175
44       1.92912        1.9479    0.00254066
45       1.92401       1.94737    0.00253969
46       1.93075       1.94701    0.00251002
47       1.96148       1.94732    0.00247526
48        1.9301       1.94696    0.00244953
49       1.96582       1.94734    0.00242969
50       1.95643       1.94753    0.00238752
51       1.95787       1.94773    0.00234902
52       1.91929       1.94718    0.00236742
53       1.94148       1.94707    0.00232481
54       1.91304       1.94644     0.0023668
55       1.93752       1.94628    0.00232903
56       1.93318       1.94605      0.002299
57       1.96481       1.94638    0.00228217
58       1.96091       1.94663    0.00225644
59       1.95809       1.94682    0.00222637
60       1.96547       1.94713     0.0022109
61       1.90457       1.94643    0.00228356
62       1.95188       1.94652    0.00224814
63       1.95112        1.9466    0.00221337
64       1.93714       1.94645    0.00218351
65       1.92663       1.94614    0.00217116
66       1.93148       1.94592    0.00214953
67       1.95617       1.94607    0.00212272
68       1.95773       1.94624    0.00209828
69       1.93343       1.94606    0.00207597
70       1.94924        1.9461    0.00204661
71       1.96128       1.94632    0.00202887
72       1.97591       1.94673    0.00204226
73       1.96503       1.94698    0.00202963
74       1.93772       1.94685    0.00200592
75       1.91585       1.94644    0.00202171
76       1.92281       1.94613    0.00201901
77        1.9798       1.94657    0.00204004
78       1.94076       1.94649    0.00201509
79        1.9186       1.94614     0.0020205
80        1.9392       1.94605    0.00199697
81       1.94471       1.94604    0.00197224
82        1.9564       1.94616    0.00195213
83       1.95238       1.94624    0.00192992
84       1.94351       1.94621    0.00190708
85       1.95462        1.9463    0.00188711
86       1.95209       1.94637    0.00186625
87       1.94656       1.94637    0.00184468
88       1.94632       1.94637    0.00182359
89       1.93795       1.94628    0.00180547
90       1.92551       1.94605    0.00180015
91       1.93977       1.94598     0.0017816
92       1.96503       1.94619    0.00177425
93       1.95371       1.94627    0.00175693
94       1.92088         1.946    0.00175899
95       1.96437       1.94619    0.00175109
96       1.94905       1.94622    0.00173301
97       1.95021       1.94626    0.00171554
98       1.94047        1.9462    0.00169897
99       1.92753       1.94601    0.00169227
100       1.95205       1.94607    0.00167635
1       2.59963       2.59963             0
2       2.55617        2.5779     0.0217301
3       2.59413       2.58331     0.0136623
4       2.62859       2.59463     0.0148805
5       2.63681       2.60307     0.0142832
6       2.60549       2.60347     0.0116692
7       2.61707       2.60541     0.0100518
8       2.58574       2.60295    0.00904574
9       2.56433       2.59866    0.00905853
10       2.58825       2.59762    0.00816885
11       2.64288       2.60174    0.00845741
12       2.65724       2.60636    0.00900005
13       2.59849       2.60576    0.00830094
14       2.60724       2.60586    0.00768591
15       2.61779       2.60666    0.00719924
16       2.60798       2.60674    0.00673478
17        2.5923       2.60589    0.00638301
18       2.59179       2.60511    0.00606873
19       2.59337       2.60449    0.00577357
20       2.62848       2.60569    0.00560715
21       2.60486       2.60565    0.00533361
22       2.59436       2.60514     0.0051112
23       2.61966       2.60577    0.00492457
24       2.60276       2.60564    0.00471659
25       2.54893       2.60337    0.00506083
26       2.57575       2.60231    0.00497699
27       2.64085       2.60374    0.00499733
28       2.62154       2.60437    0.00485735
29       2.57262       2.60328    0.00481306
30       2.64562       2.60469    0.00485928
31       2.55143       2.60297    0.00500411
32       2.57138       2.60199    0.00494479
33       2.61114       2.60226    0.00480062
34       2.63689       2.60328    0.00476734
35       2.61504       2.60362    0.00464131
36        2.6222       2.60413    0.00453999
37       2.58502       2.60362    0.00444571
38        2.5936       2.60335    0.00433516
39       2.61749       2.60372    0.00423806
40       2.62328        2.6042    0.00415961
41        2.5227       2.60222    0.00451778
42       2.59717        2.6021    0.00441055
43       2.62725       2.60268     0.0043463
44       2.64507       2.60364    0.00435427
45       2.60048       2.60357    0.00425699
46       2.60655       2.60364    0.00416392
47       2.65778       2.60479    0.00423408
48       2.61433       2.60499     0.0041497
49       2.61732       2.60524    0.00407191
50       2.60243       2.60519    0.00399004
51       2.62558       2.60559    0.00393142
52       2.62617       2.60598    0.00387535
53       2.62191       2.60628    0.00381339
54       2.59409       2.60606    0.00374891
55       2.57312       2.60546    0.00372852
56       2.59681        2.6053    0.00366458
57       2.59622       2.60514    0.00360324
58       2.61629       2.60534    0.00354579
59        2.5702       2.60474    0.00353567
60       2.62781       2.60512    0.00349745
61       2.59636       2.60498    0.00344264
62       2.60228       2.60494    0.00338694
63       2.60104       2.60488    0.00333331
64       2.59312       2.60469    0.00328595
65       2.63459       2.60515    0.00326755
66       2.59359       2.60498    0.00322243
67       2.62228       2.60524    0.00318445
68       2.56979       2.60471    0.00318028
69        2.6619       2.60554     0.0032416
70       2.56528       2.60497    0.00324631
71       2.61783       2.60515    0.00320538
72         2.582       2.60483    0.00317686
73       2.56161       2.60424    0.00318849
74       2.59961       2.60417    0.00314573
75       2.63758       2.60462     0.0031353
76       2.58921       2.60442    0.00310041
77       2.64172        2.6049      0.003098
78       2.57646       2.60454    0.00307968
79       2.58919       2.60434    0.00304665
80       2.62379       2.60458    0.00301813
81       2.60105       2.60454    0.00298095
82       2.66753       2.60531    0.00304294
83       2.57805       2.60498    0.00302394
84       2.61159       2.60506    0.00298876
85       2.60385       2.60504    0.00295342
86       2.56818       2.60462    0.00295019
87       2.58301       2.60437    0.00292663
88       2.59861        2.6043    0.00289392
89       2.63058        2.6046    0.00287642
90       2.59344       2.60447    0.00284698
91        2.6049       2.60448    0.00281553
92       2.59059       2.60433    0.00278885
93       2.62672       2.60457    0.00276918
94       2.60545       2.60458    0.00273958
95       2.61192       2.60465    0.00271169
96       2.60054       2.60461    0.00268364
97         2.583       2.60439    0.00266516
98       2.57077       2.60405    0.00266004
99       2.59363       2.60394    0.00263513
100       2.60352       2.60394    0.00260865
1       3.72296       3.72296             0
2       3.80862       3.76579     0.0428342
3        3.8652       3.79893     0.0413478
4       3.77683        3.7934     0.0297547
5       3.74825       3.78437     0.0247536
6       3.74068       3.77709     0.0214832
7       3.82258       3.78359     0.0192844
8       3.68005       3.77065      0.021129
9       3.72307       3.76536     0.0193693
10        3.7807       3.76689     0.0173922
11       3.74621       3.76501     0.0158439
12       3.77975       3.76624     0.0145155
13       3.78912         3.768     0.0134678
14        3.7286       3.76519     0.0127825
15       3.78861       3.76675     0.0120019
16        3.7588       3.76625     0.0112377
17       3.71737       3.76338     0.0109406
18       3.79746       3.76527     0.0104873
19       3.69681       3.76167     0.0105542
20        3.7903        3.7631     0.0101144
21       3.74509       3.76224    0.00965885
22       3.71885       3.76027    0.00941814
23       3.71291       3.75821    0.00923194
24        3.6996       3.75577     0.0091701
25       3.83256       3.75884    0.00931666
26       3.75648       3.75875    0.00895162
27       3.70754       3.75685    0.00882003
28       3.72514       3.75572    0.00857434
29       3.72002       3.75449    0.00836446
30       3.73962       3.75399    0.00809601
31       3.75436         3.754     0.0078305
32       3.68786       3.75194    0.00785858
33       3.76236       3.75225    0.00762327
34       3.73859       3.75185    0.00740657
35       3.77815        3.7526    0.00723097
36       3.77243       3.75315     0.0070488
37       3.75038       3.75308    0.00685606
38       3.77756       3.75372    0.00670424
39       3.68005       3.75183    0.00679781
40       3.73897       3.75151    0.00663348
41        3.7837        3.7523    0.00651712
42       3.74267       3.75207    0.00636418
43       3.75487       3.75213    0.00621476
44       3.73124       3.75166    0.00609042
45       3.80593       3.75286    0.00607448
46        3.7314        3.7524    0.00595926
47       3.69498       3.75118    0.00595768
48       3.78019       3.75178    0.00586349
49       3.73904       3.75152    0.00574846
50       3.66315       3.74975    0.00590309
51        3.7619       3.74999    0.00579109
52        3.6652       3.74836    0.00590809
53       3.75438       3.74847    0.00579666
54       3.83501       3.75008    0.00590973
55       3.71766       3.74949    0.00583114
56       3.79411       3.75028    0.00578123
57       3.83588       3.75179    0.00587409
58       3.72276       3.75129    0.00579358
59       3.80684       3.75223    0.00577186
60       3.74801       3.75216    0.00567529
61       3.68294       3.75102    0.00569566
62       3.80375       3.75187    0.00566723
63       3.71009       3.75121    0.00561584
64       3.71075       3.75058    0.00556343
65       3.75914       3.75071    0.00547876
66        3.7573       3.75081    0.00539603
67       3.73945       3.75064    0.00531759
68       3.69025       3.74975    0.00531354
69       3.76129       3.74992    0.00523863
70       3.74701       3.74988    0.00516342
71        3.7431       3.74978    0.00509107
72       3.72438       3.74943    0.00503225
73       3.72442       3.74909    0.00497465
74       3.76238       3.74927    0.00491025
75       3.78749       3.74978    0.00487108
76       3.75388       3.74983    0.00480686
77       3.76922       3.75008     0.0047507
78       3.64122       3.74869    0.00489267
79       3.75067       3.74871    0.00483041
80       3.71085       3.74824    0.00479307
81       3.75623       3.74834    0.00473456
82       3.76898       3.74859    0.00468324
83       3.77013       3.74885    0.00463375
84       3.75648       3.74894    0.00457915
85       3.69182       3.74827    0.00457458
86       3.70005       3.74771    0.00455571
87         3.784       3.74812    0.00452233
88       3.68864       3.74745    0.00452145
89       3.74843       3.74746    0.00447038
90       3.81194       3.74817    0.00447811
91       3.73888       3.74807    0.00442981
92       3.81315       3.74878    0.00443812
93        3.7278       3.74855    0.00439593
94       3.70102       3.74805    0.00437822
95        3.7004       3.74755    0.00436082
96        3.8377       3.74849    0.00441617
97        3.7138       3.74813    0.00438501
98       3.67832       3.74742     0.0043981
99       3.72989       3.74724    0.00435705
100       3.76318        3.7474     0.0043162
1       6.01405       6.01405             0
2       6.11808       6.06607     0.0520178
3       5.88394       6.00536     0.0677317
4       5.98431        6.0001     0.0481816
5       6.10475       6.02103     0.0427898
6       6.18043       6.04759     0.0438912
7       6.08841       6.05342     0.0375504
8        5.9853       6.04491      0.033616
9       5.97413       6.03704      0.030672
10       6.01333       6.03467     0.0275361
11       6.06846       6.03774      0.025096
12       6.03271       6.03732     0.0229133
13       5.95936       6.03133     0.0219138
14        6.2015       6.04348     0.0236509
15       6.03762       6.04309     0.0220212
16       6.12989       6.04852     0.0213013
17       6.03472        6.0477     0.0200255
18       5.94502         6.042     0.0197232
19       6.18116       6.04932     0.0200426
20       5.98658       6.04619     0.0192711
21       5.96018       6.04209     0.0187825
22        6.0133       6.04078     0.0179562
23       6.09807       6.04327     0.0173375
24       5.89291       6.03701     0.0177423
25        6.1798       6.04272     0.0179508
26       6.18142       6.04805     0.0180527
27       6.13693       6.05135     0.0176803
28       5.96556       6.04828     0.0173105
29        6.1777       6.05275     0.0172888
30       5.94859       6.04927     0.0170596
31       6.06782       6.04987      0.016511
32       6.13177       6.05243     0.0161903
33        5.9733       6.05003     0.0158741
34       6.12588       6.05226     0.0155609
35       6.14797         6.055     0.0153552
36       5.92893        6.0515      0.015328
37       6.04847       6.05141     0.0149082
38       6.20147       6.05536     0.0150382
39       5.90412       6.05148     0.0151522
40       6.05189       6.05149     0.0147686
41       6.00496       6.05036     0.0144485
42       5.91226       6.04707     0.0144786
43       6.24216       6.05161      0.014848
44       6.06553       6.05193     0.0145101
45       6.00908       6.05097     0.0142159
46       6.10385       6.05212     0.0139509
47       6.03575       6.05177     0.0136553
48       5.94659       6.04958     0.0135462
49       6.00636        6.0487     0.0132961
50       6.10799       6.04989     0.0130813
51       6.16394       6.05212     0.0130158
52       6.02199       6.05154     0.0127762
53       6.00478       6.05066     0.0125639
54        6.1583       6.05265     0.0124891
55       5.96224       6.05101     0.0123697
56        6.0683       6.05132     0.0121507
57       6.15003       6.05305     0.0120606
58       6.07389       6.05341     0.0118563
59       6.04043       6.05319     0.0116557
60        6.1216       6.05433     0.0115163
61       6.02553       6.05386     0.0113358
62       6.00689        6.0531     0.0111772
63       6.08892       6.05367      0.011013
64        6.1379       6.05499     0.0109192
65       6.02781       6.05457      0.010758
66       6.12899       6.05569     0.0106536
67       6.02691       6.05527     0.0105022
68       6.23032       6.05784      0.010662
69       5.95554       6.05636     0.0106105
70       6.01099       6.05571     0.0104779
71       6.14441       6.05696     0.0104045
72       6.04377       6.05678     0.0102606
73       6.09537        6.0573     0.0101329
74       5.96472       6.05605      0.010073
75       5.95658       6.05473     0.0100259
76       6.24308        6.0572     0.0101988
77       6.15098       6.05842     0.0101389
78       6.04742       6.05828     0.0100091
79       6.03696       6.05801    0.00988524
80       6.07364       6.05821    0.00976285
81       6.15384       6.05939    0.00971359
82       5.93284       6.05784    0.00971772
83        6.0681       6.05797    0.00960072
84        6.0958       6.05842    0.00949642
85       6.15347       6.05954    0.00945042
86       6.07637       6.05973    0.00934194
87       5.91884       6.05811    0.00937487
88       6.07447        6.0583    0.00926958
89       5.98941       6.05752    0.00919747
90       6.01996       6.05711    0.00910427
91       5.88421       6.05521    0.00920196
92       5.97192        6.0543     0.0091463
93       6.01141       6.05384    0.00905917
94       6.07129       6.05403     0.0089642
95       6.00041       6.05346    0.00888728
96       6.08468       6.05379    0.00880023
97       5.99795       6.05321    0.00872803
98       6.04466       6.05312    0.00863895
99       6.00413       6.05263    0.00856556
100       6.00602       6.05216    0.00849227
1       8.43249       8.43249             0
2       8.22926       8.33087      0.101614
3       8.08598       8.24924      0.100525
4       8.05815       8.20147     0.0856436
5       8.27896       8.21697     0.0681256
6        8.2512       8.22267     0.0559162
7       8.06335       8.19991     0.0524531
8        8.3186       8.21475      0.047787
9        8.2049       8.21366     0.0421583
10       8.36846       8.22914     0.0407616
11       8.01262       8.20945     0.0417954
12       8.09901       8.20025      0.039248
13       8.20298       8.20046     0.0361035
14       8.08283       8.19206     0.0344651
15       8.27456       8.19756     0.0325533
16       8.04361       8.18794     0.0319348
17        8.1731       8.18706     0.0300102
18       8.34496       8.19584     0.0296226
19       8.32125       8.20244     0.0287871
20       8.39922       8.21227     0.0290282
21       8.14624       8.20913     0.0277898
22       8.36596       8.21626     0.0274387
23        8.0923       8.21087     0.0267668
24       8.53429       8.22435     0.0289543
25       8.22603       8.22441     0.0277721
26       8.21053       8.22388     0.0266879
27       8.26316       8.22533     0.0257216
28       8.17421       8.22351     0.0248531
29       8.19038       8.22237      0.024008
30       8.24662       8.22317      0.023208
31       8.24066       8.22374      0.022454
32       8.23183       8.22399     0.0217424
33       8.05541       8.21888     0.0216837
34        8.1804       8.21775     0.0210667
35         8.097        8.2143     0.0207448
36       8.16118       8.21283     0.0202142
37       8.04144       8.20819     0.0201986
38       8.46757       8.21502     0.0208111
39       8.05536       8.21092     0.0206797
40       8.33796        8.2141     0.0204047
41       8.51276       8.22139     0.0211922
42       8.18592       8.22054     0.0206987
43       8.23455       8.22087     0.0202142
44        8.1244       8.21867     0.0198707
45       8.41993       8.22315     0.0199324
46       8.25294       8.22379      0.019505
47       8.06065       8.22032     0.0193986
48       8.25876       8.22112      0.019007
49       7.93809       8.21535     0.0194907
50       8.11986       8.21344     0.0191922
51       8.11251       8.21146     0.0189159
52       8.23606       8.21193     0.0185546
53       8.22821       8.21224     0.0182037
54       8.27121       8.21333     0.0178968
55       8.38168       8.21639      0.017833
56       8.36631       8.21907     0.0177151
57       8.28169       8.22017     0.0174362
58       8.40432       8.22334     0.0174247
59       8.00977       8.21972     0.0175052
60       8.21853        8.2197     0.0172109
61       8.25868       8.22034     0.0169385
62       8.32433       8.22202     0.0167473
63       8.28873       8.22308     0.0165133
64       8.32968       8.22474     0.0163383
65       8.09712       8.22278     0.0162044
66       8.16201       8.22186     0.0159835
67       8.30613       8.22312     0.0157933
68       8.22715       8.22318     0.0155595
69       8.03359       8.22043     0.0155765
70       8.36795       8.22254     0.0154964
71       8.23272       8.22268     0.0152772
72       8.19791       8.22234     0.0150675
73        8.3012       8.22342     0.0148989
74       8.27122       8.22406     0.0147103
75       8.38187       8.22617     0.0146646
76       8.33357       8.22758     0.0145392
77       8.00735       8.22472     0.0146314
78       8.15552       8.22383     0.0144699
79       8.20128       8.22355     0.0142884
80       8.38432       8.22556      0.014251
81        8.1416       8.22452     0.0141121
82       8.30607       8.22551     0.0139744
83       8.10138       8.22402     0.0138858
84       8.39948       8.22611     0.0138776
85       8.22593       8.22611     0.0137133
86       7.90499       8.22237     0.0140579
87       8.12101       8.22121     0.0139441
88        8.2938       8.22203     0.0138094
89       8.15153       8.22124     0.0136763
90       8.21975       8.22122     0.0135235
91       8.18549       8.22083     0.0133799
92       7.97083       8.21811     0.0135097
93       8.37466        8.2198     0.0134693
94        8.1912       8.21949     0.0133287
95       8.08385       8.21806     0.0132647
96       7.95503       8.21532     0.0134087
97        8.1795       8.21495     0.0132749
98       8.60613       8.21895     0.0137317
99       8.09422       8.21769     0.0136505
100        8.2713       8.21822      0.013524
1       11.7252       11.7252             0
2       11.9645       11.8449      0.119625
3       11.8804       11.8567      0.070071
4       11.7591       11.8323     0.0552346
5       12.0344       11.8727     0.0588559
6       11.9419       11.8842     0.0494212
7       11.6671       11.8532     0.0520281
8       11.8869       11.8574      0.045254
9       11.7471       11.8452     0.0417519
10       11.6361       11.8243     0.0427993
11       11.8343       11.8252     0.0387242
12       11.5878       11.8054     0.0405065
13       12.2333       11.8383     0.0497162
14        11.754       11.8323     0.0464207
15       11.8737        11.835     0.0433033
16        11.733       11.8287     0.0410052
17       11.8852        11.832     0.0386608
18       11.7659       11.8283     0.0366343
19       11.7691       11.8252     0.0347926
20       12.2289       11.8454     0.0386898
21        11.883       11.8472     0.0368449
22       11.9683       11.8527     0.0355589
23       12.1492       11.8656     0.0363416
24       11.7495       11.8607     0.0351288
25       11.7575       11.8566     0.0339465
26       11.7433       11.8523     0.0329048
27       12.1753       11.8642     0.0338474
28       11.8177       11.8626     0.0326584
29       11.7138       11.8574     0.0319271
30       12.2438       11.8703      0.033425
31       12.0012       11.8745     0.0326036
32        11.641       11.8672     0.0324007
33       11.6887       11.8618      0.031866
34       12.0356       11.8669     0.0313344
35       11.7737       11.8643     0.0305423
36       11.9542       11.8668     0.0297868
37       12.0429       11.8715     0.0293591
38       11.9622       11.8739     0.0286755
39       11.9776       11.8766     0.0280568
40       12.0744       11.8815     0.0277902
41       11.7892       11.8793     0.0271973
42       11.8333       11.8782     0.0265644
43       11.7891       11.8761     0.0260219
44       12.0635       11.8804     0.0257778
45       11.6816       11.8759     0.0255828
46       11.8493       11.8754     0.0250272
47       11.8508       11.8748     0.0244945
48       12.0855       11.8792      0.024377
49       12.0029       11.8818     0.0240074
50       11.8311       11.8807     0.0235442
51       11.7106       11.8774     0.0233178
52       11.5386       11.8709     0.0237751
53       12.7152       11.8868     0.0282432
54       11.5214         11.88     0.0285293
55       12.1284       11.8846     0.0283675
56       11.8517        11.884     0.0278625
57       11.8977       11.8842     0.0273704
58       12.0393       11.8869     0.0270268
59       11.7442       11.8845     0.0266746
60       11.5554        11.879     0.0267935
61       11.8616       11.8787     0.0263521
62       11.9534       11.8799     0.0259516
63       11.4151       11.8725     0.0265808
64       12.1111       11.8763     0.0264265
65       12.1117       11.8799     0.0262676
66       11.2483       11.8703     0.0275798
67       12.0312       11.8727      0.027271
68       11.5673       11.8682     0.0272397
69       11.9953       11.8701     0.0269051
70       11.7463       11.8683     0.0265769
71       11.8208       11.8676     0.0262084
72        12.019       11.8697     0.0259272
73       11.3884       11.8631      0.026406
74       11.7123       11.8611     0.0261263
75       11.8886       11.8615     0.0257782
76       11.7792       11.8604     0.0254598
77       11.9586       11.8617     0.0251593
78       11.7048       11.8596      0.024916
79       11.7381       11.8581     0.0246466
80       12.0802       11.8609     0.0244945
81       12.0864       11.8637     0.0243499
82       12.0338       11.8657     0.0241405
83       12.1345        11.869     0.0240666
84       12.1311       11.8721     0.0239823
85       11.8658        11.872     0.0236986
86       11.8981       11.8723     0.0234234
87       11.8255       11.8718     0.0231588
88       11.6808       11.8696     0.0229968
89       11.8836       11.8698     0.0227375
90       12.0683        11.872     0.0225914
91       11.9311       11.8726     0.0223512
92       12.1174       11.8753     0.0222665
93       12.0153       11.8768     0.0220772
94       11.9491       11.8776     0.0218546
95       11.8832       11.8776     0.0216234
96       11.7745       11.8766     0.0214239
97       11.8485       11.8763     0.0212038
98       12.1953       11.8795     0.0212373
99       12.1287        11.882     0.0211719
100       11.7933       11.8811     0.0209778
1        31.016        31.016             0
2       32.4695       31.7428      0.726749
3       31.3567       31.6141      0.438881
4       31.2883       31.5326      0.320844
5       33.1143        31.849      0.402283
6       32.1854        31.905      0.333215
7       32.2814       31.9588      0.286705
8       31.2604       31.8715      0.263193
9       31.6877       31.8511      0.233011
10       31.1882       31.7848      0.218699
11       32.5779       31.8569       0.21055
12       32.3429       31.8974      0.196426
13       32.1051       31.9134      0.181391
14        32.412        31.949       0.17167
15        31.801       31.9391      0.160121
16       32.4137       31.9688      0.152689
17       31.4712       31.9395      0.146382
18       30.7494       31.8734       0.15303
19       30.6038       31.8066       0.15943
20       32.0768       31.8201      0.151851
21       32.0564       31.8313      0.144877
22        31.538        31.818      0.138776
23       33.0851       31.8731      0.143594
24       32.1473       31.8845      0.137955
25       31.7356       31.8786      0.132456
26       32.4625        31.901      0.129226
27       33.4378       31.9579      0.136755
28       31.0817       31.9267      0.135445
29       31.4442         31.91      0.131746
30       31.6947       31.9028      0.127481
31       32.6329       31.9264      0.125529
32       30.6639       31.8869      0.127786
33       32.2323       31.8974      0.124295
34       30.6546       31.8608      0.126002
35       32.6856       31.8844      0.124598
36       30.9339        31.858      0.123932
37       31.1184        31.838      0.122182
38       31.4564        31.828      0.119347
39       31.9947       31.8323      0.116325
40       32.8411       31.8575      0.116151
41       32.0053       31.8611       0.11334
42       31.5555       31.8538      0.110848
43       32.3418       31.8652      0.108833
44       31.2341       31.8508      0.107293
45       32.4173       31.8634      0.105635
46       31.3576       31.8524      0.103897
47       33.0702       31.8783      0.104912
48       32.1071       31.8831      0.102814
49       30.8919       31.8629      0.102705
50        31.805       31.8617      0.100637
51       32.5524       31.8752     0.0995693
52       31.9332       31.8764     0.0976421
53       31.8847       31.8765     0.0957822
54       31.7997       31.8751     0.0940025
55       31.6955       31.8718     0.0923353
56        32.351       31.8804     0.0910744
57       34.0181       31.9179     0.0970051
58       31.6988       31.9141     0.0953928
59       31.6452       31.9095     0.0938727
60       31.3211       31.8997     0.0928146
61       33.0316       31.9183     0.0931472
62       32.7074        31.931     0.0925122
63       32.0744       31.9333     0.0910604
64       32.4757       31.9418     0.0900261
65       32.1647       31.9452     0.0886966
66       32.8773       31.9593     0.0884768
67       31.7097       31.9556     0.0872259
68       30.9743       31.9412     0.0871369
69       31.1077       31.9291     0.0867102
70       30.3457       31.9065     0.0884054
71       31.3183       31.8982     0.0875442
72       31.3065         31.89     0.0867099
73       32.4744        31.898     0.0858878
74       32.1982        31.902     0.0848163
75       30.9144       31.8889     0.0847075
76       32.8517       31.9015     0.0845402
77       33.1405       31.9176     0.0849724
78       31.1039       31.9072     0.0845222
79       31.5928       31.9032     0.0835403
80       32.2365       31.9074     0.0825946
81       32.0789       31.9095      0.081596
82       31.1613       31.9004     0.0811096
83       31.6037       31.8968     0.0802061
84       31.7169       31.8947     0.0792745
85       32.4558       31.9013     0.0786139
86       31.8384       31.9005     0.0776979
87       32.1548       31.9034     0.0768552
88       31.3393        31.897     0.0762468
89        31.572       31.8934     0.0754737
90       33.0449       31.9062     0.0757192
91       31.7872       31.9049     0.0748939
92         32.54       31.9118     0.0743964
93       31.8818       31.9115     0.0735928
94        32.436        31.917     0.0730193
95       32.4517       31.9227     0.0724654
96       31.1911        31.915     0.0721104
97       31.1034       31.9067      0.071852
98       33.0083       31.9179     0.0719979
99       31.8236        31.917     0.0712733
100       31.9027       31.9168     0.0705571
1       89.6189       89.6189             0
2        90.822       90.2204      0.601511
3       90.3093       90.2501      0.348545
4       89.6465       90.0992      0.288987
5       91.7621       90.4318      0.400893
6        91.354       90.5855      0.361622
7       91.5026       90.7165      0.332528
8       90.5689        90.698      0.288568
9       90.7009       90.6984      0.254493
10       90.3272       90.6612      0.230631
11       89.7193       90.5756      0.225506
12       91.4314       90.6469      0.217861
13       90.0573       90.6016      0.205471
14       91.3298       90.6536      0.197212
15       89.8808       90.6021      0.190686
16       89.7052        90.546       0.18697
17       89.9615       90.5116      0.178961
18       91.6342        90.574      0.179882
19       90.4023        90.565      0.170392
20       92.4369       90.6586      0.186791
21       89.9924       90.6268      0.180483
22       91.9553       90.6872      0.182371
23       89.7379       90.6459      0.179084
24       88.6777       90.5639      0.190063
25       91.7048       90.6096      0.187927
26       87.3978        90.486      0.218768
27       89.1988       90.4384      0.215841
28       90.1257       90.4272      0.208289
29       91.5701       90.4666      0.204806
30       90.7618       90.4764      0.198105
31       90.6392       90.4817       0.19168
32       90.1563       90.4715      0.185872
33       89.9967       90.4571      0.180725
34       90.5744       90.4606      0.175363
35       90.9768       90.4753      0.170917
36       89.6242       90.4517      0.167775
37       89.4383       90.4243       0.16546
38       91.3471       90.4486      0.162868
39        91.774       90.4826      0.162236
40       90.9984       90.4955      0.158653
41       89.7335       90.4769      0.155847
42       89.7557       90.4597      0.153058
43       89.1021       90.4281      0.152754
44       91.4204       90.4507      0.150937
45       91.4307       90.4725      0.149143
46       91.0291       90.4846      0.146366
47       91.5876        90.508      0.145128
48        90.175       90.5011      0.142242
49       91.6302       90.5241      0.141201
50       90.7117       90.5279      0.138399
51       90.3361       90.5241       0.13571
52       91.8638       90.5499      0.135546
53       91.3567       90.5651      0.133832
54       89.5072       90.5455      0.132784
55       90.6865       90.5481      0.130372
56       90.1556       90.5411      0.128215
57       92.0751        90.568      0.128789
58       91.0044       90.5755      0.126772
59       91.2051       90.5862      0.125061
60       89.9134        90.575      0.123469
61       90.2006       90.5688      0.121583
62       88.9596       90.5429       0.12239
63       88.7852        90.515      0.123621
64       89.4934        90.499      0.122717
65        89.424       90.4825      0.121941
66       91.4492       90.4971      0.120969
67       91.1948       90.5075      0.119604
68       91.6486       90.5243      0.119021
69       90.9619       90.5307      0.117455
70       91.6957       90.5473      0.116955
71       89.3382       90.5303      0.116547
72       90.5071         90.53      0.114917
73       90.7481       90.5329      0.113371
74       89.8605       90.5239      0.112198
75        90.056       90.5176      0.110867
76       89.9045       90.5096      0.109696
77       91.6607       90.5245      0.109289
78       90.6699       90.5264      0.107895
79       90.4066       90.5249      0.106531
80       90.1198       90.5198      0.105313
81       91.0043       90.5258      0.104176
82       87.4802       90.4886      0.109396
83       91.1736       90.4969      0.108385
84       89.5729       90.4859       0.10765
85       89.7283        90.477      0.106749
86       90.5501       90.4778      0.105504
87        90.627       90.4795      0.104298
88       90.3067       90.4776      0.103125
89       90.7413       90.4805      0.102002
90       90.5354       90.4811      0.100864
91       91.6171       90.4936      0.100528
92       91.0532       90.4997     0.0996151
93       89.5009        90.489     0.0991217
94       89.8232       90.4819      0.098317
95       89.1495       90.4679     0.0982825
96       88.6818       90.4493     0.0990169
97       91.9499       90.4647     0.0992046
98       89.9761       90.4597     0.0983136
99       90.8104       90.4633     0.0973799
100       92.3031       90.4817     0.0981411
1       90.9427       90.9427             0
2       89.8508       90.3967      0.545954
3       91.9243       90.9059      0.598861
4       91.5349       91.0632      0.451709
5       91.4095       91.1324      0.356682
6       88.4411       90.6839      0.534806
7       88.7743       90.4111      0.527935
8       91.2564       90.5168      0.469257
9       91.2315       90.5962      0.421397
10       89.9985       90.5364      0.381618
11       89.8537       90.4744      0.350722
12       90.8829       90.5084      0.321969
13       90.1544       90.4812      0.297418
14       90.2104       90.4618      0.276034
15       89.5497        90.401       0.26407
16       90.4931       90.4068      0.247082
17       89.2732       90.3401      0.241481
18       90.6351       90.3565       0.22826
19       91.2287       90.4024      0.220739
20       90.0817       90.3863      0.210024
21       91.0398       90.4175      0.202181
22       90.8855       90.4387      0.193943
23       89.9863       90.4191      0.186359
24       89.7113       90.3896      0.180846
25       91.2253        90.423      0.176653
26       88.8757       90.3635      0.179855
27       91.3711       90.4008      0.177043
28       89.5877       90.3718      0.173057
29       91.0522       90.3952      0.168623
30       89.9298       90.3797      0.163643
31       90.3574        90.379      0.158278
32       90.4978       90.3827      0.153297
33       89.1832       90.3464      0.152961
34       91.4353       90.3784       0.15181
35       92.0775       90.4269      0.155197
36       90.5438       90.4302       0.15086
37       90.1488       90.4226      0.146923
38       88.7096       90.3775       0.14994
39       90.1565       90.3718      0.146155
40       91.0367       90.3885      0.143421
41       90.0034       90.3791      0.140194
42       88.6772       90.3385       0.14269
43       90.6761       90.3464      0.139553
44       89.4052        90.325      0.138012
45       91.0616       90.3414        0.1359
46       89.9601       90.3331      0.133171
47       87.8661       90.2806      0.140481
48       87.2536       90.2175      0.151292
49       89.8395       90.2098      0.148373
50       90.7317       90.2203       0.14575
51       90.7625       90.2309      0.143258
52       92.0269       90.2654       0.14466
53       91.5161        90.289      0.143853
54       91.2163       90.3062      0.142205
55       90.3071       90.3062      0.139595
56       91.4998       90.3275      0.138727
57       91.4604       90.3474      0.137713
58       88.8773       90.3221      0.137671
59       90.2144       90.3202       0.13533
60       91.0261        90.332      0.133574
61       90.8207         90.34      0.131611
62       90.3506       90.3402      0.129471
63       89.6683       90.3295      0.127845
64       90.7958       90.3368      0.126042
65       92.2932       90.3669      0.127686
66       89.1079       90.3478      0.127175
67       89.8674       90.3407      0.125468
68       91.2247       90.3537       0.12429
69       91.0037       90.3631      0.122838
70       90.9519       90.3715      0.121362
71       91.8289        90.392      0.121389
72       90.7214       90.3966      0.119778
73        89.209       90.3803      0.119241
74       86.3288       90.3256      0.129737
75       90.2371       90.3244      0.128001
76       89.6514       90.3155      0.126615
77       90.3016       90.3154       0.12496
78       88.5298       90.2925      0.125454
79       90.3976       90.2938      0.123863
80       91.7234       90.3117      0.123604
81       91.7837       90.3298      0.123413
82       88.6204        90.309      0.123669
83       90.5932       90.3124      0.122218
84        90.818       90.3184      0.120904
85        91.815        90.336      0.120763
86       90.4282       90.3371      0.119356
87       90.6031       90.3402      0.118015
88       90.5134       90.3421      0.116683
89       91.7065       90.3575      0.116379
90         90.92       90.3637      0.115248
91       89.9845       90.3596      0.114051
92       90.0554       90.3562      0.112853
93       92.2632       90.3768        0.1135
94       91.0129       90.3835       0.11249
95       90.2852       90.3825      0.111304
96       90.8355       90.3872       0.11024
97       90.5765       90.3892      0.109115
98       90.9822       90.3952      0.108165
99        90.074        90.392      0.107116
100       92.0669       90.4087      0.107354
1       31.7387       31.7387             0
2         31.78       31.7594     0.0206206
3       31.1447       31.5545      0.205221
4       32.1169       31.6951      0.202064
5       33.4692       32.0499      0.387813
6       30.9355       31.8642      0.367101
7       31.9198       31.8721      0.310359
8       31.4654       31.8213      0.273545
9        31.042       31.7347      0.256311
10       31.1089       31.6721      0.237641
11       31.0671       31.6171      0.221879
12       33.1164       31.7421      0.237982
13       32.2314       31.7797      0.222123
14       32.4436       31.8271      0.211043
15       32.1128       31.8462      0.197392
16       33.1623       31.9284      0.202138
17       31.9716        31.931      0.189893
18       32.5955       31.9679      0.182799
19       31.5546       31.9461      0.174274
20       31.3219       31.9149      0.168251
21       32.6082       31.9479      0.163408
22        31.765       31.9396      0.156025
23       31.9749       31.9412      0.149095
24       32.6015       31.9687      0.145376
25       32.0293       31.9711      0.139461
26       31.5931       31.9566      0.134776
27       32.2049       31.9658      0.130014
28       31.2267       31.9394      0.128035
29       33.2136       31.9833      0.131122
30       30.7249       31.9414      0.133441
31       31.1249        31.915      0.131724
32        31.592       31.9049       0.12794
33       31.4298       31.8905      0.124835
34       32.6981       31.9143      0.123416
35       31.4919       31.9022      0.120444
36       31.2023       31.8828      0.118654
37       31.9831       31.8855      0.115434
38       31.6388        31.879      0.112543
39       32.3982       31.8923      0.110424
40       31.1046       31.8726      0.109415
41       31.9942       31.8756      0.106755
42        32.658       31.8942      0.105834
43       31.7296       31.8904      0.103415
44       32.9086       31.9135      0.103653
45        32.694       31.9309      0.102797
46       31.0152        31.911      0.102489
47       30.5599       31.8822      0.104324
48       30.1379       31.8459      0.108399
49       32.2731       31.8546      0.106522
50       30.7581       31.8327      0.106648
51       31.2586       31.8214       0.10514
52       31.3921       31.8131      0.103429
53       32.6206       31.8284      0.102596
54       31.9067       31.8298      0.100689
55       32.1264       31.8352      0.098988
56       31.4407       31.8282     0.0974593
57       31.8532       31.8286     0.0957352
58       31.1629       31.8171     0.0947679
59       31.6712       31.8147     0.0931806
60       32.7917        31.831     0.0930504
61        32.703       31.8452     0.0926221
62       32.4319       31.8547     0.0916059
63        32.636       31.8671     0.0909891
64       31.6906       31.8644     0.0895985
65       33.1649       31.8844     0.0904501
66       32.2227       31.8895     0.0892165
67       30.9735       31.8758      0.088932
68       31.3239       31.8677     0.0879896
69       32.0606       31.8705       0.08675
70       32.3809       31.8778     0.0858121
71       32.4087       31.8853     0.0849248
72        31.818       31.8843     0.0837422
73       31.9992       31.8859      0.082602
74       31.0611       31.8748      0.082237
75        32.724       31.8861     0.0819195
76       31.6323       31.8827     0.0809033
77       30.6259       31.8664     0.0814971
78        31.745       31.8649     0.0804605
79       31.6654       31.8623     0.0794756
80       31.9112       31.8629     0.0784783
81       32.9733       31.8767     0.0787064
82       32.4221       31.8833     0.0780247
83       32.2876       31.8882     0.0772326
84       31.5197       31.8838     0.0764337
85       32.2475       31.8881     0.0756502
86       31.2464       31.8806     0.0751367
87       31.8849       31.8807      0.074268
88        31.818       31.8799     0.0734227
89       32.4534       31.8864     0.0728785
90       32.8048       31.8966     0.0727831
91       31.7272       31.8947     0.0720029
92       32.1178       31.8972     0.0712572
93       33.3175       31.9124     0.0721224
94       32.2845       31.9164     0.0714607
95       31.8254       31.9154      0.070711
96       31.1147       31.9071      0.070466
97       31.7439       31.9054      0.069756
98       32.6792       31.9133     0.0694906
99       32.4776        31.919     0.0690208
100       32.5152        31.925     0.0685868
1       12.0049       12.0049             0
2       11.7781       11.8915      0.113372
3       12.0357       11.9396     0.0812093
4       12.5404       12.0898      0.160805
5        11.565       11.9848      0.162876
6       11.6852       11.9349      0.142054
7       11.9861       11.9422      0.120281
8       11.9029       11.9373      0.104282
9       11.3735       11.8746      0.111275
10       11.6156       11.8487      0.102843
11       11.8579       11.8496     0.0930285
12       12.0634       11.8674     0.0867731
13       12.1677       11.8905      0.083095
14       12.1331       11.9078     0.0788584
15        11.772       11.8988     0.0739698
16       11.9796       11.9038     0.0693767
17       11.9223       11.9049     0.0651771
18       12.5688       11.9418     0.0716686
19       11.9753       11.9435     0.0678147
20       11.8103       11.9369     0.0646789
21       11.5293       11.9175     0.0645103
22         11.92       11.9176     0.0615082
23       11.7514       11.9104     0.0592157
24       12.0705        11.917     0.0570861
25       11.7681       11.9111      0.055078
26       11.5256       11.8963     0.0549551
27       11.6518       11.8872     0.0536502
28       11.5789       11.8762     0.0528585
29       12.2291       11.8884     0.0524348
30       11.7391       11.8834     0.0509004
31       11.9986       11.8871     0.0493713
32       11.7986       11.8843     0.0478835
33       12.1823       11.8934     0.0472802
34       11.8911       11.8933     0.0458686
35       11.9369       11.8945     0.0445562
36       11.6502       11.8878     0.0438295
37        11.752       11.8841     0.0427862
38       12.1174       11.8902     0.0420951
39       11.8237       11.8885     0.0410371
40       11.9821       11.8909     0.0400663
41       11.9084       11.8913     0.0390792
42       11.8026       11.8892     0.0381958
43       11.7516        11.886      0.037434
44          11.8        11.884     0.0366255
45       12.1048       11.8889      0.036137
46       11.9819        11.891     0.0354004
47       11.8806       11.8907     0.0346398
48       11.5776       11.8842     0.0345323
49        11.753       11.8815      0.033926
50       11.7789       11.8795     0.0333039
51        12.013       11.8821     0.0327492
52       11.8751        11.882     0.0321135
53       11.7882       11.8802     0.0315514
54       11.5422       11.8739     0.0315878
55       11.6751       11.8703     0.0312181
56       11.7638       11.8684     0.0307145
57       11.7612       11.8665     0.0302294
58        11.586       11.8617     0.0300949
59       11.7892       11.8605     0.0296059
60       11.8533       11.8604     0.0291085
61       12.1641       11.8653     0.0290573
62       11.9807       11.8672     0.0286452
63       11.9602       11.8687     0.0282255
64       12.0066       11.8708     0.0278645
65         11.95        11.872     0.0274595
66        11.718       11.8697     0.0271408
67       11.6085       11.8658     0.0270155
68       11.8471       11.8655     0.0266167
69       11.7726       11.8642     0.0262627
70       11.9453       11.8653     0.0259107
71       12.0401       11.8678     0.0256614
72       12.0576       11.8704     0.0254395
73       11.8842       11.8706     0.0250893
74       11.9451       11.8716     0.0247684
75        12.039       11.8739     0.0245376
76       11.5593       11.8697     0.0245638
77        12.068       11.8723     0.0243791
78       11.8659       11.8722     0.0240646
79       11.7735        11.871     0.0237909
80       11.6582       11.8683     0.0236417
81       11.8472       11.8681     0.0233495
82       11.9827       11.8695     0.0231053
83        11.964       11.8706     0.0228537
84       11.8986       11.8709     0.0225824
85       11.8294       11.8704     0.0223205
86       11.5692       11.8669     0.0223358
87       11.9809       11.8682     0.0221164
88       12.2041       11.8721     0.0221943
89       11.9276       11.8727     0.0219523
90       11.7592       11.8714     0.0217437
91       12.0086       11.8729     0.0215562
92       11.6226       11.8702     0.0214935
93       12.2337       11.8741     0.0216175
94       12.0234       11.8757     0.0214452
95       11.5182       11.8719     0.0215494
96       11.5971       11.8691     0.0215151
97       11.8949       11.8693     0.0212938
98       12.0145       11.8708     0.0211273
99       11.5421       11.8675     0.0211749
100       12.2065       11.8709     0.0212344
1       6.07183       6.07183             0
2       6.08381       6.07782    0.00599055
3       6.10351       6.08638    0.00923682
4       6.15714       6.10407     0.0188573
5       6.05986       6.09523     0.0170747
6       5.93967        6.0693     0.0294369
7       6.14336       6.07988     0.0270349
8        6.1364       6.08695     0.0244557
9       5.94906       6.07163     0.0264559
10       6.12405       6.07687     0.0242366
11       6.06115       6.07544     0.0219694
12       6.07285       6.07522     0.0200563
13       6.04186       6.07266     0.0186268
14       6.19966       6.08173     0.0194857
15       6.02627       6.07803     0.0185132
16       5.93063       6.06882     0.0196155
17       6.04489       6.06741     0.0184793
18       6.16467       6.07281      0.018241
19       6.11575       6.07507     0.0174016
20       6.02749        6.0727     0.0166791
21       5.86708        6.0629     0.0186431
22       6.11301       6.06518     0.0179208
23       6.12234       6.06767     0.0173033
24        6.1038       6.06917     0.0166349
25       6.07176       6.06928      0.015956
26       5.98875       6.06618     0.0156398
27       5.98045         6.063     0.0153807
28       6.04521       6.06237     0.0148348
29       6.12417        6.0645     0.0144719
30       5.97451        6.0615     0.0142994
31       6.02319       6.06026     0.0138855
32       6.22571       6.06543     0.0144044
33       6.06326       6.06537     0.0139613
34       5.99813       6.06339      0.013688
35       6.04761       6.06294     0.0132988
36       6.03962       6.06229     0.0129404
37       6.21135       6.06632     0.0132148
38       6.01239        6.0649     0.0129405
39       6.09701       6.06572     0.0126311
40       6.00709       6.06426     0.0123983
41       6.10922       6.06536     0.0121417
42       6.11614       6.06656     0.0119106
43       6.05465       6.06629     0.0116337
44       5.99909       6.06476     0.0114683
45       6.03944        6.0642     0.0112247
46       6.08667       6.06469     0.0109888
47       6.14513        6.0664     0.0108878
48       6.06136       6.06629     0.0106591
49       6.07799       6.06653     0.0104421
50       5.95562       6.06431     0.0104688
51       6.06699       6.06437     0.0102616
52        6.1766       6.06652     0.0102912
53       5.90895       6.06355     0.0105239
54       6.04764       6.06326     0.0103313
55       6.00354       6.06217     0.0101997
56       6.01296       6.06129     0.0100544
57       6.09196       6.06183    0.00989107
58       5.92423       6.05946     0.0100044
59       6.07474       6.05972    0.00983678
60       6.07963       6.06005    0.00967714
61       6.08689       6.06049    0.00952734
62       6.08724       6.06092    0.00938234
63       6.09732        6.0615    0.00925028
64       6.06814        6.0616    0.00910519
65       6.06755       6.06169    0.00896448
66        5.9311       6.05971    0.00904666
67       5.95683       6.05818    0.00904196
68       5.84873        6.0551    0.00942547
69       6.06444       6.05523    0.00928886
70       6.06632       6.05539    0.00915657
71        6.1688       6.05699    0.00916691
72       6.09338        6.0575    0.00905281
73       6.05631       6.05748    0.00892796
74       5.98701       6.05653    0.00885783
75        6.0789       6.05682    0.00874401
76       6.02416        6.0564    0.00863889
77       6.07202        6.0566    0.00852838
78       5.94566       6.05518    0.00853764
79       6.14281       6.05628    0.00850155
80       6.04736       6.05617    0.00839535
81       6.12523       6.05703    0.00833477
82       6.13239       6.05794    0.00828364
83        6.1184       6.05867    0.00821558
84       6.12799        6.0595    0.00815902
85       6.13217       6.06035    0.00810767
86       6.13907       6.06127    0.00806495
87       5.91824       6.05962    0.00813947
88       5.99826       6.05893     0.0080766
89       6.07687       6.05913    0.00798788
90       6.04442       6.05897    0.00790032
91       6.17307       6.06022    0.00791299
92       6.05763       6.06019    0.00782656
93       6.07556       6.06036    0.00774371
94       6.00096       6.05972     0.0076869
95       5.93049       6.05836    0.00772627
96       5.88409       6.05655    0.00785794
97       6.05687       6.05655     0.0077765
98       6.04471       6.05643    0.00769769
99       6.06206       6.05649    0.00761975
100       5.95346       6.05546     0.0076132
1       8.36905       8.36905             0
2       8.05661       8.21283       0.15622
3       8.25313       8.22626     0.0911885
4       8.40989       8.27217     0.0791527
5       8.13337       8.24441     0.0673032
6       8.09155       8.21893     0.0605711
7       8.38823       8.24312     0.0566174
8       8.20731       8.23864     0.0492359
9        8.0709          8.22     0.0472531
10       8.09356       8.20736     0.0441151
11       8.21342       8.20791     0.0399074
12       8.30697       8.21616      0.037354
13       8.44444       8.23372     0.0385874
14       8.43437       8.24806     0.0384925
15        8.2232        8.2464     0.0358728
16       8.11795       8.23837     0.0345029
17       8.20517       8.23642     0.0324686
18       8.53584       8.25305     0.0348396
19       8.26318       8.25359     0.0329592
20       8.20271       8.25104     0.0313712
21       7.98867       8.23855       0.03235
22       8.22112       8.23776     0.0308547
23       8.23657        8.2377     0.0294827
24       8.21888       8.23692     0.0282384
25       8.31941       8.24022     0.0272856
26       7.88883        8.2267     0.0294939
27       8.08161       8.22133     0.0288848
28       8.27241       8.22315     0.0278938
29       8.36163       8.22793     0.0273351
30       8.24354       8.22845     0.0264133
31       8.18485       8.22704     0.0255858
32       8.29971       8.22931     0.0248772
33       8.29738       8.23138     0.0241996
34       8.08816       8.22717     0.0238519
35        8.1878       8.22604     0.0231877
36       8.22597       8.22604     0.0225344
37       8.26218       8.22702     0.0219387
38       8.23504       8.22723     0.0213546
39       8.18368       8.22611     0.0208298
40       8.08109       8.22248     0.0206235
41       8.39712       8.22674     0.0205603
42        8.1902       8.22587     0.0200836
43        8.2713       8.22693     0.0196394
44       8.15258       8.22524     0.0192622
45       8.40358        8.2292     0.0192418
46       8.32055       8.23119     0.0189234
47       8.42699       8.23536     0.0189792
48       8.00366       8.23053     0.0191964
49       8.15804       8.22905     0.0188586
50       8.21734       8.22881     0.0184791
51        8.3135       8.23048     0.0181891
52       8.31639       8.23213     0.0179122
53       8.09848       8.22961      0.017751
54        8.0373       8.22604     0.0177795
55       8.21693       8.22588      0.017454
56       8.07957       8.22327     0.0173375
57       8.22663       8.22333     0.0170307
58       8.16536       8.22233     0.0167643
59       8.23543       8.22255     0.0164792
60       8.27587       8.22344     0.0162266
61       8.38028       8.22601     0.0161642
62        8.2419       8.22626     0.0159034
63       8.17371       8.22543     0.0156712
64       8.28516       8.22636     0.0154526
65       8.39247       8.22892     0.0154261
66       8.12503       8.22734     0.0152719
67        8.1758       8.22658     0.0150619
68       8.09311       8.22461      0.014968
69       8.21462       8.22447     0.0147502
70       8.17501       8.22376     0.0145551
71       8.33152       8.22528     0.0144287
72       8.23181       8.22537     0.0142272
73       8.16592       8.22456     0.0140545
74       8.17706       8.22391     0.0138782
75       8.22748       8.22396     0.0136919
76       8.22011       8.22391     0.0135107
77       8.18286       8.22338     0.0133447
78       8.25195       8.22374     0.0131776
79        8.4533       8.22665     0.0133303
80       8.10228        8.2251     0.0132541
81       8.28085       8.22578     0.0131075
82       8.40093       8.22792     0.0131217
83        8.1759       8.22729     0.0129778
84       8.33332       8.22856     0.0128844
85       8.19928       8.22821     0.0127365
86       8.11664       8.22691     0.0126542
87       8.15182       8.22605     0.0125377
88       8.22312       8.22602     0.0123944
89       8.43413       8.22836     0.0124755
90       8.21523       8.22821     0.0123369
91       8.34532        8.2295     0.0122683
92       8.09983       8.22809     0.0122158
93       8.37393       8.22966     0.0121851
94       8.17575       8.22908     0.0120684
95       8.14381       8.22818     0.0119744
96       8.11864       8.22704     0.0119038
97       8.27336       8.22752     0.0117901
98       8.22516        8.2275     0.0116692
99       8.05283       8.22573     0.0116847
100       8.23658       8.22584     0.0115678
1       6.07183       6.07183             0
2       6.08381       6.07782    0.00599055
3       6.10351       6.08638    0.00923682
4       6.15714       6.10407     0.0188573
5       6.05986       6.09523     0.0170747
6       5.93967        6.0693     0.0294369
7       6.14336       6.07988     0.0270349
8        6.1364       6.08695     0.0244557
9       5.94906       6.07163     0.0264559
10       6.12405       6.07687     0.0242366
11       6.06115       6.07544     0.0219694
12       6.07285       6.07522     0.0200563
13       6.04186       6.07266     0.0186268
14       6.19966       6.08173     0.0194857
15       6.02627       6.07803     0.0185132
16       5.93063       6.06882     0.0196155
17       6.04489       6.06741     0.0184793
18       6.16467       6.07281      0.018241
19       6.11575       6.07507     0.0174016
20       6.02749        6.0727     0.0166791
21       5.86708        6.0629     0.0186431
22       6.11301       6.06518     0.0179208
23       6.12234       6.06767     0.0173033
24        6.1038       6.06917     0.0166349
25       6.07176       6.06928      0.015956
26       5.98875       6.06618     0.0156398
27       5.98045         6.063     0.0153807
28       6.04521       6.06237     0.0148348
29       6.12417        6.0645     0.0144719
30       5.97451        6.0615     0.0142994
31       6.02319       6.06026     0.0138855
32       6.22571       6.06543     0.0144044
33       6.06326       6.06537     0.0139613
34       5.99813       6.06339      0.013688
35       6.04761       6.06294     0.0132988
36       6.03962       6.06229     0.0129404
37       6.21135       6.06632     0.0132148
38       6.01239        6.0649     0.0129405
39       6.09701       6.06572     0.0126311
40       6.00709       6.06426     0.0123983
41       6.10922       6.06536     0.0121417
42       6.11614       6.06656     0.0119106
43       6.05465       6.06629     0.0116337
44       5.99909       6.06476     0.0114683
45       6.03944        6.0642     0.0112247
46       6.08667       6.06469     0.0109888
47       6.14513        6.0664     0.0108878
48       6.06136       6.06629     0.0106591
49       6.07799       6.06653     0.0104421
50       5.95562       6.06431     0.0104688
51       6.06699       6.06437     0.0102616
52        6.1766       6.06652     0.0102912
53       5.90895       6.06355     0.0105239
54       6.04764       6.06326     0.0103313
55       6.00354       6.06217     0.0101997
56       6.01296       6.06129     0.0100544
57       6.09196       6.06183    0.00989107
58       5.92423       6.05946     0.0100044
59       6.07474       6.05972    0.00983678
60       6.07963       6.06005    0.00967714
61       6.08689       6.06049    0.00952734
62       6.08724       6.06092    0.00938234
63       6.09732        6.0615    0.00925028
64       6.06814        6.0616    0.00910519
65       6.06755       6.06169    0.00896448
66        5.9311       6.05971    0.00904666
67       5.95683       6.05818    0.00904196
68       5.84873        6.0551    0.00942547
69       6.06444       6.05523    0.00928886
70       6.06632       6.05539    0.00915657
71        6.1688       6.05699    0.00916691
72       6.09338        6.0575    0.00905281
73       6.05631       6.05748    0.00892796
74       5.98701       6.05653    0.00885783
75        6.0789       6.05682    0.00874401
76       6.02416        6.0564    0.00863889
77       6.07202        6.0566    0.00852838
78       5.94566       6.05518    0.00853764
79       6.14281       6.05628    0.00850155
80       6.04736       6.05617    0.00839535
81       6.12523       6.05703    0.00833477
82       6.13239       6.05794    0.00828364
83        6.1184       6.05867    0.00821558
84       6.12799        6.0595    0.00815902
85       6.13217       6.06035    0.00810767
86       6.13907       6.06127    0.00806495
87       5.91824       6.05962    0.00813947
88       5.99826       6.05893     0.0080766
89       6.07687       6.05913    0.00798788
90       6.04442       6.05897    0.00790032
91       6.17307       6.06022    0.00791299
92       6.05763       6.06019    0.00782656
93       6.07556       6.06036    0.00774371
94       6.00096       6.05972     0.0076869
95       5.93049       6.05836    0.00772627
96       5.88409       6.05655    0.00785794
97       6.05687       6.05655     0.0077765
98       6.04471       6.05643    0.00769769
99       6.06206       6.05649    0.00761975
100       5.95346       6.05546     0.0076132
1       3.76379       3.76379             0
2       3.82343       3.79361     0.0298172
3       3.74892       3.77871     0.0227652
4       3.80772       3.78597     0.0176557
5       3.73386       3.77554     0.0171946
6       3.70462       3.76372     0.0183528
7       3.80602       3.76977     0.0166461
8       3.75724        3.7682     0.0145007
9       3.76386       3.76772     0.0127975
10        3.7661       3.76756     0.0114476
11       3.80272       3.77075      0.010837
12       3.69591       3.76452     0.0116948
13       3.78664       3.76622     0.0108915
14       3.76905       3.76642     0.0100856
15       3.70828       3.76254     0.0101577
16       3.74434       3.76141    0.00956951
17        3.7542       3.76098    0.00899897
18       3.80424       3.76339    0.00881804
19       3.72918       3.76158    0.00853306
20       3.74578       3.76079    0.00813367
21       3.67923       3.75691    0.00865678
22       3.79886       3.75882    0.00847126
23       3.78206       3.75983    0.00815742
24        3.7778       3.76058    0.00784597
25       3.71225       3.75864    0.00776992
26       3.75638       3.75856     0.0074656
27       3.75478       3.75842    0.00718514
28       3.73315       3.75751    0.00698235
29       3.74565       3.75711    0.00674969
30       3.72704        3.7561    0.00659739
31       3.69492       3.75413    0.00667926
32       3.75903       3.75428    0.00646897
33       3.77873       3.75502     0.0063135
34       3.73983       3.75458    0.00614127
35       3.74565       3.75432    0.00596868
36       3.70504       3.75295    0.00595984
37       3.76274       3.75322    0.00580256
38       3.69443       3.75167    0.00585585
39       3.80274       3.75298    0.00585211
40       3.70796       3.75185    0.00581391
41       3.76904       3.75227    0.00568581
42       3.72093       3.75153    0.00559874
43       3.76295       3.75179    0.00547344
44       3.72569        3.7512     0.0053804
45       3.71409       3.75037    0.00532375
46        3.7291       3.74991    0.00522722
47       3.77501       3.75045     0.0051426
48       3.78032       3.75107    0.00507265
49       3.71735       3.75038    0.00501549
50       3.77393       3.75085    0.00493668
51        3.7403       3.75064    0.00484334
52        3.7667       3.75095    0.00475931
53       3.74526       3.75085    0.00466988
54       3.76265       3.75106     0.0045878
55       3.74889       3.75103    0.00450378
56       3.67495       3.74967    0.00462658
57       3.72877        3.7493    0.00455945
58       3.70604       3.74855     0.0045418
59       3.74307       3.74846    0.00446512
60       3.74146       3.74834    0.00439162
61       3.71232       3.74775    0.00435923
62       3.72046       3.74731    0.00431088
63       3.74532       3.74728    0.00424202
64       3.73338       3.74706    0.00418086
65       3.76772       3.74738    0.00412828
66       3.69951       3.74666    0.00412945
67        3.7263       3.74635    0.00407868
68        3.6705       3.74524    0.00417022
69       3.74324       3.74521    0.00410944
70       3.72119       3.74487    0.00406482
71       3.81168       3.74581    0.00411618
72       3.74874       3.74585    0.00405881
73       3.73583       3.74571    0.00400518
74       3.67674       3.74478    0.00405912
75       3.82802       3.74589    0.00415561
76       3.69006       3.74515    0.00416584
77       3.75576       3.74529    0.00411369
78       3.71918       3.74496    0.00407439
79       3.77328       3.74532    0.00403843
80        3.7685        3.7456    0.00399815
81       3.80834       3.74638    0.00402373
82       3.75506       3.74649    0.00397577
83       3.74066       3.74642    0.00392821
84       3.75326        3.7465    0.00388202
85       3.74596       3.74649    0.00383608
86        3.8105       3.74723    0.00386359
87       3.67794       3.74644    0.00390111
88       3.77506       3.74676    0.00387022
89       3.75115       3.74681     0.0038268
90       3.71282       3.74644    0.00380285
91       3.74753       3.74645    0.00376084
92       3.74428       3.74642    0.00371981
93       3.78216       3.74681    0.00369961
94        3.7378       3.74671    0.00366129
95        3.7103       3.74633    0.00364277
96       3.65962       3.74543    0.00371608
97       3.77155       3.74569    0.00368741
98        3.7187       3.74542    0.00365997
99       3.82607       3.74623    0.00371328
100       3.74393       3.74621    0.00367603
1       2.61199       2.61199             0
2       2.61819       2.61509     0.0030976
3       2.57983       2.60333     0.0118894
4       2.60729       2.60432    0.00846503
5       2.58652       2.60076    0.00746143
6       2.60855       2.60206     0.0062291
7       2.61192       2.60347    0.00544975
8       2.61534       2.60495    0.00494752
9       2.62191       2.60684    0.00475278
10       2.57421       2.60358     0.0053587
11       2.58791       2.60215    0.00505201
12       2.59748       2.60176    0.00462825
13       2.62753       2.60374    0.00469608
14       2.62299       2.60512    0.00455992
15       2.58609       2.60385    0.00443049
16       2.58698        2.6028     0.0042764
17       2.60989       2.60321    0.00403859
18       2.62433       2.60439     0.0039842
19       2.60979       2.60467    0.00377939
20       2.62079       2.60548    0.00367489
21       2.56551       2.60357    0.00397997
22       2.62783       2.60468    0.00395165
23       2.58314       2.60374    0.00389028
24       2.62944       2.60481     0.0038755
25       2.56505       2.60322    0.00404312
26       2.61326       2.60361    0.00390365
27       2.62406       2.60436    0.00383191
28       2.60032       2.60422    0.00369534
29       2.59894       2.60404    0.00357028
30       2.59322       2.60368    0.00346803
31       2.57461       2.60274    0.00348292
32       2.61677       2.60318    0.00340072
33        2.6309       2.60402    0.00340142
34       2.59175       2.60366    0.00331951
35       2.64141       2.60474    0.00339896
36       2.59083       2.60435     0.0033257
37       2.61833       2.60473    0.00325655
38        2.5585       2.60351    0.00339514
39        2.6398       2.60444    0.00343538
40       2.60301       2.60441    0.00334858
41       2.63639       2.60519    0.00335777
42       2.59737         2.605    0.00328213
43       2.61127       2.60515    0.00320821
44       2.59004        2.6048    0.00315318
45       2.59178       2.60451    0.00309586
46       2.59741       2.60436    0.00303175
47       2.61868       2.60466    0.00298216
48       2.61142        2.6048    0.00292277
49       2.59442       2.60459    0.00287033
50       2.64131       2.60533    0.00290663
51       2.59902        2.6052    0.00285175
52       2.61825       2.60545     0.0028076
53       2.60598       2.60546    0.00275413
54       2.59924       2.60535     0.0027051
55       2.62842       2.60577    0.00268838
56       2.54496       2.60468    0.00285452
57       2.58962       2.60442    0.00281642
58       2.59793       2.60431    0.00276969
59       2.61128       2.60442    0.00272491
60        2.6156       2.60461    0.00268557
61       2.58476       2.60428    0.00266114
62       2.59118       2.60407    0.00262639
63       2.60573        2.6041     0.0025845
64       2.60144       2.60406    0.00254414
65       2.62762       2.60442     0.0025308
66        2.5941       2.60426    0.00249706
67       2.60178       2.60423    0.00245979
68        2.5799       2.60387    0.00244961
69       2.60518       2.60389    0.00241393
70       2.60513       2.60391    0.00237926
71       2.63661       2.60437    0.00239031
72       2.61052       2.60445    0.00235842
73       2.58004       2.60412    0.00234981
74          2.56       2.60352    0.00239328
75       2.65308       2.60418    0.00245185
76       2.57375       2.60378    0.00245228
77       2.62189       2.60402    0.00243163
78       2.58835       2.60382    0.00240864
79       2.59655       2.60372    0.00237974
80        2.6396       2.60417    0.00239221
81       2.61491        2.6043     0.0023662
82        2.6332       2.60466    0.00236358
83       2.59916       2.60459    0.00233587
84       2.61461       2.60471    0.00231098
85       2.61021       2.60478    0.00228454
86       2.63146       2.60509    0.00227904
87        2.5881       2.60489    0.00226114
88       2.61079       2.60496     0.0022363
89       2.60159       2.60492    0.00221136
90       2.57463       2.60458     0.0022124
91       2.62362       2.60479    0.00219793
92       2.60587        2.6048    0.00217394
93       2.61573       2.60492    0.00215364
94       2.61043       2.60498    0.00213142
95        2.6104       2.60504    0.00210963
96       2.56458       2.60462    0.00212965
97       2.59082       2.60447    0.00211238
98       2.59356       2.60436    0.00209368
99       2.63956       2.60472     0.0021027
100       2.59869       2.60466    0.00208244
1       1.94644       1.94644             0
2       1.94347       1.94495    0.00148141
3       1.94264       1.94418    0.00115065
4       1.96456       1.94928    0.00515969
5       1.93679       1.94678    0.00471263
6       1.95779       1.94862    0.00426291
7       1.93915       1.94726    0.00384846
8       1.94792       1.94735    0.00333388
9       1.94418       1.94699    0.00296116
10       1.92622       1.94492    0.00336599
11       1.95359       1.94571    0.00314511
12        1.9277       1.94421    0.00323953
13        1.9574       1.94522    0.00314803
14       1.96391       1.94656    0.00320574
15       1.94437       1.94641    0.00298794
16       1.94976       1.94662    0.00280278
17       1.94583       1.94657    0.00263316
18       1.94879        1.9467    0.00248561
19       1.95446        1.9471     0.0023864
20        1.9635       1.94792    0.00240785
21       1.93137       1.94714    0.00242215
22       1.95006       1.94727    0.00231326
23       1.94408       1.94713    0.00221473
24       1.91867       1.94595    0.00242952
25       1.90971        1.9445    0.00274436
26       1.92612       1.94379    0.00272981
27       1.96305        1.9445    0.00272186
28       1.91923        1.9436    0.00277376
29       1.95089       1.94385    0.00268818
30       1.95048       1.94407    0.00260643
31       1.95145       1.94431    0.00253216
32       1.97493       1.94527    0.00263186
33       1.94817       1.94535    0.00255237
34       1.94496       1.94534    0.00247619
35       1.95527       1.94563    0.00242106
36       1.93219       1.94525    0.00238226
37       1.94775       1.94532    0.00231796
38       1.90656        1.9443    0.00247604
39       1.94397       1.94429    0.00241173
40       1.95778       1.94463    0.00237473
41       1.96237       1.94506    0.00235617
42       1.93035       1.94471    0.00232591
43       1.94239       1.94466    0.00227181
44       1.94653        1.9447    0.00221999
45       1.93333       1.94445    0.00218475
46       1.94633       1.94449    0.00213712
47       1.94546       1.94451    0.00209126
48       1.95561       1.94474    0.00206026
49       1.94099       1.94466    0.00201923
50       1.96909       1.94515    0.00203784
51       1.92687       1.94479     0.0020294
52       1.95564         1.945     0.0020009
53       1.95599       1.94521    0.00197371
54       1.95143       1.94533    0.00194023
55       1.95157       1.94544    0.00190801
56       1.91296       1.94486    0.00196135
57       1.94163        1.9448    0.00192747
58        1.9532       1.94495    0.00189948
59       1.94588       1.94496    0.00186707
60       1.94272       1.94493    0.00183607
61       1.93069       1.94469    0.00182073
62       1.95078       1.94479    0.00179381
63       1.94369       1.94477    0.00176519
64       1.95277        1.9449    0.00174188
65       1.94624       1.94492    0.00171499
66       1.92839       1.94467    0.00170728
67       1.94884       1.94473    0.00168275
68       1.92416       1.94443     0.0016852
69       1.95156       1.94453    0.00166381
70       1.93745       1.94443    0.00164299
71       1.96359        1.9447    0.00164202
72       1.94499        1.9447    0.00161906
73       1.94506       1.94471    0.00159673
74       1.92266       1.94441    0.00160294
75       1.97873       1.94487    0.00164628
76       1.93265       1.94471    0.00163241
77       1.94275       1.94468    0.00161127
78       1.93216       1.94452    0.00159856
79       1.94197       1.94449    0.00157852
80       1.96048       1.94469    0.00157144
81       1.94606       1.94471    0.00155201
82       1.95674       1.94485    0.00153997
83       1.95436       1.94497    0.00152561
84       1.94804         1.945    0.00150779
85       1.95083       1.94507    0.00149152
86       1.96607       1.94532    0.00149415
87        1.9292       1.94513    0.00148845
88       1.95054       1.94519    0.00147272
89       1.95246       1.94527    0.00145837
90       1.93061       1.94511    0.00145125
91       1.97371       1.94543    0.00146921
92       1.95005       1.94548    0.00145402
93       1.95415       1.94557    0.00144132
94       1.95674       1.94569    0.00143085
95       1.93135       1.94554    0.00142373
96       1.93305       1.94541    0.00141482
97       1.93404       1.94529    0.00140505
98       1.94497       1.94529    0.00139064
99          1.95       1.94533    0.00137735
100       1.94608       1.94534    0.00136352
1       1.94644       1.94644             0
2       1.94347       1.94495    0.00148141
3       1.94264       1.94418    0.00115065
4       1.96456       1.94928    0.00515969
5       1.93679       1.94678    0.00471263
6       1.95779       1.94862    0.00426291
7       1.93915       1.94726    0.00384846
8       1.94792       1.94735    0.00333388
9       1.94418       1.94699    0.00296116
10       1.92622       1.94492    0.00336599
11       1.95359       1.94571    0.00314511
12        1.9277       1.94421    0.00323953
13        1.9574       1.94522    0.00314803
14       1.96391       1.94656    0.00320574
15       1.94437       1.94641    0.00298794
16       1.94976       1.94662    0.00280278
17       1.94583       1.94657    0.00263316
18       1.94879        1.9467    0.00248561
19       1.95446        1.9471     0.0023864
20        1.9635       1.94792    0.00240785
21       1.93137       1.94714    0.00242215
22       1.95006       1.94727    0.00231326
23       1.94408       1.94713    0.00221473
24       1.91867       1.94595    0.00242952
25       1.90971        1.9445    0.00274436
26       1.92612       1.94379    0.00272981
27       1.96305        1.9445    0.00272186
28       1.91923        1.9436    0.00277376
29       1.95089       1.94385    0.00268818
30       1.95048       1.94407    0.00260643
31       1.95145       1.94431    0.00253216
32       1.97493       1.94527    0.00263186
33       1.94817       1.94535    0.00255237
34       1.94496       1.94534    0.00247619
35       1.95527       1.94563    0.00242106
36       1.93219       1.94525    0.00238226
37       1.94775       1.94532    0.00231796
38       1.90656        1.9443    0.00247604
39       1.94397       1.94429    0.00241173
40       1.95778       1.94463    0.00237473
41       1.96237       1.94506    0.00235617
42       1.93035       1.94471    0.00232591
43       1.94239       1.94466    0.00227181
44       1.94653        1.9447    0.00221999
45       1.93333       1.94445    0.00218475
46       1.94633       1.94449    0.00213712
47       1.94546       1.94451    0.00209126
48       1.95561       1.94474    0.00206026
49       1.94099       1.94466    0.00201923
50       1.96909       1.94515    0.00203784
51       1.92687       1.94479     0.0020294
52       1.95564         1.945     0.0020009
53       1.95599       1.94521    0.00197371
54       1.95143       1.94533    0.00194023
55       1.95157       1.94544    0.00190801
56       1.91296       1.94486    0.00196135
57       1.94163        1.9448    0.00192747
58        1.9532       1.94495    0.00189948
59       1.94588       1.94496    0.00186707
60       1.94272       1.94493    0.00183607
61       1.93069       1.94469    0.00182073
62       1.95078       1.94479    0.00179381
63       1.94369       1.94477    0.00176519
64       1.95277        1.9449    0.00174188
65       1.94624       1.94492    0.00171499
66       1.92839       1.94467    0.00170728
67       1.94884       1.94473    0.00168275
68       1.92416       1.94443     0.0016852
69       1.95156       1.94453    0.00166381
70       1.93745       1.94443    0.00164299
71       1.96359        1.9447    0.00164202
72       1.94499        1.9447    0.00161906
73       1.94506       1.94471    0.00159673
74       1.92266       1.94441    0.00160294
75       1.97873       1.94487    0.00164628
76       1.93265       1.94471    0.00163241
77       1.94275       1.94468    0.00161127
78       1.93216       1.94452    0.00159856
79       1.94197       1.94449    0.00157852
80       1.96048       1.94469    0.00157144
81       1.94606       1.94471    0.00155201
82       1.95674       1.94485    0.00153997
83       1.95436       1.94497    0.00152561
84       1.94804         1.945    0.00150779
85       1.95083       1.94507    0.00149152
86       1.96607       1.94532    0.00149415
87        1.9292       1.94513    0.00148845
88       1.95054       1.94519    0.00147272
89       1.95246       1.94527    0.00145837
90       1.93061       1.94511    0.00145125
91       1.97371       1.94543    0.00146921
92       1.95005       1.94548    0.00145402
93       1.95415       1.94557    0.00144132
94       1.95674       1.94569    0.00143085
95       1.93135       1.94554    0.00142373
96       1.93305       1.94541    0.00141482
97       1.93404       1.94529    0.00140505
98       1.94497       1.94529    0.00139064
99          1.95       1.94533    0.00137735
100       1.94608       1.94534    0.00136352
1       1.37437       1.37437             0
2       1.37366       1.37402      0.000357
3       1.38199       1.37667    0.00266458
4         1.386         1.379    0.00299827
5       1.37439       1.37808    0.00249903
6       1.38328       1.37895    0.00221685
7       1.36427       1.37685    0.00281224
8        1.3747       1.37658    0.00245025
9       1.37714       1.37664    0.00216181
10       1.36978       1.37596    0.00205186
11       1.37763       1.37611    0.00186219
12       1.36791       1.37543    0.00183212
13       1.38192       1.37593    0.00175786
14       1.39314       1.37716     0.0020399
15       1.38331       1.37757    0.00194279
16       1.37333        1.3773     0.0018365
17       1.38165       1.37756    0.00174396
18       1.36963       1.37712    0.00170217
19       1.37869        1.3772    0.00161223
20       1.38301       1.37749    0.00155688
21       1.35956       1.37664    0.00170928
22       1.37911       1.37675    0.00163362
23       1.37667       1.37675    0.00156098
24       1.35322       1.37577    0.00178734
25       1.35831       1.37507    0.00185101
26       1.37189       1.37495    0.00178258
27        1.3715       1.37482    0.00172002
28       1.36623       1.37451    0.00168562
29       1.37989        1.3747    0.00163701
30        1.3833       1.37498    0.00160728
31       1.36738       1.37474    0.00157382
32       1.38725       1.37513     0.0015732
33       1.37451       1.37511    0.00152489
34       1.36775       1.37489    0.00149513
35       1.37053       1.37477    0.00145713
36       1.37783       1.37485    0.00141862
37       1.37293        1.3748    0.00138073
38       1.36564       1.37456    0.00136538
39       1.36764       1.37438    0.00134168
40       1.38167       1.37457    0.00132035
41        1.3761        1.3746    0.00128828
42       1.36269       1.37432    0.00128883
43       1.37142       1.37425     0.0012603
44       1.37791       1.37433    0.00123413
45       1.37333       1.37431     0.0012066
46       1.37441       1.37431    0.00118008
47       1.36513       1.37412    0.00117112
48       1.37062       1.37405    0.00114877
49       1.37621       1.37409    0.00112595
50       1.40036       1.37462    0.00122192
51       1.36007       1.37433     0.0012312
52       1.37458       1.37434    0.00120731
53        1.3818       1.37448    0.00119266
54       1.37504       1.37449    0.00117041
55       1.38734       1.37472    0.00117247
56       1.35437       1.37436    0.00120735
57       1.38361       1.37452    0.00119703
58       1.37621       1.37455    0.00117657
59       1.36674       1.37442    0.00116401
60       1.36464       1.37425    0.00115599
61       1.36711       1.37414    0.00114289
62       1.37746       1.37419    0.00112559
63       1.37501        1.3742    0.00110765
64       1.38402       1.37436    0.00110095
65       1.37324       1.37434    0.00108401
66       1.37942       1.37442    0.00107024
67       1.38456       1.37457    0.00106497
68       1.36346        1.3744    0.00106183
69       1.38403       1.37454    0.00105559
70       1.37576       1.37456    0.00104055
71       1.38505       1.37471    0.00103637
72       1.36911       1.37463    0.00102483
73       1.38167       1.37473    0.00101528
74        1.3724        1.3747    0.00100196
75       1.38871       1.37488      0.001006
76       1.36301       1.37473     0.0010049
77       1.36494        1.3746   0.000999871
78       1.36917       1.37453   0.000989425
79       1.36673       1.37443   0.000981797
80       1.39005       1.37463   0.000988917
81        1.3703       1.37457   0.000978093
82       1.37623       1.37459   0.000966303
83       1.37469       1.37459    0.00095459
84        1.3658       1.37449   0.000948951
85       1.37802       1.37453   0.000938638
86       1.39608       1.37478   0.000960915
87       1.36388       1.37466   0.000958043
88       1.38464       1.37477   0.000953858
89       1.38171       1.37485   0.000946295
90       1.36935       1.37479   0.000937711
91       1.38148       1.37486   0.000930262
92        1.3777       1.37489   0.000920611
93       1.37698       1.37491   0.000910936
94       1.37923       1.37496   0.000902363
95       1.36352       1.37484   0.000900903
96       1.37274       1.37482   0.000891738
97       1.36558       1.37472    0.00088762
98       1.38037       1.37478   0.000880404
99       1.37078       1.37474   0.000872402
100       1.37363       1.37473   0.000863705
1       1.51914       1.51914             0
2       1.53847        1.5288    0.00966926
3       1.53436       1.53066    0.00588191
4       1.53949       1.53286    0.00470843
5       1.52095       1.53048    0.00435682
6       1.53797       1.53173    0.00376967
7       1.51791       1.52976    0.00374762
8       1.52743       1.52946    0.00325856
9       1.53636       1.53023    0.00297405
10       1.52535       1.52974    0.00270439
11       1.53272       1.53001    0.00246114
12       1.51748       1.52897    0.00247766
13       1.53178       1.52918    0.00228937
14       1.55247       1.53085    0.00269419
15       1.54102       1.53153    0.00259817
16       1.52176       1.53092    0.00250582
17       1.53287       1.53103    0.00235661
18       1.52735       1.53083    0.00223122
19       1.53777       1.53119    0.00214197
20       1.53497       1.53138     0.0020408
21       1.52122        1.5309    0.00200058
22       1.53551       1.53111    0.00191897
23       1.51841       1.53055    0.00191499
24       1.50351       1.52943    0.00215198
25       1.51131        1.5287    0.00218769
26       1.52549       1.52858     0.0021055
27       1.53385       1.52877    0.00203541
28       1.52289       1.52856    0.00197258
29       1.53377       1.52874    0.00191179
30       1.53676       1.52901     0.0018662
31       1.52677       1.52894    0.00180644
32       1.54209       1.52935    0.00179671
33       1.52927       1.52935    0.00174142
34        1.5256       1.52924    0.00169301
35       1.52218       1.52903    0.00165624
36       1.53005       1.52906    0.00160982
37       1.53473       1.52922    0.00157317
38       1.51773       1.52891    0.00156074
39       1.52553       1.52883    0.00152267
40        1.5463       1.52926    0.00154705
41       1.53037       1.52929    0.00150908
42       1.51466       1.52894    0.00151335
43       1.52095       1.52876    0.00148939
44       1.53117       1.52881    0.00145618
45       1.52229       1.52867    0.00143081
46       1.53299       1.52876    0.00140251
47       1.51842       1.52854    0.00138988
48       1.52983       1.52857    0.00136088
49       1.52992       1.52859     0.0013331
50       1.55525       1.52913    0.00141075
51       1.51348       1.52882    0.00141645
52       1.52483       1.52874    0.00139106
53       1.53698        1.5289    0.00137337
54       1.53214       1.52896    0.00134903
55       1.53539       1.52908    0.00132942
56       1.50374       1.52862    0.00138165
57       1.53439       1.52872    0.00136096
58       1.53388       1.52881    0.00134023
59       1.51418       1.52857    0.00134048
60       1.52373       1.52849    0.00132041
61       1.51752       1.52831    0.00131096
62       1.52721       1.52829    0.00128976
63        1.5308       1.52833    0.00126975
64       1.53963        1.5285    0.00126218
65       1.52559       1.52846    0.00124341
66       1.52585       1.52842    0.00122507
67       1.53553       1.52853     0.0012113
68       1.51615       1.52834    0.00120714
69       1.54101       1.52853    0.00120361
70       1.52198       1.52843    0.00118997
71       1.53924       1.52859    0.00118291
72       1.52202        1.5285    0.00116993
73       1.53879       1.52864    0.00116237
74       1.51913       1.52851    0.00115372
75       1.53806       1.52864    0.00114534
76       1.52266       1.52856     0.0011329
77       1.51252       1.52835    0.00113733
78       1.51739       1.52821    0.00113142
79       1.52273       1.52814    0.00111916
80       1.54562       1.52836    0.00112647
81       1.52069       1.52826     0.0011165
82       1.52973       1.52828    0.00110295
83       1.52656       1.52826    0.00108977
84       1.51722       1.52813    0.00108471
85       1.53414        1.5282     0.0010742
86       1.53855       1.52832    0.00106843
87       1.51689       1.52819    0.00106421
88       1.53834        1.5283    0.00105835
89       1.53498       1.52838    0.00104908
90       1.52181       1.52831    0.00103992
91       1.54692       1.52851    0.00104858
92       1.53011       1.52853    0.00103726
93       1.53971       1.52865    0.00103307
94        1.5331       1.52869    0.00102312
95       1.51518       1.52855    0.00102224
96       1.52427       1.52851    0.00101252
97       1.52586       1.52848     0.0010024
98       1.53177       1.52851   0.000992681
99       1.52184       1.52845    0.00098491
100       1.52569       1.52842   0.000975402
