1       2.53812       2.53812             0
2       2.57687       2.55749     0.0193741
3       2.55492       2.55664     0.0112184
4       2.49385       2.54094     0.0175873
5       2.53699       2.54015     0.0136459
6       2.54357       2.54072     0.0111564
7        2.5291       2.53906    0.00957386
8       2.50768       2.53514    0.00917234
9       2.51779       2.53321    0.00831566
10        2.5658       2.53647    0.00812046
11       2.51257        2.5343    0.00765983
12       2.52786       2.53376    0.00701301
13       2.52381         2.533    0.00649632
14        2.5361       2.53322    0.00601853
15       2.56452        2.5353    0.00597892
16        2.5266       2.53476    0.00561916
17       2.53312       2.53466    0.00527917
18       2.53136       2.53448    0.00498063
19        2.5501        2.5353    0.00478239
20       2.55701       2.53639    0.00466505
21       2.56227       2.53762    0.00460528
22       2.53149       2.53734     0.0043998
23       2.51888       2.53654    0.00428011
24       2.49272       2.53471    0.00448621
25       2.52568       2.53435    0.00431816
26       2.51139       2.53347    0.00424173
27       2.49085       2.53189    0.00437613
28       2.56509       2.53308    0.00438052
29       2.53096         2.533     0.0042274
30       2.54765       2.53349    0.00411315
31       2.52081       2.53308    0.00399922
32       2.52173       2.53273    0.00388846
33       2.52295       2.53243    0.00378041
34       2.51419       2.53189    0.00370657
35       2.51234       2.53134    0.00364221
36       2.50881       2.53071    0.00359445
37       2.50781       2.53009     0.0035503
38        2.5081       2.52951    0.00350374
39       2.49814       2.52871    0.00350624
40       2.53832       2.52895    0.00342589
41       2.52429       2.52883    0.00334322
42       2.54183       2.52914    0.00327728
43       2.53883       2.52937    0.00320807
44       2.54668       2.52976     0.0031589
45       2.52813       2.52973    0.00308812
46       2.52851        2.5297    0.00302035
47       2.55758       2.53029    0.00301433
48       2.52635       2.53021      0.002952
49       2.47367       2.52906    0.00311289
50       2.53958       2.52927    0.00305725
51       2.54784       2.52963    0.00301875
52       2.54808       2.52999     0.0029813
53       2.52228       2.52984    0.00292812
54       2.53727       2.52998    0.00287667
55       2.51951       2.52979    0.00283029
56       2.51876       2.52959    0.00278625
57       2.49153       2.52892    0.00281719
58       2.53592       2.52904    0.00277082
59       2.50219       2.52859    0.00276122
60       2.50161       2.52814     0.0027518
61       2.54344       2.52839    0.00271791
62       2.51752       2.52821    0.00267946
63       2.53078       2.52826     0.0026369
64       2.50595       2.52791    0.00261867
65       2.54629       2.52819    0.00259353
66       2.52032       2.52807    0.00255672
67       2.53452       2.52817    0.00252011
68       2.56769       2.52875    0.00254988
69       2.49747       2.52829    0.00255321
70       2.58235       2.52907     0.0026323
71       2.57011       2.52965    0.00265858
72       2.53608       2.52973    0.00262291
73       2.52292       2.52964    0.00258842
74       2.54377       2.52983    0.00256033
75       2.53161       2.52986    0.00252607
76       2.52556        2.5298    0.00249325
77       2.50165       2.52943    0.00248767
78        2.5473       2.52966    0.00246623
79       2.53823       2.52977    0.00243723
80       2.52131       2.52967     0.0024089
81        2.5323        2.5297    0.00237919
82       2.56273        2.5301    0.00238427
83        2.5054        2.5298     0.0023741
84       2.56944       2.53027    0.00239267
85       2.56093       2.53064    0.00239169
86       2.53984       2.53074    0.00236614
87       2.53337       2.53077    0.00233898
88       2.57612       2.53129    0.00236898
89       2.51787       2.53114    0.00234706
90       2.53447       2.53117    0.00232113
91       2.53896       2.53126    0.00229708
92       2.50809       2.53101    0.00228589
93       2.49918       2.53067    0.00228694
94        2.5621         2.531    0.00228706
95       2.53108         2.531    0.00226286
96       2.53275       2.53102    0.00223924
97       2.57105       2.53143    0.00225413
98       2.54515       2.53157     0.0022354
99       2.51284       2.53138    0.00222078
100       2.51569       2.53123    0.00220406
