1     0.0520396     0.0520396             0
2      0.048282     0.0501608     0.0018788
3      0.051182     0.0505012    0.00113688
4     0.0471956     0.0496748     0.0011529
5      0.056002     0.0509402    0.00154882
6     0.0498724     0.0507623    0.00127707
7       0.04644     0.0501448    0.00124346
8     0.0503368     0.0501688    0.00107714
9     0.0520384     0.0503765   0.000972394
10     0.0470448     0.0500434   0.000931367
11     0.0535076     0.0503583   0.000899394
12      0.052986     0.0505773    0.00084973
13     0.0460128     0.0502262   0.000856877
14     0.0509864     0.0502805    0.00079517
15     0.0516364     0.0503709   0.000745762
16      0.050464     0.0503767   0.000697621
17     0.0515884      0.050448   0.000659166
18     0.0489324     0.0503638   0.000627145
19     0.0510884     0.0504019   0.000594445
20     0.0502088     0.0503922   0.000564023
21     0.0482108     0.0502884   0.000546457
22     0.0543192     0.0504716   0.000552302
23       0.05166     0.0505233   0.000530266
24       0.04722     0.0503856   0.000526017
25     0.0500576     0.0503725   0.000504708
26     0.0445464     0.0501484    0.00053418
27     0.0527404     0.0502444   0.000522903
28     0.0535476     0.0503624   0.000517507
29       0.05513     0.0505268    0.00052571
30      0.052962      0.050608    0.00051433
31     0.0476964      0.050514   0.000506251
32     0.0495036     0.0504825   0.000491191
33     0.0547588      0.050612   0.000493396
34     0.0526684     0.0506725    0.00048247
35      0.054996     0.0507961   0.000484494
36     0.0487336     0.0507388   0.000474316
37     0.0485928     0.0506808   0.000464951
38      0.049524     0.0506503   0.000453572
39     0.0524468     0.0506964   0.000444184
40     0.0502248     0.0506846   0.000433098
41     0.0455276     0.0505588   0.000440732
42     0.0482332     0.0505034    0.00043366
43      0.049972     0.0504911   0.000423635
44       0.04911     0.0504597   0.000415083
45     0.0552484     0.0505661   0.000419477
46     0.0519176     0.0505955   0.000411307
47      0.052144     0.0506284   0.000403807
48      0.051448     0.0506455   0.000395674
49     0.0534524     0.0507028   0.000391726
50      0.050642     0.0507016   0.000383813
51     0.0497448     0.0506828   0.000376679
52     0.0512608     0.0506939   0.000369532
53      0.052892     0.0507354   0.000364857
54     0.0517984     0.0507551   0.000358578
55      0.053054     0.0507969   0.000354471
56     0.0499148     0.0507811   0.000348439
57     0.0525884     0.0508128   0.000343737
58     0.0484788     0.0507726   0.000340148
59     0.0478808     0.0507236   0.000337906
60      0.055202     0.0507982   0.000340508
61     0.0531768     0.0508372   0.000337142
62     0.0509516     0.0508391   0.000331665
63      0.048034     0.0507945   0.000329381
64     0.0532504     0.0508329   0.000326457
65     0.0524024     0.0508571   0.000322301
66     0.0498712     0.0508421   0.000317731
67      0.051526     0.0508523    0.00031312
68     0.0526404     0.0508786   0.000309599
69     0.0576668      0.050977   0.000320549
70     0.0452892     0.0508958   0.000326218
71     0.0467456     0.0508373    0.00032686
72     0.0489916     0.0508117   0.000323306
73     0.0487188      0.050783   0.000320133
74     0.0513332     0.0507904   0.000315865
75     0.0521748     0.0508089   0.000312171
76     0.0516452     0.0508199   0.000308232
77      0.051514     0.0508289   0.000304336
78     0.0524516     0.0508497   0.000301129
79      0.048088     0.0508148   0.000299341
80     0.0546684     0.0508629   0.000299475
81     0.0461932     0.0508053   0.000301321
82     0.0501104     0.0507968   0.000297745
83     0.0509048     0.0507981   0.000294138
84     0.0454296     0.0507342    0.00029756
85     0.0519016     0.0507479   0.000294359
86     0.0497572     0.0507364   0.000291144
87     0.0445936     0.0506658   0.000296313
88     0.0536004     0.0506991   0.000294819
89     0.0487012     0.0506767   0.000292351
90     0.0462664     0.0506277   0.000293208
91      0.050562      0.050627   0.000289969
92     0.0526216     0.0506487   0.000287618
93     0.0479672     0.0506198   0.000285966
94     0.0519164     0.0506336   0.000283243
95     0.0508344     0.0506357   0.000280254
96     0.0469008     0.0505968   0.000280035
97     0.0480672     0.0505707   0.000278357
98     0.0488908     0.0505536   0.000276035
99       0.05135     0.0505616   0.000273351
100     0.0534236     0.0505903   0.000272113
