1     -0.582854     -0.582854             0
2     -0.582894     -0.582874      1.96e-05
3     -0.583478     -0.583075   0.000201784
4     -0.582749     -0.582994   0.000164402
5     -0.583323      -0.58306   0.000143377
6     -0.582926     -0.583037   0.000119156
7     -0.582918      -0.58302    0.00010215
8     -0.583528     -0.583084   0.000108871
9     -0.582386     -0.583006   0.000123383
10     -0.582534     -0.582959   0.000120055
11     -0.582594     -0.582926   0.000113541
12     -0.583142     -0.582944   0.000105195
13     -0.582201     -0.582887   0.000112387
14     -0.582592     -0.582866   0.000106158
15     -0.583468     -0.582906   0.000106674
16     -0.582624     -0.582888   0.000101327
17     -0.583338     -0.582915   9.87832e-05
18     -0.583174     -0.582929   9.42452e-05
19     -0.583122     -0.582939   8.97259e-05
20     -0.582558      -0.58292   8.72253e-05
21     -0.582334     -0.582892   8.75317e-05
22     -0.582788     -0.582888   8.35928e-05
23     -0.583455     -0.582912   8.36016e-05
24     -0.583243     -0.582926   8.12216e-05
25     -0.582747     -0.582919   7.82327e-05
26     -0.582158      -0.58289   8.06541e-05
27      -0.58209      -0.58286   8.30629e-05
28     -0.581852     -0.582824   8.77651e-05
29     -0.581981     -0.582795   8.95374e-05
30     -0.583462     -0.582817   8.93167e-05
31     -0.583138     -0.582828   8.70066e-05
32     -0.582482     -0.582817   8.49315e-05
33     -0.582004     -0.582792   8.59232e-05
34     -0.582725      -0.58279   8.33813e-05
35     -0.582632     -0.582786     8.109e-05
36     -0.583071     -0.582794   7.92035e-05
37     -0.583298     -0.582807   7.82321e-05
38     -0.582186     -0.582791   7.78828e-05
39     -0.582138     -0.582774   7.76868e-05
40     -0.583517     -0.582793    7.7963e-05
41     -0.582169     -0.582777   7.75453e-05
42     -0.582909     -0.582781    7.5741e-05
43     -0.582351     -0.582771   7.46297e-05
44     -0.583411     -0.582785   7.43532e-05
45     -0.582687     -0.582783   7.27147e-05
46     -0.582301     -0.582773   7.18848e-05
47     -0.582375     -0.582764   7.08448e-05
48     -0.582923     -0.582767   6.94324e-05
49     -0.581704     -0.582746   7.13795e-05
50     -0.582654     -0.582744   6.99616e-05
51     -0.583038      -0.58275   6.88189e-05
52     -0.582806     -0.582751   6.74913e-05
53     -0.583528     -0.582765   6.78107e-05
54     -0.582602     -0.582762   6.66121e-05
55     -0.582891     -0.582765   6.54317e-05
56     -0.583571     -0.582779   6.58471e-05
57      -0.58229      -0.58277   6.52491e-05
58     -0.582046     -0.582758    6.5321e-05
59     -0.582305      -0.58275   6.46622e-05
60     -0.582318     -0.582743   6.39816e-05
61     -0.582502     -0.582739   6.30484e-05
62     -0.582677     -0.582738   6.20313e-05
63      -0.58318     -0.582745   6.14403e-05
64     -0.582794     -0.582746   6.04774e-05
65     -0.582997      -0.58275   5.96647e-05
66     -0.582443     -0.582745   5.89371e-05
67     -0.582992     -0.582749   5.81676e-05
68     -0.583646     -0.582762   5.88064e-05
69     -0.582548     -0.582759   5.80308e-05
70     -0.584073     -0.582778   6.01969e-05
71     -0.582655     -0.582776   5.93681e-05
72     -0.582627     -0.582774   5.85741e-05
73     -0.582989     -0.582777   5.78411e-05
74     -0.583286     -0.582784   5.74669e-05
75     -0.582894     -0.582785   5.67147e-05
76     -0.582818     -0.582786   5.59652e-05
77     -0.582124     -0.582777   5.58979e-05
78     -0.584168     -0.582795   5.79869e-05
79     -0.582982     -0.582797   5.72969e-05
80     -0.582661     -0.582796   5.66019e-05
81     -0.583488     -0.582804   5.65487e-05
82     -0.582458       -0.5828   5.60137e-05
83     -0.581842     -0.582788   5.65263e-05
84     -0.583165     -0.582793   5.60289e-05
85      -0.58239     -0.582788   5.55686e-05
86     -0.584085     -0.582803    5.6951e-05
87     -0.583198     -0.582808   5.64749e-05
88       -0.5829     -0.582809   5.58393e-05
89     -0.582658     -0.582807   5.52342e-05
90     -0.583122     -0.582811   5.47288e-05
91     -0.582906     -0.582812   5.41343e-05
92     -0.581254     -0.582795   5.61542e-05
93     -0.582474     -0.582791   5.56543e-05
94      -0.58354     -0.582799   5.56323e-05
95     -0.583101     -0.582802   5.51351e-05
96     -0.582707     -0.582801   5.45667e-05
97     -0.583547     -0.582809    5.4546e-05
98     -0.582865      -0.58281   5.39895e-05
99     -0.583483     -0.582816   5.38728e-05
100     -0.581883     -0.582807   5.41416e-05
