1      0.293459      0.293459             0
2      0.293721       0.29359    0.00013083
3      0.295724      0.294302   0.000715237
4      0.293345      0.294062   0.000559475
5      0.293126      0.293875   0.000472071
6      0.292382      0.293626   0.000458785
7      0.293546      0.293615   0.000387914
8      0.292068      0.293421   0.000387593
9      0.294351      0.293525   0.000357085
10      0.294432      0.293615    0.00033201
11      0.289455      0.293237   0.000482922
12      0.295126      0.293395   0.000468093
13      0.294663      0.293492   0.000441496
14      0.292809      0.293443   0.000411652
15      0.292888      0.293406   0.000385014
16      0.293741      0.293427   0.000360754
17      0.291521      0.293315   0.000356932
18      0.290564      0.293162   0.000369609
19       0.29374      0.293193   0.000350937
20       0.29276      0.293171   0.000333631
21      0.295987      0.293305   0.000344514
22      0.293208      0.293301   0.000328511
23      0.293191      0.293296   0.000313939
24      0.292873      0.293278   0.000301089
25      0.292356      0.293241   0.000291139
26      0.293749      0.293261   0.000280398
27      0.291529      0.293197   0.000277335
28       0.29412       0.29323   0.000269271
29      0.294924      0.293288    0.00026631
30      0.292822      0.293273   0.000257748
31      0.293411      0.293277   0.000249335
32      0.293544      0.293285   0.000241562
33      0.291864      0.293242   0.000238058
34      0.293733      0.293257     0.0002314
35      0.293841      0.293274    0.00022531
36      0.291955      0.293237   0.000222002
37      0.294574      0.293273   0.000218923
38      0.293344      0.293275   0.000213092
39      0.293772      0.293288   0.000207948
40      0.291804      0.293251   0.000206048
41      0.294339      0.293277   0.000202705
42      0.293501      0.293282   0.000197892
43      0.293524      0.293288   0.000193316
44      0.292787      0.293277   0.000189214
45      0.293373      0.293279   0.000184974
46      0.292377      0.293259   0.000181968
47      0.294288      0.293281   0.000179395
48      0.291578      0.293246   0.000179168
49      0.293449       0.29325   0.000175523
50      0.293574      0.293256   0.000172099
51      0.295838      0.293307    0.00017612
52      0.298807      0.293413    0.00020252
53      0.291542      0.293377   0.000201773
54      0.293265      0.293375   0.000198012
55      0.294895      0.293403   0.000196334
56      0.290103      0.293344     0.0002016
57       0.29146      0.293311    0.00020077
58       0.29506      0.293341    0.00019957
59       0.29557      0.293379   0.000199762
60      0.292635      0.293366   0.000196795
61      0.292683      0.293355   0.000193866
62      0.292348      0.293339   0.000191405
63       0.29413      0.293352   0.000188761
64      0.294198      0.293365   0.000186258
65      0.293553      0.293368   0.000183393
66      0.295142      0.293395   0.000182583
67      0.296488      0.293441   0.000185669
68      0.294018      0.293449   0.000183115
69      0.293043      0.293443   0.000180538
70      0.294996      0.293466   0.000179318
71      0.291636       0.29344   0.000178643
72      0.295305      0.293466   0.000178039
73      0.291548      0.293439   0.000177538
74      0.289607      0.293388    0.00018262
75      0.294625      0.293404   0.000180923
76      0.294654      0.293421   0.000179282
77      0.289875      0.293375   0.000182833
78      0.292903      0.293368   0.000180575
79      0.292536      0.293358   0.000178585
80      0.292591      0.293348   0.000176599
81      0.293157      0.293346   0.000174421
82      0.292243      0.293333   0.000172806
83      0.292961      0.293328    0.00017077
84      0.294854      0.293346     0.0001697
85      0.293935      0.293353   0.000167835
86      0.295641       0.29338   0.000167991
87      0.292975      0.293375   0.000166114
88      0.295427      0.293398   0.000165863
89      0.293837      0.293403   0.000164062
90      0.293798      0.293408   0.000162289
91      0.296348       0.29344   0.000163715
92      0.293142      0.293437   0.000161958
93      0.291087      0.293412   0.000162188
94      0.290793      0.293384   0.000162853
95      0.294286      0.293393    0.00016141
96       0.29525      0.293413   0.000160886
97      0.294529      0.293424   0.000159634
98      0.293551      0.293425   0.000158002
99      0.292345      0.293414   0.000156778
100      0.295961       0.29344   0.000157277
