1      0.297102      0.297102             0
2      0.315989      0.306545    0.00944356
3      0.342827      0.318639     0.0132663
4      0.329743      0.321415    0.00978278
5      0.345619      0.326256    0.00899193
6      0.349894      0.330196    0.00833211
7      0.347917      0.332727    0.00748316
8      0.315159      0.330531    0.00684257
9      0.319674      0.329325    0.00615398
10       0.33812      0.330204    0.00557411
11      0.313841      0.328717    0.00525685
12      0.315519      0.327617    0.00492323
13       0.34368      0.328853    0.00469426
14      0.340367      0.329675    0.00442318
15      0.332972      0.329895    0.00412362
16      0.338583      0.330438    0.00389532
17      0.343466      0.331204    0.00373841
18      0.334022      0.331361    0.00352808
19       0.34527      0.332093    0.00341658
20      0.307587      0.330868    0.00346511
21      0.315857      0.330153     0.0033726
22      0.328019      0.330056    0.00321711
23      0.341867      0.330569    0.00311665
24      0.341409      0.331021    0.00301795
25      0.317803      0.330492    0.00294261
26      0.326124      0.330324    0.00283215
27      0.322499      0.330034    0.00274061
28      0.340637      0.330413    0.00266792
29      0.334369      0.330549    0.00257789
30      0.330108      0.330535    0.00249053
31      0.324572      0.330342    0.00241651
32      0.326294      0.330216     0.0023432
33      0.332788      0.330294    0.00227242
34       0.34509      0.330729    0.00224711
35      0.308289      0.330088    0.00227421
36      0.339533       0.33035    0.00222565
37      0.363442      0.331245    0.00234215
38      0.322213      0.331007    0.00229204
39      0.339376      0.331222    0.00224278
40      0.341568       0.33148    0.00220125
41       0.33041      0.331454    0.00214704
42      0.326193      0.331329    0.00209904
43      0.325511      0.331194    0.00205411
44      0.338359      0.331356    0.00201348
45      0.322616      0.331162    0.00197778
46      0.330266      0.331143    0.00193441
47      0.325389       0.33102    0.00189676
48      0.340263      0.331213    0.00186678
49      0.330262      0.331193    0.00182839
50      0.313523       0.33084    0.00182597
51      0.344992      0.331117     0.0018112
52      0.339411      0.331277    0.00178317
53      0.351648      0.331661    0.00179093
54       0.30194      0.331111    0.00184163
55      0.323366       0.33097    0.00181331
56      0.315514      0.330694     0.0018019
57      0.345008      0.330945    0.00178773
58      0.330621       0.33094    0.00175664
59      0.331262      0.330945    0.00172662
60      0.334292      0.331001    0.00169852
61      0.340444      0.331156     0.0016776
62      0.341541      0.331323     0.0016588
63      0.302206      0.330861    0.00169643
64      0.333473      0.330902    0.00167021
65      0.307911      0.330548    0.00168192
66      0.324146      0.330451    0.00165908
67      0.311165      0.330163    0.00165929
68      0.347988      0.330425    0.00165559
69      0.315684      0.330212    0.00164535
70      0.321218      0.330083    0.00162676
71      0.341623      0.330246     0.0016119
72      0.332157      0.330272    0.00158957
73      0.351602      0.330565    0.00159464
74      0.318541      0.330402    0.00158132
75      0.358143      0.330772    0.00160334
76      0.318274      0.330607    0.00159062
77      0.333458      0.330644    0.00157027
78      0.331841       0.33066    0.00155008
79      0.342661      0.330812    0.00153785
80      0.329418      0.330794    0.00151861
81      0.332875       0.33082    0.00149996
82      0.333801      0.330856      0.001482
83      0.329462       0.33084    0.00146414
84      0.321711      0.330731    0.00145068
85      0.330458      0.330728    0.00143351
86      0.339839      0.330834     0.0014207
87      0.321852       0.33073    0.00140807
88      0.344044      0.330882    0.00140017
89      0.329431      0.330865    0.00138445
90      0.307183      0.330602    0.00139404
91      0.337382      0.330677    0.00138064
92      0.331707      0.330688     0.0013656
93      0.354314      0.330942    0.00137452
94      0.332083      0.330954    0.00135987
95      0.348715      0.331141    0.00135841
96      0.320243      0.331028    0.00134897
97      0.343591      0.331157    0.00134126
98      0.311144      0.330953    0.00134311
99      0.299667      0.330637    0.00136652
100      0.341659      0.330747    0.00135727
