1     -0.977452     -0.977452             0
2     -0.974819     -0.976136     0.0013164
3     -0.973118      -0.97513    0.00126082
4     -0.974182     -0.974893   0.000922448
5     -0.971802     -0.974275   0.000944759
6     -0.971851     -0.973871   0.000870745
7     -0.971842     -0.973581   0.000790951
8     -0.975888     -0.973869   0.000743215
9     -0.975308     -0.974029   0.000674666
10     -0.973234      -0.97395   0.000608661
11     -0.976158      -0.97415   0.000586005
12     -0.976171     -0.974319   0.000560829
13      -0.97219     -0.974155   0.000541242
14     -0.972509     -0.974037   0.000514705
15     -0.973592     -0.974008   0.000480083
16     -0.973718      -0.97399   0.000449443
17      -0.97322     -0.973944   0.000424598
18      -0.97369      -0.97393   0.000400564
19      -0.97142     -0.973798   0.000401269
20     -0.976562     -0.973936   0.000404978
21     -0.975931     -0.974031   0.000396751
22     -0.973466     -0.974006   0.000379158
23     -0.972058     -0.973921   0.000372066
24     -0.973017     -0.973883   0.000358212
25     -0.975338     -0.973941   0.000348475
26     -0.974927     -0.973979   0.000336944
27     -0.975218     -0.974025   0.000327457
28     -0.972704     -0.973978   0.000319054
29     -0.973947     -0.973977   0.000307857
30     -0.975112     -0.974015   0.000299815
31     -0.974384     -0.974027   0.000290227
32     -0.973802      -0.97402   0.000281099
33     -0.973365        -0.974   0.000273169
34     -0.971741     -0.973933   0.000273215
35     -0.976664     -0.974011   0.000276528
36     -0.972373     -0.973966   0.000272564
37      -0.97065     -0.973876   0.000279838
38     -0.975253     -0.973912   0.000274772
39     -0.973078     -0.973891   0.000268489
40     -0.973673     -0.973886   0.000261747
41     -0.973239      -0.97387    0.00025577
42     -0.973718     -0.973866   0.000249632
43     -0.974724     -0.973886   0.000244573
44     -0.972582     -0.973857    0.00024078
45       -0.9753     -0.973889   0.000237544
46     -0.973415     -0.973878    0.00023255
47     -0.974592     -0.973894   0.000228055
48     -0.972867     -0.973872   0.000224275
49     -0.974109     -0.973877   0.000219703
50     -0.976226     -0.973924   0.000220333
51     -0.972273     -0.973892   0.000218383
52     -0.972495     -0.973865   0.000215819
53     -0.971233     -0.973815   0.000217454
54     -0.976965     -0.973873   0.000221217
55     -0.974684     -0.973888   0.000217657
56     -0.975949     -0.973925    0.00021688
57     -0.972059     -0.973892   0.000215541
58     -0.974485     -0.973902   0.000212038
59     -0.973894     -0.973902   0.000208413
60     -0.973683     -0.973899   0.000204943
61     -0.972877     -0.973882    0.00020225
62     -0.972303     -0.973856   0.000200584
63     -0.977147     -0.973909   0.000204169
64     -0.973442     -0.973901   0.000201086
65     -0.976907     -0.973948   0.000203298
66     -0.973736     -0.973944   0.000200219
67     -0.976341      -0.97398   0.000200426
68     -0.972703     -0.973961   0.000198347
69     -0.975777     -0.973988   0.000197214
70      -0.97593     -0.974015   0.000196346
71     -0.972108     -0.973989   0.000195416
72      -0.97382     -0.973986   0.000192697
73     -0.971203     -0.973948   0.000193826
74     -0.975968     -0.973975   0.000193127
75     -0.970583      -0.97393   0.000195829
76     -0.975678     -0.973953     0.0001946
77     -0.973039     -0.973941   0.000192422
78     -0.974078     -0.973943   0.000189948
79     -0.972454     -0.973924   0.000188472
80     -0.974529     -0.973932   0.000186255
81     -0.973912     -0.973932   0.000183941
82      -0.97403     -0.973933   0.000181688
83     -0.973766     -0.973931   0.000179497
84     -0.974894     -0.973942   0.000177718
85     -0.973696     -0.973939   0.000175639
86     -0.972705     -0.973925   0.000174177
87     -0.975486     -0.973943   0.000173096
88     -0.973542     -0.973938   0.000171178
89     -0.974002     -0.973939   0.000169245
90     -0.976082     -0.973963    0.00016904
91      -0.97286     -0.973951   0.000167611
92     -0.973433     -0.973945   0.000165875
93     -0.972078     -0.973925   0.000165306
94     -0.973889     -0.973925   0.000163538
95     -0.971857     -0.973903   0.000163265
96     -0.975257     -0.973917    0.00016217
97     -0.972318     -0.973901   0.000161333
98     -0.975656     -0.973918    0.00016068
99     -0.976922     -0.973949   0.000161917
100      -0.97313     -0.973941   0.000160499
