1      0.915672      0.915672             0
2      0.892929        0.9043     0.0113714
3      0.929125      0.912575     0.0105631
4      0.910491      0.912054    0.00748738
5      0.932277      0.916099     0.0070707
6      0.875369       0.90931    0.00891123
7      0.821347      0.896744     0.0146503
8      0.931062      0.901034     0.0133931
9      0.898958      0.900803     0.0118138
10      0.882303      0.898953     0.0107273
11      0.865138      0.895879     0.0101786
12      0.890685      0.895446     0.0093018
13      0.873133       0.89373    0.00872686
14      0.892881      0.893669    0.00807973
15      0.888918      0.893352    0.00752849
16      0.876716      0.892313    0.00711861
17      0.874874      0.891287    0.00676499
18      0.893806      0.891427    0.00637963
19      0.892624       0.89149    0.00603486
20      0.858484       0.88984    0.00595827
21      0.917262      0.891145    0.00581593
22      0.884747      0.890855    0.00555289
23      0.904782       0.89146    0.00534042
24      0.887654      0.891301    0.00511552
25      0.899172      0.891616    0.00491672
26      0.863326      0.890528    0.00484753
27      0.894865      0.890689     0.0046673
28       0.88074      0.890334    0.00451154
29      0.893444      0.890441    0.00435451
30      0.878234      0.890034    0.00422648
31      0.898596       0.89031    0.00409719
32      0.920985      0.891269    0.00408126
33      0.809361      0.888787    0.00466988
34      0.873588       0.88834    0.00455245
35      0.908812      0.888925      0.004459
36      0.891257      0.888989    0.00433385
37      0.887073      0.888938    0.00421541
38      0.846224      0.887813    0.00425416
39       0.90245      0.888189    0.00416061
40      0.890747      0.888253    0.00405576
41      0.913421      0.888867    0.00400295
42      0.880427      0.888666    0.00391165
43      0.868728      0.888202    0.00384764
44      0.857396      0.887502    0.00382381
45      0.896061      0.887692    0.00374271
46      0.892819      0.887804    0.00366214
47      0.857396      0.887157    0.00364131
48      0.843368      0.886244    0.00367952
49       0.87633      0.886042    0.00360932
50      0.888022      0.886082    0.00353662
51      0.912155      0.886593    0.00350408
52      0.901874      0.886887    0.00344858
53      0.923833      0.887584    0.00345396
54      0.892084      0.887667    0.00339042
55      0.912395      0.888117    0.00335843
56      0.931316      0.888888    0.00338694
57      0.927484      0.889565    0.00339519
58      0.843109      0.888764    0.00343095
59      0.904364      0.889029    0.00338264
60      0.918546      0.889521    0.00336198
61       0.88954      0.889521     0.0033064
62      0.881382       0.88939    0.00325528
63      0.883698      0.889299    0.00320447
64      0.923826      0.889839    0.00319981
65      0.939558      0.890604    0.00324173
66      0.839606      0.889831    0.00328442
67      0.887057       0.88979     0.0032353
68      0.897462      0.889902    0.00318936
69      0.915081      0.890267    0.00316391
70      0.891634      0.890287    0.00311845
71       0.91071      0.890575    0.00308764
72      0.917313      0.890946    0.00306702
73      0.895823      0.891013    0.00302545
74      0.655496       0.88783    0.00436295
75      0.841979      0.887219    0.00434758
76      0.853616      0.886777    0.00431272
77      0.875158      0.886626    0.00425901
78       0.84571      0.886101    0.00423666
79      0.874541      0.885955    0.00418524
80      0.928963      0.886492    0.00416742
81      0.916787      0.886866    0.00413261
82      0.877733      0.886755    0.00408342
83      0.900642      0.886922    0.00403739
84      0.918747      0.887301    0.00400698
85      0.919684      0.887682    0.00397785
86      0.891704      0.887729     0.0039316
87      0.902478      0.887898    0.00388984
88      0.918279      0.888244    0.00386085
89      0.856025      0.887882    0.00383435
90      0.911583      0.888145    0.00380064
91      0.893619      0.888205    0.00375913
92       0.88875      0.888211    0.00371805
93      0.920467      0.888558    0.00369417
94      0.915505      0.888845    0.00366588
95      0.900631      0.888969    0.00362921
96      0.922481      0.889318    0.00360814
97      0.921303      0.889647    0.00358594
98       0.91455      0.889902    0.00355824
99      0.865078      0.889651    0.00353103
100      0.894946      0.889704    0.00349594
