1       82.1916       82.1916             0
2       79.5133       80.8525       1.33914
3       78.3634       80.0228       1.13408
4       78.8863       79.7387      0.850759
5       76.8127       79.1535      0.881327
6       77.0881       78.8093      0.797694
7       76.6269       78.4975      0.742771
8       80.8707       78.7941      0.708369
9       79.9605       78.9237      0.638022
10       77.5696       78.7883      0.586511
11       81.2898       79.0157      0.577206
12       81.0008       79.1812      0.552272
13       77.2635       79.0336      0.528998
14       77.6161       78.9324      0.500115
15       78.4763        78.902      0.466573
16       78.9553       78.9053      0.436452
17       78.7961       78.8989      0.410026
18         78.49       78.8762      0.387243
19       76.2114       78.7359      0.392227
20       81.2882       78.8635      0.393373
21       80.9326       78.9621      0.386927
22       78.0445       78.9204      0.371271
23        77.048        78.839      0.363982
24       78.1004       78.8082      0.349842
25       80.4644       78.8744      0.342034
26       79.7709       78.9089      0.330419
27       79.7744        78.941      0.319558
28       77.4586        78.888      0.312452
29       78.8252       78.8859      0.301493
30       80.2918       78.9327      0.295016
31       79.5979       78.9542      0.286147
32       78.6447       78.9445      0.277229
33       78.3258       78.9258       0.26935
34       76.3838        78.851      0.271793
35       81.0698       78.9144      0.271421
36        77.365       78.8714      0.267261
37       75.5252       78.7809      0.275221
38       80.1822       78.8178      0.270407
39       78.0911       78.7992       0.26404
40       79.0537       78.8055      0.257433
41       77.9676       78.7851      0.251906
42       78.6472       78.7818      0.245857
43       79.7067       78.8033      0.241033
44        77.246       78.7679      0.238136
45       80.1465       78.7986      0.234791
46       78.2512       78.7867      0.229939
47       79.4211       78.8002      0.225398
48       77.8567       78.7805      0.221526
49       78.5253       78.7753       0.21702
50       81.1305       78.8224       0.21779
51       77.4348       78.7952      0.215204
52       76.6644       78.7542      0.214967
53       76.7943       78.7172       0.21409
54       81.7854        78.774      0.217635
55       79.6852       78.7906      0.214283
56       80.7775       78.8261      0.213392
57       77.0253       78.7945      0.211982
58       79.6613       78.8094      0.208831
59       78.9294       78.8115      0.205271
60       79.0256       78.8151      0.201852
61       77.7408       78.7974      0.199295
62        77.225       78.7721      0.197688
63       82.2956        78.828      0.202405
64       78.3396       78.8204      0.199364
65       81.9244       78.8681      0.201999
66       78.4407       78.8617       0.19902
67       81.0297        78.894       0.19868
68       77.8822       78.8791      0.196301
69       81.2379       78.9133      0.196432
70       81.1504       78.9453      0.196226
71       76.3934       78.9093      0.196753
72       79.0682       78.9115      0.194014
73       76.0415       78.8722      0.195335
74       81.0831       78.9021       0.19498
75       75.5113       78.8569      0.197604
76       80.6386       78.8803      0.196391
77       77.9206       78.8679      0.194224
78       78.9982       78.8695      0.191725
79       77.0572       78.8466      0.190668
80       79.4331       78.8539      0.188412
81       78.6347       78.8512      0.186091
82       79.3438       78.8572      0.183906
83       78.2496       78.8499      0.181824
84       79.7118       78.8602      0.179939
85       78.2206       78.8526      0.177969
86        77.735       78.8397      0.176367
87       80.7547       78.8617      0.175712
88       79.1075       78.8645      0.173726
89       78.7705       78.8634      0.171766
90       80.8489       78.8855      0.171274
91       78.1219       78.8771      0.169589
92       77.7989       78.8654      0.168144
93       77.4067       78.8497      0.167064
94       78.9581       78.8508      0.165282
95       76.3792       78.8248      0.165589
96       80.1953       78.8391      0.164476
97       77.2561       78.8228      0.163588
98       80.5597       78.8405      0.162877
99       81.3924       78.8663      0.163271
100        77.669       78.8543      0.162073
