1     -0.646867     -0.646867             0
2      -0.64611     -0.646488     0.0003788
3     -0.646317     -0.646431   0.000226057
4     -0.646356     -0.646412   0.000160948
5     -0.646858     -0.646501   0.000153201
6     -0.645752     -0.646377   0.000176773
7     -0.646579     -0.646405    0.00015218
8     -0.647809     -0.646581   0.000219407
9     -0.646358     -0.646556   0.000195071
10     -0.646763     -0.646577   0.000175701
11     -0.646354     -0.646557   0.000160219
12     -0.646126     -0.646521   0.000150588
13     -0.645687     -0.646457   0.000152641
14     -0.646839     -0.646484   0.000143936
15      -0.64691     -0.646512   0.000136969
16     -0.645516      -0.64645   0.000142453
17     -0.646998     -0.646482   0.000137633
18     -0.647155      -0.64652    0.00013504
19     -0.646771     -0.646533    0.00012842
20     -0.646552     -0.646534   0.000121833
21     -0.646764     -0.646545   0.000116404
22      -0.64679     -0.646556   0.000111543
23     -0.646722     -0.646563   0.000106826
24     -0.645988     -0.646539   0.000105048
25     -0.646814      -0.64655   0.000101358
26     -0.647182     -0.646574   0.000100364
27     -0.645943     -0.646551   9.93654e-05
28     -0.647016     -0.646568   9.71799e-05
29     -0.646697     -0.646572   9.38746e-05
30      -0.64645     -0.646568   9.07823e-05
31     -0.646246     -0.646558    8.8416e-05
32     -0.646455     -0.646555   8.56683e-05
33      -0.64662     -0.646556   8.30555e-05
34     -0.647191     -0.646575   8.27099e-05
35     -0.646718     -0.646579   8.04163e-05
36     -0.647222     -0.646597   8.01666e-05
37     -0.646845     -0.646604   7.82567e-05
38     -0.647258     -0.646621   7.80884e-05
39     -0.646508     -0.646618    7.6115e-05
40     -0.647928     -0.646651   8.10937e-05
41     -0.646502     -0.646647   7.91748e-05
42      -0.64592      -0.64663    7.9183e-05
43     -0.646306     -0.646622   7.76866e-05
44     -0.648065     -0.646655   8.26776e-05
45     -0.645562     -0.646631   8.43887e-05
46     -0.646736     -0.646633   8.25654e-05
47     -0.646008      -0.64662   8.18772e-05
48     -0.646612      -0.64662   8.01535e-05
49     -0.646118     -0.646609   7.91665e-05
50     -0.648094     -0.646639   8.30584e-05
51     -0.647362     -0.646653   8.26394e-05
52     -0.645428      -0.64663   8.43911e-05
53     -0.645689     -0.646612   8.46659e-05
54     -0.646051     -0.646602   8.37298e-05
55     -0.648012     -0.646627   8.61007e-05
56     -0.645455     -0.646606   8.71011e-05
57     -0.645983     -0.646595    8.6255e-05
58     -0.646085     -0.646587   8.52108e-05
59     -0.647204     -0.646597   8.44053e-05
60     -0.646258     -0.646591   8.31792e-05
61     -0.647824     -0.646612   8.42629e-05
62     -0.645654     -0.646596   8.43206e-05
63     -0.647633     -0.646613   8.45872e-05
64     -0.646877     -0.646617   8.33573e-05
65     -0.646503     -0.646615   8.20835e-05
66     -0.645806     -0.646603   8.17534e-05
67     -0.645908     -0.646592   8.11889e-05
68     -0.646005     -0.646584   8.04514e-05
69     -0.647278     -0.646594   7.99136e-05
70     -0.647278     -0.646604   7.93685e-05
71     -0.646393     -0.646601    7.8299e-05
72     -0.645921     -0.646591    7.7779e-05
73     -0.646167     -0.646585   7.69257e-05
74      -0.64564     -0.646573    7.6947e-05
75     -0.646402      -0.64657    7.5948e-05
76     -0.647114     -0.646577   7.52832e-05
77     -0.646233     -0.646573   7.44338e-05
78     -0.646646     -0.646574   7.34792e-05
79     -0.646446     -0.646572   7.25611e-05
80     -0.645681     -0.646561   7.25098e-05
81     -0.647657     -0.646575   7.28753e-05
82      -0.64647     -0.646573   7.19925e-05
83     -0.645638     -0.646562   7.20065e-05
84     -0.646946     -0.646567    7.1291e-05
85     -0.647294     -0.646575   7.09644e-05
86     -0.645832     -0.646567   7.06649e-05
87     -0.646953     -0.646571   6.99889e-05
88     -0.645274     -0.646556   7.07425e-05
89     -0.647455     -0.646566   7.06685e-05
90     -0.646863      -0.64657   6.99567e-05
91     -0.645325     -0.646556   7.05233e-05
92     -0.646776     -0.646558   6.97935e-05
93      -0.64767      -0.64657   7.00652e-05
94     -0.647458      -0.64658   6.99566e-05
95     -0.647796     -0.646593   7.03902e-05
96     -0.646754     -0.646594   6.96735e-05
97     -0.646882     -0.646597   6.90154e-05
98     -0.646274     -0.646594   6.83873e-05
99     -0.645555     -0.646583   6.85014e-05
100     -0.646059     -0.646578   6.80153e-05
