1       3.60496       3.60496             0
2       3.60811       3.60653      0.001576
3       3.64198       3.61835     0.0118506
4       3.51904       3.59352     0.0262036
5       3.57281       3.58938     0.0207157
6       3.57347       3.58673     0.0171209
7        3.5148       3.57645      0.017747
8       3.61789       3.58163     0.0162189
9       3.61893       3.58578      0.014892
10       3.62987       3.59019     0.0140308
11       3.57297       3.58862     0.0127876
12       3.58593        3.5884     0.0116755
13       3.61773       3.59065     0.0109744
14       3.56274       3.58866      0.010354
15       3.57603       3.58782    0.00967579
16       3.55104       3.58552    0.00933824
17       3.53323       3.58244    0.00929528
18        3.6156       3.58428    0.00895519
19       3.62924       3.58665    0.00879498
20       3.55866       3.58525     0.0084602
21       3.56773       3.58442    0.00809038
22        3.7037       3.58984    0.00942872
23       3.53833        3.5876    0.00928363
24       3.53347       3.58534    0.00917007
25       3.63439       3.58731    0.00901176
26       3.58863       3.58736    0.00865837
27       3.59857       3.58777    0.00834187
28       3.64808       3.58993      0.008322
29       3.59536       3.59011     0.0080321
30       3.52327       3.58789    0.00807326
31       3.53526       3.58619    0.00799089
32       3.60614       3.58681    0.00776224
33       3.56085       3.58602    0.00756437
34       3.66302       3.58829       0.00768
35       3.60216       3.58869    0.00746787
36        3.6449       3.59025    0.00742352
37       3.61576       3.59094    0.00725295
38       3.62537       3.59184    0.00711741
39       3.53266       3.59032    0.00709668
40       3.60633       3.59073    0.00692855
41       3.56033       3.58998    0.00679798
42        3.6246       3.59081    0.00668514
43       3.48286        3.5883    0.00699391
44       3.63707       3.58941    0.00692244
45       3.51368       3.58772    0.00697296
46       3.55451         3.587     0.0068578
47       3.55435       3.58631    0.00674617
48       3.55935       3.58574    0.00662797
49       3.58876       3.58581    0.00649159
50       3.67259       3.58754    0.00659301
51       3.63336       3.58844    0.00652458
52       3.52744       3.58727    0.00650452
53       3.61481       3.58779    0.00640174
54       3.52837       3.58669     0.0063777
55       3.61931       3.58728     0.0062887
56       3.49559       3.58564    0.00638876
57       3.61862       3.58622    0.00630229
58       3.50699       3.58485    0.00634157
59       3.57833       3.58474    0.00623414
60       3.55287       3.58421    0.00615234
61       3.62288       3.58485    0.00608376
62       3.54911       3.58427    0.00601252
63       3.63789       3.58512    0.00597722
64       3.56631       3.58483    0.00589042
65       3.57966       3.58475    0.00579963
66       3.56876       3.58451    0.00571622
67        3.5795       3.58443    0.00563076
68       3.55103       3.58394    0.00556904
69       3.60942       3.58431    0.00550014
70       3.58438       3.58431      0.005421
71       3.60412       3.58459    0.00535138
72       3.57466       3.58445    0.00527833
73       3.56775       3.58422    0.00521055
74       3.57706       3.58413    0.00514056
75       3.56465       3.58387    0.00507821
76       3.60127        3.5841    0.00501617
77        3.5401       3.58352    0.00498346
78        3.5841       3.58353    0.00491917
79       3.60524       3.58381    0.00486427
80       3.57703       3.58372    0.00480383
81       3.62646       3.58425     0.0047734
82       3.56269       3.58399    0.00472216
83       3.56798       3.58379     0.0046689
84       3.63127       3.58436    0.00464748
85       3.56457       3.58413    0.00459838
86       3.57199       3.58398    0.00454678
87       3.62926        3.5845    0.00452424
88       3.59721       3.58465    0.00447486
89        3.5927       3.58474    0.00442522
90       3.61234       3.58505    0.00438651
91       3.52356       3.58437    0.00439033
92       3.55461       3.58405    0.00435439
93       3.58124       3.58402    0.00430742
94       3.61665       3.58436    0.00427547
95        3.5998       3.58453    0.00423334
96       3.59294       3.58461    0.00418993
97       3.63198        3.5851    0.00417516
98       3.60246       3.58528    0.00413613
99       3.60707        3.5855    0.00410005
100       3.57228       3.58537      0.004061
