1      0.066996      0.066996             0
2     0.0796884     0.0733422     0.0063462
3     0.0730848     0.0732564    0.00366498
4     0.0728244     0.0731484    0.00259378
5     0.0665204     0.0718228    0.00240704
6     0.0670764     0.0710317    0.00211857
7     0.0773456     0.0719337    0.00200488
8     0.0641952     0.0709664    0.00198755
9       0.06725     0.0705535    0.00180084
10       0.07418     0.0709161    0.00165104
11     0.0735024     0.0711512    0.00151181
12     0.0741992     0.0714052    0.00140327
13     0.0725536     0.0714936    0.00129384
14     0.0667172     0.0711524     0.0012455
15     0.0768584     0.0715328     0.0012203
16      0.072664     0.0716035    0.00114368
17     0.0731032     0.0716917    0.00107791
18     0.0719588     0.0717066    0.00101637
19      0.063994     0.0713006    0.00104358
20     0.0794552     0.0717084     0.0010707
21      0.071698     0.0717079    0.00101843
22      0.076338     0.0719183   0.000993585
23      0.068726     0.0717795   0.000959495
24      0.068458     0.0716411   0.000929013
25     0.0684664     0.0715141   0.000900082
26     0.0696964     0.0714442   0.000867592
27     0.0681324     0.0713216   0.000843804
28      0.069694     0.0712634   0.000815185
29     0.0731468     0.0713284   0.000789249
30     0.0710504     0.0713191   0.000762543
31     0.0648076     0.0711091   0.000766863
32     0.0682916      0.071021   0.000747714
33     0.0749968     0.0711415   0.000734648
34      0.067416     0.0710319   0.000721087
35     0.0666728     0.0709074   0.000711172
36     0.0800816     0.0711622   0.000736621
37      0.070172     0.0711355   0.000716936
38     0.0761836     0.0712683   0.000710347
39     0.0650016     0.0711076   0.000710307
40     0.0737612      0.071174   0.000695492
41     0.0755092     0.0712797   0.000686509
42     0.0707452      0.071267   0.000670085
43     0.0717364     0.0712779   0.000654407
44     0.0727024     0.0713103    0.00064018
45     0.0751168     0.0713949   0.000631484
46     0.0755044     0.0714842   0.000624031
47     0.0651828     0.0713501   0.000625156
48     0.0738856     0.0714029   0.000614268
49     0.0686524     0.0713468   0.000604215
50     0.0742488     0.0714048   0.000594845
51     0.0718476     0.0714135    0.00058313
52      0.065244     0.0712949   0.000583985
53       0.07417     0.0713491   0.000575423
54     0.0727624     0.0713753   0.000565273
55     0.0706504     0.0713621   0.000555056
56     0.0719588     0.0713728   0.000545159
57     0.0799744     0.0715237   0.000556366
58     0.0679388     0.0714619   0.000550172
59     0.0715272      0.071463   0.000540768
60     0.0730176     0.0714889   0.000532309
61     0.0704112     0.0714712   0.000523808
62        0.0675     0.0714072   0.000519256
63      0.071574     0.0714098   0.000510954
64     0.0670392     0.0713415   0.000507523
65       0.06937     0.0713112   0.000500574
66      0.080194     0.0714458   0.000510974
67     0.0687912     0.0714062   0.000504847
68      0.067612     0.0713504   0.000500487
69     0.0723716     0.0713652   0.000493403
70      0.073462     0.0713951   0.000487225
71     0.0731792     0.0714203    0.00048097
72     0.0669876     0.0713587   0.000478222
73      0.067786     0.0713097   0.000474158
74     0.0728044     0.0713299   0.000468143
75     0.0756872      0.071388   0.000465498
76     0.0704064     0.0713751   0.000459514
77     0.0727252     0.0713927   0.000453846
78     0.0655152     0.0713173   0.000454283
79       0.07302     0.0713389   0.000449013
80     0.0753912     0.0713895   0.000446249
81     0.0698188     0.0713701   0.000441132
82      0.077164     0.0714408   0.000441411
83      0.072112     0.0714489   0.000436135
84     0.0677128     0.0714044   0.000433201
85     0.0726076     0.0714185   0.000428308
86      0.070188     0.0714042    0.00042354
87     0.0768992     0.0714674   0.000423381
88     0.0697424     0.0714478   0.000419001
89     0.0764688     0.0715042    0.00041809
90     0.0669232     0.0714533    0.00041654
91     0.0735244     0.0714761   0.000412566
92     0.0691392     0.0714507   0.000408847
93     0.0719036     0.0714555   0.000404456
94      0.067938     0.0714181   0.000401876
95     0.0728548     0.0714332   0.000397911
96     0.0786928     0.0715089    0.00040094
97      0.067372     0.0714662    0.00039907
98     0.0697144     0.0714483   0.000395382
99     0.0720224     0.0714541    0.00039141
100     0.0744452      0.071484   0.000388629
