1      0.341323      0.341323             0
2       0.34392      0.342621    0.00129857
3      0.345351      0.343531    0.00117896
4       0.34364      0.343558   0.000834095
5      0.348882      0.344623    0.00124538
6      0.345291      0.344735    0.00102293
7      0.346527      0.344991   0.000901664
8       0.34169      0.344578   0.000883135
9      0.345464      0.344677   0.000785051
10      0.342312       0.34444   0.000740928
11      0.344485      0.344444   0.000670207
12      0.343569      0.344371   0.000616141
13      0.346135      0.344507   0.000582782
14      0.344103      0.344478   0.000540324
15       0.34365      0.344423   0.000506036
16      0.338584      0.344058   0.000597697
17       0.34008      0.343824   0.000608242
18       0.34268       0.34376   0.000576965
19       0.34302      0.343721   0.000547142
20      0.344728      0.343772   0.000521497
21      0.346644      0.343908   0.000514548
22      0.347466       0.34407   0.000516571
23      0.342631      0.344008    0.00049755
24      0.344778       0.34404   0.000477448
25      0.345237      0.344088    0.00046045
26      0.345937      0.344159    0.00044807
27      0.345081      0.344193   0.000432507
28      0.343375      0.344164   0.000417797
29      0.343372      0.344136   0.000404057
30      0.342919      0.344096   0.000392461
31      0.343219      0.344068   0.000380643
32      0.347889      0.344187   0.000387422
33      0.345826      0.344237   0.000378768
34      0.347846      0.344343   0.000382483
35      0.345522      0.344376   0.000372919
36      0.350294      0.344541   0.000397946
37      0.345672      0.344571   0.000388247
38      0.346155      0.344613   0.000380182
39      0.346661      0.344666   0.000374009
40       0.34527      0.344681   0.000364852
41      0.345709      0.344706   0.000356725
42      0.344824      0.344709   0.000348139
43      0.345594      0.344729   0.000340569
44      0.343895       0.34471   0.000333278
45      0.345423      0.344726   0.000326173
46      0.342553      0.344679   0.000322481
47      0.343138      0.344646   0.000317243
48      0.346086      0.344676   0.000312009
49      0.346572      0.344715   0.000308015
50       0.34643      0.344749   0.000303735
51      0.347609      0.344805   0.000302955
52      0.340672      0.344726   0.000307519
53      0.343847      0.344709   0.000302116
54      0.347755      0.344765   0.000301785
55      0.347295      0.344811   0.000299795
56      0.343837      0.344794   0.000294907
57      0.342704      0.344757   0.000291998
58      0.339987      0.344675   0.000298476
59      0.345916      0.344696   0.000294127
60      0.343839      0.344682   0.000289536
61      0.340028      0.344606   0.000294792
62      0.341117      0.344549   0.000295405
63      0.336927      0.344428   0.000314852
64      0.345083      0.344439   0.000310062
65      0.343247       0.34442   0.000305805
66      0.343307      0.344403   0.000301608
67      0.346169       0.34443   0.000298239
68      0.339818      0.344362   0.000301544
69      0.344676      0.344367   0.000297177
70      0.342662      0.344342   0.000293911
71      0.345065      0.344352   0.000289921
72      0.344904       0.34436   0.000285969
73      0.345482      0.344375   0.000282443
74      0.342387      0.344348   0.000279893
75      0.343376      0.344336    0.00027644
76      0.343667      0.344327    0.00027292
77      0.344667      0.344331   0.000269388
78      0.340177      0.344278   0.000271193
79      0.340697      0.344233   0.000271548
80      0.345073      0.344243   0.000268338
81      0.342021      0.344216    0.00026642
82       0.34652      0.344244   0.000264648
83      0.349041      0.344302   0.000267753
84      0.343601      0.344293   0.000264677
85      0.344901        0.3443   0.000261643
86      0.344071      0.344298   0.000258596
87      0.346908      0.344328   0.000257361
88      0.347417      0.344363    0.00025683
89      0.344478      0.344364   0.000253931
90      0.348043      0.344405   0.000254399
91      0.345439      0.344416   0.000251844
92      0.341958       0.34439   0.000250521
93      0.338448      0.344326   0.000255915
94      0.346711      0.344351   0.000254446
95      0.342139      0.344328   0.000252828
96      0.347507      0.344361   0.000252363
97      0.347092      0.344389    0.00025133
98      0.343352      0.344378   0.000248977
99       0.34471      0.344382   0.000246472
100      0.342476      0.344363   0.000244737
