1       5.66463       5.66463             0
2       5.65392       5.65927    0.00535564
3       5.65887       5.65914    0.00309498
4       5.69274       5.66754    0.00868135
5       5.63483         5.661    0.00938203
6       5.53282       5.63963     0.0226949
7       5.55474       5.62751     0.0226931
8        5.6773       5.63373     0.0206149
9       5.67991       5.63886     0.0188909
10        5.5576       5.63074     0.0187491
11       5.56916       5.62514     0.0178591
12       5.59059       5.62226     0.0165553
13       5.79381       5.63546     0.0201509
14       5.69386       5.63963     0.0191168
15       5.70008       5.64366     0.0182474
16       5.68722       5.64638     0.0172846
17       5.55075       5.64075     0.0171829
18       5.62003        5.6396     0.0162411
19       5.53889        5.6343     0.0162514
20        5.5931       5.63224     0.0155544
21       5.64084       5.63265     0.0148009
22       5.60641       5.63146     0.0141624
23       5.56841       5.62872     0.0138075
24        5.5322        5.6247     0.0138178
25       5.74577       5.62954     0.0141107
26       5.45444        5.6228     0.0151377
27       5.49118       5.61793     0.0153604
28       5.59968       5.61728      0.014816
29       5.49953       5.61322     0.0148613
30       5.55317       5.61122     0.0144963
31       5.70613       5.61428     0.0143512
32       5.67731       5.61625     0.0140345
33       5.60411       5.61588     0.0136075
34        5.6519       5.61694     0.0132437
35       5.65437       5.61801     0.0129041
36       5.53781       5.61578     0.0127369
37       5.59882       5.61532     0.0123963
38       5.49923       5.61227     0.0124465
39       5.53656       5.61033     0.0122776
40       5.63396       5.61092     0.0119813
41       5.47867       5.60769     0.0121224
42       5.66816       5.60913     0.0119175
43       5.56977       5.60822      0.011673
44       5.62278       5.60855     0.0114094
45       5.55823       5.60743     0.0112089
46       5.62628       5.60784     0.0109702
47       5.62633       5.60823     0.0107415
48       5.46076       5.60516      0.010955
49       5.50642       5.60314     0.0109167
50       5.46645       5.60041       0.01104
51       5.66211       5.60162     0.0108887
52       5.55614       5.60075     0.0107131
53       5.63381       5.60137     0.0105275
54       5.60142       5.60137     0.0103307
55       5.67575       5.60272     0.0102309
56       5.55884       5.60194      0.010077
57       5.66589       5.60306    0.00996206
58       5.67704       5.60434    0.00987153
59       5.58986       5.60409    0.00970588
60       5.61025       5.60419    0.00954329
61       5.58012        5.6038    0.00939384
62       5.50556       5.60221    0.00937594
63       5.70459       5.60384    0.00936793
64       5.59483        5.6037    0.00922147
65       5.58777       5.60345     0.0090818
66       5.55299       5.60269    0.00897576
67       5.57187       5.60223    0.00885273
68       5.64246       5.60282    0.00874162
69       5.82969       5.60611     0.0092202
70        5.5761       5.60568    0.00909763
71       5.54419       5.60481     0.0090103
72        5.6566       5.60553    0.00891334
73       5.58815        5.6053    0.00879362
74       5.56568       5.60476    0.00869047
75       5.45184       5.60272    0.00881292
76       5.60457       5.60275    0.00869622
77       5.59371       5.60263    0.00858334
78       5.58426       5.60239    0.00847586
79       5.56201       5.60188    0.00838348
80       5.53526       5.60105    0.00831981
81       5.68527       5.60209    0.00828198
82       5.50598       5.60092    0.00826389
83       5.69704       5.60207    0.00824546
84       5.78906        5.6043    0.00844536
85       5.67032       5.60508    0.00838148
86       5.57053       5.60468    0.00829318
87       5.52414       5.60375     0.0082494
88       5.70055       5.60485    0.00822897
89       5.49554       5.60362    0.00822816
90       5.44151       5.60182    0.00833322
91       5.63775       5.60222    0.00825059
92       5.60428       5.60224    0.00816045
93       5.76531       5.60399    0.00826047
94       5.73642        5.6054    0.00829267
95       5.68108        5.6062     0.0082435
96       5.79206       5.60813    0.00838378
97       5.58926       5.60794    0.00829918
98       5.54515        5.6073    0.00823901
99       5.64715        5.6077    0.00816529
100       5.65764        5.6082    0.00809864
