1      0.107368      0.107368             0
2       0.11955      0.113459      0.006091
3      0.103212      0.110043     0.0049024
4      0.108004      0.109533    0.00350381
5      0.116185      0.110864    0.00302259
6      0.119535      0.112309    0.00285995
7      0.108036      0.111698      0.002493
8      0.108882      0.111346     0.0021875
9      0.107322      0.110899    0.00198035
10      0.110479      0.110857    0.00177177
11      0.124291      0.112078    0.00201493
12      0.114121      0.112249    0.00184723
13      0.114136      0.112394     0.0017054
14      0.116414      0.112681    0.00160479
15       0.11505      0.112839    0.00150231
16      0.115666      0.113016    0.00141635
17      0.110886       0.11289    0.00133631
18      0.117359      0.113139    0.00128412
19      0.112511      0.113106     0.0012151
20      0.109258      0.112913    0.00116869
21      0.111008      0.112823    0.00111534
22      0.103189      0.112385    0.00115006
23      0.114963      0.112497    0.00110463
24      0.111835      0.112469    0.00105796
25       0.10938      0.112346    0.00102225
26      0.116649      0.112511   0.000995997
27      0.119121      0.112756    0.00098917
28        0.1006      0.112322     0.0010474
29      0.112365      0.112323    0.00101064
30      0.109953      0.112244    0.00097956
31      0.111853      0.112232   0.000947519
32       0.11089       0.11219   0.000918389
33      0.113151      0.112219   0.000890601
34      0.117223      0.112366   0.000876455
35      0.119752      0.112577   0.000876816
36      0.110524       0.11252   0.000854018
37       0.11471      0.112579   0.000832722
38      0.121118      0.112804   0.000841085
39      0.102114       0.11253   0.000863876
40      0.104518      0.112329   0.000865494
41      0.114369      0.112379   0.000845585
42      0.112101      0.112373   0.000825233
43      0.119809      0.112546   0.000824163
44      0.121146      0.112741   0.000828601
45      0.113981      0.112769   0.000810447
46      0.109603        0.1127   0.000795614
47      0.095728      0.112339   0.000858172
48      0.116289      0.112421   0.000844125
49      0.105543      0.112281    0.00083855
50      0.115783      0.112351   0.000824588
51      0.113407      0.112371   0.000808523
52      0.108494      0.112297   0.000796321
53      0.110049      0.112254   0.000782302
54      0.110044      0.112213   0.000768769
55      0.105545      0.112092    0.00076434
56      0.100575      0.111887   0.000778233
57      0.120261      0.112033   0.000778449
58      0.114026      0.112068   0.000765681
59      0.111974      0.112066   0.000752593
60       0.10883      0.112012   0.000741906
61      0.106859      0.111928   0.000734517
62      0.104422      0.111807   0.000732643
63      0.119097      0.111922   0.000730148
64      0.120616      0.112058   0.000731375
65      0.108775      0.112008   0.000721805
66      0.114528      0.112046    0.00071181
67      0.109285      0.112005   0.000702315
68      0.115547      0.112057   0.000693868
69      0.100542       0.11189   0.000703811
70      0.114017       0.11192   0.000694349
71      0.119341      0.112025   0.000692432
72        0.1042      0.111916   0.000691344
73      0.117222      0.111989    0.00068567
74       0.10829      0.111939   0.000678186
75     0.0981012      0.111754   0.000694055
76      0.104335      0.111657   0.000691785
77      0.115995      0.111713   0.000685062
78      0.109026      0.111679   0.000677099
79      0.112349      0.111687   0.000668527
80      0.107372      0.111633   0.000662318
81      0.119011      0.111724   0.000660401
82      0.109587      0.111698   0.000652818
83      0.121864      0.111821   0.000656433
84      0.115664      0.111866   0.000650183
85       0.11671      0.111923   0.000645011
86      0.117156      0.111984   0.000640363
87      0.103467      0.111886   0.000640486
88       0.10955       0.11186   0.000633722
89      0.109976      0.111839   0.000626918
90      0.122031      0.111952   0.000630173
91      0.106737      0.111895   0.000625839
92      0.114994      0.111928   0.000619915
93       0.10767      0.111883    0.00061492
94      0.108759      0.111849    0.00060925
95      0.106328      0.111791   0.000605598
96      0.117593      0.111852   0.000602296
97      0.110399      0.111837   0.000596243
98      0.110449      0.111822   0.000590297
99      0.109617        0.1118   0.000584728
100      0.104099      0.111723   0.000583952
