1      0.393463      0.393463             0
2      0.398336      0.395899    0.00243613
3      0.390583      0.394127    0.00226249
4      0.398431      0.395203    0.00192799
5      0.398882      0.395939    0.00166486
6      0.397772      0.396245    0.00139326
7      0.394921      0.396055    0.00119261
8      0.401688      0.396759    0.00124997
9      0.392132      0.396245    0.00121639
10       0.39536      0.396157    0.00109157
11      0.396274      0.396167    0.00098742
12      0.400433      0.396523   0.000968942
13       0.39941      0.396745   0.000918545
14      0.401403      0.397078   0.000913167
15      0.396931      0.397068   0.000850168
16      0.394272      0.396893   0.000814226
17      0.394731      0.396766   0.000775338
18      0.398845      0.396881   0.000740068
19      0.398658      0.396975   0.000706249
20       0.39259      0.396756   0.000704962
21      0.393704       0.39661    0.00068612
22      0.397155      0.396635   0.000654658
23      0.395315      0.396578   0.000628175
24      0.391907      0.396383   0.000632137
25      0.394528      0.396309   0.000610851
26      0.394767       0.39625   0.000589876
27      0.400274      0.396399   0.000586857
28      0.390752      0.396197   0.000600398
29      0.398883       0.39629   0.000586682
30      0.397035      0.396314   0.000567334
31      0.396137      0.396309   0.000548757
32      0.396638      0.396319   0.000531431
33      0.396495      0.396324   0.000515103
34      0.396726      0.396336   0.000499863
35      0.399553      0.396428   0.000493999
36       0.39745      0.396456    0.00048092
37      0.392947      0.396362   0.000477262
38      0.395258      0.396333    0.00046544
39      0.395059        0.3963   0.000454524
40      0.396737      0.396311   0.000443149
41      0.396418      0.396313   0.000432214
42      0.395139      0.396286   0.000422723
43      0.399589      0.396362   0.000419863
44      0.400739      0.396462   0.000422097
45      0.398376      0.396504   0.000414797
46      0.400644      0.396594   0.000415541
47       0.40824      0.396842   0.000476155
48      0.395916      0.396823   0.000466528
49      0.396699       0.39682   0.000456915
50      0.391552      0.396715   0.000459914
51      0.398163      0.396743     0.0004517
52      0.400707       0.39682   0.000449441
53      0.399861      0.396877   0.000444598
54      0.394666      0.396836   0.000438204
55      0.392494      0.396757   0.000437348
56      0.393362      0.396696   0.000433726
57      0.397101      0.396704   0.000426108
58      0.394674      0.396669   0.000420157
59      0.401216      0.396746   0.000420106
60      0.398467      0.396774    0.00041404
61      0.394689       0.39674   0.000408628
62      0.394268        0.3967   0.000403957
63      0.397353      0.396711   0.000397628
64      0.393726      0.396664   0.000394135
65      0.403199      0.396764   0.000400837
66      0.399053      0.396799   0.000396237
67      0.398944      0.396831   0.000391589
68      0.394896      0.396803   0.000386836
69      0.400997      0.396864   0.000386005
70       0.39308      0.396809   0.000384271
71      0.398191      0.396829    0.00037932
72      0.398136      0.396847   0.000374455
73       0.40206      0.396918   0.000376131
74       0.39714      0.396921   0.000371025
75      0.397305      0.396927   0.000366081
76      0.399387      0.396959   0.000362679
77      0.399695      0.396994   0.000359697
78      0.398235       0.39701   0.000355411
79      0.400094      0.397049   0.000353049
80      0.396603      0.397044   0.000348652
81      0.401337      0.397097   0.000348377
82      0.399211      0.397123   0.000345067
83      0.395382      0.397102   0.000341529
84      0.396091       0.39709   0.000337653
85      0.399011      0.397112   0.000334422
86      0.394694      0.397084   0.000331705
87      0.394403      0.397053   0.000329314
88       0.39872      0.397072   0.000326101
89      0.394053      0.397038   0.000324196
90      0.397273      0.397041   0.000320584
91       0.39989      0.397072   0.000318585
92      0.397919      0.397081   0.000315237
93      0.395533      0.397065   0.000312273
94      0.400214      0.397098   0.000310745
95      0.397453      0.397102   0.000307479
96       0.39766      0.397108   0.000304315
97      0.398721      0.397124    0.00030162
98      0.399856      0.397152   0.000299824
99      0.395297      0.397134   0.000297371
100      0.392418      0.397086   0.000298135
