1     -0.721064     -0.721064             0
2     -0.720464     -0.720764        0.0003
3     -0.720232     -0.720587   0.000247885
4     -0.721219     -0.720745   0.000236071
5     -0.720542     -0.720704   0.000187322
6     -0.720162     -0.720614   0.000177611
7      -0.72065     -0.720619     0.0001502
8     -0.721712     -0.720756   0.000188636
9     -0.721458     -0.720834   0.000183734
10     -0.720396      -0.72079   0.000170066
11     -0.721454      -0.72085   0.000165239
12     -0.720141     -0.720791   0.000162014
13     -0.721879     -0.720875   0.000170926
14     -0.722081     -0.720961   0.000180173
15     -0.721194     -0.720977   0.000168452
16     -0.721233     -0.720993   0.000158384
17     -0.721086     -0.720998   0.000148879
18      -0.72109     -0.721003   0.000140458
19     -0.721375     -0.721023   0.000134295
20     -0.720493     -0.720996    0.00013013
21     -0.720655      -0.72098   0.000124839
22     -0.720706     -0.720968   0.000119681
23     -0.721226     -0.720979   0.000114912
24     -0.721245      -0.72099   0.000110576
25     -0.721881     -0.721026   0.000111888
26     -0.720225     -0.720995   0.000111823
27     -0.719882     -0.720954    0.00011523
28     -0.720762     -0.720947   0.000111248
29      -0.72014     -0.720919   0.000110889
30     -0.720914     -0.720919   0.000107129
31     -0.720541     -0.720907    0.00010433
32     -0.720296     -0.720887   0.000102803
33     -0.721225     -0.720898   0.000100162
34     -0.720055     -0.720873   0.000100281
35     -0.721656     -0.720895   9.99112e-05
36     -0.720068     -0.720872   9.97785e-05
37     -0.720667     -0.720867   9.72025e-05
38     -0.721316     -0.720879   9.53458e-05
39      -0.72053      -0.72087   9.32969e-05
40     -0.720345     -0.720857   9.18763e-05
41     -0.721088     -0.720862   8.97851e-05
42     -0.720621     -0.720856   8.78096e-05
43     -0.721548     -0.720873   8.72385e-05
44     -0.720199     -0.720857   8.65955e-05
45      -0.72193     -0.720881   8.79399e-05
46     -0.720175     -0.720866    8.7365e-05
47     -0.720518     -0.720858   8.58062e-05
48     -0.719632     -0.720833   8.77986e-05
49     -0.720027     -0.720816   8.75455e-05
50     -0.719862     -0.720797   8.78727e-05
51      -0.72018     -0.720785   8.69785e-05
52     -0.720738     -0.720784   8.52944e-05
53     -0.721029     -0.720789   8.37967e-05
54     -0.720562     -0.720785   8.23379e-05
55     -0.721021     -0.720789    8.0941e-05
56      -0.71995     -0.720774   8.08805e-05
57      -0.72088     -0.720776   7.94707e-05
58     -0.719952     -0.720762   7.93697e-05
59     -0.719961     -0.720748   7.91847e-05
60     -0.720866      -0.72075   7.78788e-05
61     -0.720082     -0.720739   7.73694e-05
62     -0.720862     -0.720741   7.61369e-05
63     -0.721698     -0.720756   7.64443e-05
64     -0.722659     -0.720786   8.09027e-05
65     -0.720534     -0.720782   7.97422e-05
66     -0.719986      -0.72077   7.94466e-05
67     -0.719228     -0.720747   8.15662e-05
68     -0.720056     -0.720737   8.09977e-05
69     -0.721696     -0.720751   8.10167e-05
70     -0.720829     -0.720752   7.98587e-05
71     -0.720617      -0.72075   7.87489e-05
72     -0.721096     -0.720755   7.77961e-05
73     -0.719328     -0.720735   7.91733e-05
74     -0.720318      -0.72073   7.82989e-05
75     -0.719562     -0.720714   7.87998e-05
76     -0.721382     -0.720723   7.82519e-05
77     -0.720302     -0.720717   7.74217e-05
78     -0.721419     -0.720726   7.69505e-05
79     -0.720149     -0.720719   7.63212e-05
80     -0.720898     -0.720721   7.53942e-05
81      -0.71985     -0.720711   7.52298e-05
82      -0.71989     -0.720701   7.49768e-05
83     -0.720723     -0.720701   7.40684e-05
84     -0.720371     -0.720697   7.32865e-05
85     -0.721431     -0.720706   7.29326e-05
86     -0.721529     -0.720715   7.27125e-05
87     -0.719624     -0.720703   7.29579e-05
88     -0.720001     -0.720695   7.25635e-05
89     -0.720218     -0.720689   7.19428e-05
90     -0.720251     -0.720684   7.13052e-05
91     -0.720928     -0.720687   7.05681e-05
92      -0.72055     -0.720686   6.98126e-05
93     -0.721619     -0.720696   6.97838e-05
94     -0.720565     -0.720694   6.90515e-05
95     -0.722133     -0.720709   6.99789e-05
96     -0.722436     -0.720727   7.15438e-05
97     -0.720494     -0.720725   7.08434e-05
98     -0.719799     -0.720715   7.07502e-05
99     -0.721393     -0.720722   7.03653e-05
100      -0.72131     -0.720728   6.99059e-05
