 3913.63
 2804.17
 2313.55
 1922.79
 1612.54
 1399.5
 1325.75
 1295.13
 1246.5
 1159.36
 1068.42
 984.75
 920.305
 878.377
 842.756
 807.975
 769.308
 716.19
 652.787
 605.406
 579.252
 559.766
 545.476
 536.248
 528.348
 523.572
 518.443
 513.333
 506.377
 498.288
 492.107
 485.862
 479.503
 474.339
 470.464
 466.943
 463.758
 462.307
 461.283
 460.127
 459.686
 459.138
 458.685
 458.341
 457.884
 457.435
 456.732
 455.928
 455.475
 455.011
 454.219
 453.653
 453.037
 452.29
 451.415
 450.986
 449.997
 449.014
 448.326
 447.398
 446.283
 445.851
 444.897
 444.182
 443.523
 442.959
 442.348
 442.158
 441.692
 441.299
 441.13
 440.843
 440.399
 439.999
 439.723
 438.869
 438.192
 437.609
 436.907
 436.269
 434.819
 432.83
 431.46
 429.763
 427.73
 425.986
 423.069
 420.767
 418.196
 416.286
 414.863
 413.056
 411.951
 410.685
 409.776
 408.854
 408.345
 408.014
 407.934
 407.832
