 3913.63
 2801.07
 2253.3
 1898.76
 1607.18
 1486.23
 1406.49
 1317.25
 1233.57
 1164.39
 1096.78
 1022.53
 970.033
 915.557
 843.775
 722.232
 656.243
 638.665
 628.054
 618.07
 609.022
 599.946
 590.974
 583.018
 575.69
 568.356
 561.998
 555.381
 549.167
 543.961
 539.364
 534.775
 530.242
 526.514
 523.224
 520.242
 517.145
 514.196
 511.087
 508.042
 504.868
 502.687
 500.259
 498.392
 496.806
 495.56
 494.459
 493.5
 492.504
 491.632
 490.836
 490.1
 489.106
 487.948
 486.61
 485.522
 484.347
 483.4
 482.165
 480.611
 479.647
 478.423
 476.243
 475.049
 473.923
 473.056
 471.804
 470.257
 469.121
 467.697
 465.872
 464.291
 462.137
 460.901
 458.975
 457.152
 456.127
 453.579
 452.169
 450.813
 449.584
 447.698
 444.808
 443.067
 442.533
 442.39
 442.262
 442.19
 442.123
 442.064
 441.953
 441.96
 441.882
 441.83
 441.798
 441.791
 441.805
 441.704
 441.69
 441.639
