2483.74
1977.94
1651.27
1314.88
1201.77
1120.63
1079.35
997.391
929.191
813.604
782.743
704.788
688.339
656.135
611.372
553.432
537.229
511.86
473.683
473.683
470.05
451.649
451.649
435.174
434.017
426.693
426.693
426.693
422.718
422.718
422.718
413.569
413.569
413.569
413.569
413.569
413.569
413.569
413.569
413.569
413.569
413.569
408.658
408.658
408.658
408.658
408.658
408.325
408.325
408.325
408.325
408.325
408.325
408.325
408.325
408.325
408.325
408.325
407.631
407.631
395.738
395.738
395.738
395.738
395.738
395.738
395.738
395.738
395.738
395.695
395.695
395.695
395.695
395.695
395.695
395.695
395.695
395.695
395.695
395.695
395.001
395.001
395.001
395.001
395.001
395.001
395.001
395.001
395.001
380.694
380.694
380.694
380.694
380.694
380.694
380.694
380.694
380.694
380.694
380.694
