1212.5351
570.18445
515.52604
389.67209
389.67209
388.38852
384.34592
384.34592
384.34592
384.34592
384.34592
384.34592
384.34592
384.34592
384.34592
384.34592
384.34592
384.34592
384.34592
384.34592
384.34592
384.34592
384.34592
384.34592
384.34592
384.34592
384.34592
384.34592
384.34592
384.34592
384.34592
384.34592
384.34592
384.34592
384.34592
384.34592
384.34592
384.34592
384.34592
384.34592
384.34592
384.34592
384.34592
384.34592
384.34592
384.34592
384.34592
384.34592
384.34592
384.34592
384.34592
384.34592
384.34592
384.34592
384.34592
384.34592
384.34592
384.34592
384.34592
384.34592
384.34592
384.34592
384.34592
384.34592
384.34592
384.34592
384.34592
384.34592
384.34592
384.34592
384.34592
384.34592
384.34592
384.34592
384.34592
384.34592
384.34592
384.34592
384.34592
384.34592
384.34592
384.34592
384.34592
384.34592
384.34592
384.34592
384.34592
384.34592
384.34592
384.34592
384.34592
384.34592
384.34592
384.34592
384.34592
384.34592
384.34592
384.34592
384.34592
384.34592
